 ,Label,Area,Mean,Min,Max
1,G3_01_1_1_Chlorophyll_A_001_phosphate_plate4.tif,1,960.000,960,960
2,G3_01_1_1_Chlorophyll_A_001_phosphate_plate4.tif,2,1000.000,960,1040
3,G3_01_1_1_Chlorophyll_A_001_phosphate_plate4.tif,1,992.000,992,992
4,G3_01_1_1_Chlorophyll_A_001_phosphate_plate4.tif,3,1056.000,960,1168
5,G3_01_1_1_Chlorophyll_A_001_phosphate_plate4.tif,1,1152.000,1152,1152
6,G3_01_1_1_Chlorophyll_A_001_phosphate_plate4.tif,2,1040.000,1008,1072
7,G3_01_1_1_Chlorophyll_A_001_phosphate_plate4.tif,1,944.000,944,944
8,G3_01_1_1_Chlorophyll_A_001_phosphate_plate4.tif,1,992.000,992,992
9,G3_01_1_1_Chlorophyll_A_001_phosphate_plate4.tif,1,992.000,992,992
10,G3_01_1_1_Chlorophyll_A_001_phosphate_plate4.tif,2,992.000,944,1040
11,G3_01_1_1_Chlorophyll_A_001_phosphate_plate4.tif,1,960.000,960,960
12,G3_01_1_1_Chlorophyll_A_001_phosphate_plate4.tif,1,960.000,960,960
13,G3_01_1_1_Chlorophyll_A_001_phosphate_plate4.tif,4,964.000,944,992
14,G3_01_1_1_Chlorophyll_A_001_phosphate_plate4.tif,1,992.000,992,992
15,G3_01_1_1_Chlorophyll_A_001_phosphate_plate4.tif,1,1136.000,1136,1136
16,G3_01_1_1_Chlorophyll_A_001_phosphate_plate4.tif,1,1008.000,1008,1008
17,G3_01_1_1_Chlorophyll_A_001_phosphate_plate4.tif,1,960.000,960,960
18,G3_01_1_1_Chlorophyll_A_001_phosphate_plate4.tif,3,992.000,944,1024
19,G3_01_1_1_Chlorophyll_A_001_phosphate_plate4.tif,1,960.000,960,960
20,G3_01_1_1_Chlorophyll_A_001_phosphate_plate4.tif,1,960.000,960,960
21,G3_01_1_1_Chlorophyll_A_001_phosphate_plate4.tif,1,1008.000,1008,1008
22,G3_01_1_1_Chlorophyll_A_001_phosphate_plate4.tif,1,944.000,944,944
23,G3_01_1_1_Chlorophyll_A_001_phosphate_plate4.tif,1,944.000,944,944
24,G3_01_1_1_Chlorophyll_A_001_phosphate_plate4.tif,11,1115.636,944,1248
25,G3_01_1_1_Chlorophyll_A_001_phosphate_plate4.tif,16,1056.000,944,1168
26,G3_01_1_1_Chlorophyll_A_001_phosphate_plate4.tif,1,1120.000,1120,1120
27,G3_01_1_1_Chlorophyll_A_001_phosphate_plate4.tif,1,976.000,976,976
28,G3_01_1_1_Chlorophyll_A_001_phosphate_plate4.tif,1,976.000,976,976
29,G3_01_1_1_Chlorophyll_A_001_phosphate_plate4.tif,2,984.000,944,1024
30,G3_01_1_1_Chlorophyll_A_001_phosphate_plate4.tif,1,992.000,992,992
31,G3_01_1_1_Chlorophyll_A_001_phosphate_plate4.tif,1,1040.000,1040,1040
32,G3_01_1_1_Chlorophyll_A_001_phosphate_plate4.tif,2,1056.000,1040,1072
33,G3_01_1_1_Chlorophyll_A_001_phosphate_plate4.tif,1,992.000,992,992
34,G3_01_1_1_Chlorophyll_A_001_phosphate_plate4.tif,199,4282.211,944,35280
35,G3_01_1_1_Chlorophyll_A_001_phosphate_plate4.tif,1,944.000,944,944
36,G3_01_1_1_Chlorophyll_A_001_phosphate_plate4.tif,2,1000.000,976,1024
37,G3_01_1_1_Chlorophyll_A_001_phosphate_plate4.tif,1,992.000,992,992
38,G3_01_1_1_Chlorophyll_A_001_phosphate_plate4.tif,1,944.000,944,944
39,G3_01_1_1_Chlorophyll_A_001_phosphate_plate4.tif,1,976.000,976,976
40,G3_01_1_1_Chlorophyll_A_001_phosphate_plate4.tif,1,1008.000,1008,1008
41,G3_01_1_1_Chlorophyll_A_001_phosphate_plate4.tif,1,944.000,944,944
42,G3_01_1_1_Chlorophyll_A_001_phosphate_plate4.tif,2,1056.000,944,1168
43,G3_01_1_1_Chlorophyll_A_001_phosphate_plate4.tif,22,1131.636,944,1312
44,G3_01_1_1_Chlorophyll_A_001_phosphate_plate4.tif,23,1093.565,944,1264
45,G3_01_1_1_Chlorophyll_A_001_phosphate_plate4.tif,5,1049.600,992,1184
46,G3_01_1_1_Chlorophyll_A_001_phosphate_plate4.tif,7,989.714,944,1040
47,G3_01_1_1_Chlorophyll_A_001_phosphate_plate4.tif,3,997.333,944,1088
48,G3_01_1_1_Chlorophyll_A_001_phosphate_plate4.tif,1,1136.000,1136,1136
49,G3_01_1_1_Chlorophyll_A_001_phosphate_plate4.tif,1,992.000,992,992
50,G3_01_1_1_Chlorophyll_A_001_phosphate_plate4.tif,4,996.000,944,1024
51,G3_01_1_1_Chlorophyll_A_001_phosphate_plate4.tif,1,976.000,976,976
52,G3_01_1_1_Chlorophyll_A_001_phosphate_plate4.tif,3,1002.667,992,1008
53,G3_01_1_1_Chlorophyll_A_001_phosphate_plate4.tif,1,1008.000,1008,1008
54,G3_01_1_1_Chlorophyll_A_001_phosphate_plate4.tif,1,1008.000,1008,1008
55,G3_01_1_1_Chlorophyll_A_001_phosphate_plate4.tif,1,1072.000,1072,1072
56,G3_01_1_1_Chlorophyll_A_001_phosphate_plate4.tif,1,976.000,976,976
57,G3_01_1_1_Chlorophyll_A_001_phosphate_plate4.tif,1,1024.000,1024,1024
58,G3_01_1_1_Chlorophyll_A_001_phosphate_plate4.tif,1,992.000,992,992
59,G3_01_1_1_Chlorophyll_A_001_phosphate_plate4.tif,1,960.000,960,960
60,G3_01_1_1_Chlorophyll_A_001_phosphate_plate4.tif,1,1056.000,1056,1056
61,G3_01_1_1_Chlorophyll_A_001_phosphate_plate4.tif,2,1008.000,960,1056
62,G3_01_1_1_Chlorophyll_A_001_phosphate_plate4.tif,59,3494.780,944,13632
63,G3_01_1_1_Chlorophyll_A_001_phosphate_plate4.tif,1,960.000,960,960
64,G3_01_1_1_Chlorophyll_A_001_phosphate_plate4.tif,1,992.000,992,992
65,G3_01_1_1_Chlorophyll_A_001_phosphate_plate4.tif,1,944.000,944,944
66,G3_01_1_1_Chlorophyll_A_001_phosphate_plate4.tif,1,960.000,960,960
67,G3_01_1_1_Chlorophyll_A_001_phosphate_plate4.tif,1,944.000,944,944
68,G3_01_1_1_Chlorophyll_A_001_phosphate_plate4.tif,1,1056.000,1056,1056
69,G3_01_1_1_Chlorophyll_A_001_phosphate_plate4.tif,1,960.000,960,960
70,G3_01_1_1_Chlorophyll_A_001_phosphate_plate4.tif,1,976.000,976,976
71,G3_01_1_1_Chlorophyll_A_001_phosphate_plate4.tif,50,1096.000,944,1360
72,G3_01_1_1_Chlorophyll_A_001_phosphate_plate4.tif,9,1109.333,992,1456
73,G3_01_1_1_Chlorophyll_A_001_phosphate_plate4.tif,9,1047.111,960,1168
74,G3_01_1_1_Chlorophyll_A_001_phosphate_plate4.tif,2,976.000,944,1008
75,G3_01_1_1_Chlorophyll_A_001_phosphate_plate4.tif,3,960.000,960,960
76,G3_01_1_1_Chlorophyll_A_001_phosphate_plate4.tif,1,976.000,976,976
77,G3_01_1_1_Chlorophyll_A_001_phosphate_plate4.tif,2,1072.000,1040,1104
78,G3_01_1_1_Chlorophyll_A_001_phosphate_plate4.tif,1,960.000,960,960
79,G3_01_1_1_Chlorophyll_A_001_phosphate_plate4.tif,1,1024.000,1024,1024
80,G3_01_1_1_Chlorophyll_A_001_phosphate_plate4.tif,1,1072.000,1072,1072
81,G3_01_1_1_Chlorophyll_A_001_phosphate_plate4.tif,1,992.000,992,992
82,G3_01_1_1_Chlorophyll_A_001_phosphate_plate4.tif,2,952.000,944,960
83,G3_01_1_1_Chlorophyll_A_001_phosphate_plate4.tif,1,1040.000,1040,1040
84,G3_01_1_1_Chlorophyll_A_001_phosphate_plate4.tif,1,960.000,960,960
85,G3_01_1_1_Chlorophyll_A_001_phosphate_plate4.tif,1,976.000,976,976
86,G3_01_1_1_Chlorophyll_A_001_phosphate_plate4.tif,1,1072.000,1072,1072
87,G3_01_1_1_Chlorophyll_A_001_phosphate_plate4.tif,1,960.000,960,960
88,G3_01_1_1_Chlorophyll_A_001_phosphate_plate4.tif,2,984.000,944,1024
89,G3_01_1_1_Chlorophyll_A_001_phosphate_plate4.tif,1,1024.000,1024,1024
90,G3_01_1_1_Chlorophyll_A_001_phosphate_plate4.tif,1,1120.000,1120,1120
91,G3_01_1_1_Chlorophyll_A_001_phosphate_plate4.tif,46,1112.696,944,1360
92,G3_01_1_1_Chlorophyll_A_001_phosphate_plate4.tif,81,1144.494,944,1520
93,G3_01_1_1_Chlorophyll_A_001_phosphate_plate4.tif,5,1008.000,960,1088
94,G3_01_1_1_Chlorophyll_A_001_phosphate_plate4.tif,1,1088.000,1088,1088
95,G3_01_1_1_Chlorophyll_A_001_phosphate_plate4.tif,1,1008.000,1008,1008
96,G3_01_1_1_Chlorophyll_A_001_phosphate_plate4.tif,11,1013.818,944,1152
97,G3_01_1_1_Chlorophyll_A_001_phosphate_plate4.tif,1,944.000,944,944
98,G3_01_1_1_Chlorophyll_A_001_phosphate_plate4.tif,2,1080.000,1072,1088
99,G3_01_1_1_Chlorophyll_A_001_phosphate_plate4.tif,3,1040.000,960,1152
100,G3_01_1_1_Chlorophyll_A_001_phosphate_plate4.tif,2,1112.000,1104,1120
101,G3_01_1_1_Chlorophyll_A_001_phosphate_plate4.tif,1,960.000,960,960
102,G3_01_1_1_Chlorophyll_A_001_phosphate_plate4.tif,2,960.000,944,976
103,G3_01_1_1_Chlorophyll_A_001_phosphate_plate4.tif,1,976.000,976,976
104,G3_01_1_1_Chlorophyll_A_001_phosphate_plate4.tif,1,960.000,960,960
105,G3_01_1_1_Chlorophyll_A_001_phosphate_plate4.tif,109,3990.312,944,25312
106,G3_01_1_1_Chlorophyll_A_001_phosphate_plate4.tif,1,1104.000,1104,1104
107,G3_01_1_1_Chlorophyll_A_001_phosphate_plate4.tif,1,1008.000,1008,1008
108,G3_01_1_1_Chlorophyll_A_001_phosphate_plate4.tif,1,1024.000,1024,1024
109,G3_01_1_1_Chlorophyll_A_001_phosphate_plate4.tif,1,976.000,976,976
110,G3_01_1_1_Chlorophyll_A_001_phosphate_plate4.tif,1,960.000,960,960
111,G3_01_1_1_Chlorophyll_A_001_phosphate_plate4.tif,1,1024.000,1024,1024
112,G3_01_1_1_Chlorophyll_A_001_phosphate_plate4.tif,1,960.000,960,960
113,G3_01_1_1_Chlorophyll_A_001_phosphate_plate4.tif,1,960.000,960,960
114,G3_01_1_1_Chlorophyll_A_001_phosphate_plate4.tif,170,5721.882,960,33920
115,G3_01_1_1_Chlorophyll_A_001_phosphate_plate4.tif,1,992.000,992,992
116,G3_01_1_1_Chlorophyll_A_001_phosphate_plate4.tif,1,944.000,944,944
117,G3_01_1_1_Chlorophyll_A_001_phosphate_plate4.tif,23,1143.652,992,1328
118,G3_01_1_1_Chlorophyll_A_001_phosphate_plate4.tif,34,1117.176,960,1392
119,G3_01_1_1_Chlorophyll_A_001_phosphate_plate4.tif,5,1078.400,1024,1184
120,G3_01_1_1_Chlorophyll_A_001_phosphate_plate4.tif,51,1093.333,944,1424
121,G3_01_1_1_Chlorophyll_A_001_phosphate_plate4.tif,40,1049.600,944,1184
122,G3_01_1_1_Chlorophyll_A_001_phosphate_plate4.tif,1,1008.000,1008,1008
123,G3_01_1_1_Chlorophyll_A_001_phosphate_plate4.tif,1,1136.000,1136,1136
124,G3_01_1_1_Chlorophyll_A_001_phosphate_plate4.tif,2,992.000,960,1024
125,G3_01_1_1_Chlorophyll_A_001_phosphate_plate4.tif,1,1040.000,1040,1040
126,G3_01_1_1_Chlorophyll_A_001_phosphate_plate4.tif,1,960.000,960,960
127,G3_01_1_1_Chlorophyll_A_001_phosphate_plate4.tif,2,1016.000,976,1056
128,G3_01_1_1_Chlorophyll_A_001_phosphate_plate4.tif,111,4288.865,944,25088
129,G3_01_1_1_Chlorophyll_A_001_phosphate_plate4.tif,2,1008.000,1008,1008
130,G3_01_1_1_Chlorophyll_A_001_phosphate_plate4.tif,1,960.000,960,960
131,G3_01_1_1_Chlorophyll_A_001_phosphate_plate4.tif,1,944.000,944,944
132,G3_01_1_1_Chlorophyll_A_001_phosphate_plate4.tif,1,960.000,960,960
133,G3_01_1_1_Chlorophyll_A_001_phosphate_plate4.tif,1,960.000,960,960
134,G3_01_1_1_Chlorophyll_A_001_phosphate_plate4.tif,17,1082.353,944,1248
135,G3_01_1_1_Chlorophyll_A_001_phosphate_plate4.tif,33,1159.758,960,1328
136,G3_01_1_1_Chlorophyll_A_001_phosphate_plate4.tif,26,1107.692,944,1456
137,G3_01_1_1_Chlorophyll_A_001_phosphate_plate4.tif,16,1122.000,944,1344
138,G3_01_1_1_Chlorophyll_A_001_phosphate_plate4.tif,32,1122.500,960,1296
139,G3_01_1_1_Chlorophyll_A_001_phosphate_plate4.tif,19,1094.737,960,1424
140,G3_01_1_1_Chlorophyll_A_001_phosphate_plate4.tif,27,1097.481,960,1328
141,G3_01_1_1_Chlorophyll_A_001_phosphate_plate4.tif,1,960.000,960,960
142,G3_01_1_1_Chlorophyll_A_001_phosphate_plate4.tif,2,1160.000,1152,1168
143,G3_01_1_1_Chlorophyll_A_001_phosphate_plate4.tif,1,992.000,992,992
144,G3_01_1_1_Chlorophyll_A_001_phosphate_plate4.tif,1,976.000,976,976
145,G3_01_1_1_Chlorophyll_A_001_phosphate_plate4.tif,3,1002.667,960,1072
146,G3_01_1_1_Chlorophyll_A_001_phosphate_plate4.tif,1,1152.000,1152,1152
147,G3_01_1_1_Chlorophyll_A_001_phosphate_plate4.tif,74,3766.486,944,18064
148,G3_01_1_1_Chlorophyll_A_001_phosphate_plate4.tif,1,944.000,944,944
149,G3_01_1_1_Chlorophyll_A_001_phosphate_plate4.tif,2,992.000,960,1024
150,G3_01_1_1_Chlorophyll_A_001_phosphate_plate4.tif,95,3972.884,944,21136
151,G3_01_1_1_Chlorophyll_A_001_phosphate_plate4.tif,1,992.000,992,992
152,G3_01_1_1_Chlorophyll_A_001_phosphate_plate4.tif,20,1092.800,944,1264
153,G3_01_1_1_Chlorophyll_A_001_phosphate_plate4.tif,51,1116.549,944,1456
154,G3_01_1_1_Chlorophyll_A_001_phosphate_plate4.tif,17,1093.647,944,1248
155,G3_01_1_1_Chlorophyll_A_001_phosphate_plate4.tif,1,960.000,960,960
156,G3_01_1_1_Chlorophyll_A_001_phosphate_plate4.tif,1,976.000,976,976
157,G3_01_1_1_Chlorophyll_A_001_phosphate_plate4.tif,1,944.000,944,944
158,G3_01_1_1_Chlorophyll_A_001_phosphate_plate4.tif,1,1040.000,1040,1040
159,G3_01_1_1_Chlorophyll_A_001_phosphate_plate4.tif,3,970.667,960,976
160,G3_01_1_1_Chlorophyll_A_001_phosphate_plate4.tif,1,992.000,992,992
161,G3_01_1_1_Chlorophyll_A_001_phosphate_plate4.tif,1,1024.000,1024,1024
162,G3_01_1_1_Chlorophyll_A_001_phosphate_plate4.tif,1,992.000,992,992
163,G3_01_1_1_Chlorophyll_A_001_phosphate_plate4.tif,1,992.000,992,992
164,G3_01_1_1_Chlorophyll_A_001_phosphate_plate4.tif,1,944.000,944,944
165,G3_01_1_1_Chlorophyll_A_001_phosphate_plate4.tif,1,1008.000,1008,1008
166,G3_01_1_1_Chlorophyll_A_001_phosphate_plate4.tif,4,984.000,960,1024
167,G3_01_1_1_Chlorophyll_A_001_phosphate_plate4.tif,1,944.000,944,944
168,G3_01_1_1_Chlorophyll_A_001_phosphate_plate4.tif,1,1040.000,1040,1040
169,G3_01_1_1_Chlorophyll_A_001_phosphate_plate4.tif,1,944.000,944,944
170,G3_01_1_1_Chlorophyll_A_001_phosphate_plate4.tif,1,992.000,992,992
171,G3_01_1_1_Chlorophyll_A_001_phosphate_plate4.tif,49,1079.510,944,1376
172,G3_01_1_1_Chlorophyll_A_001_phosphate_plate4.tif,49,1126.857,944,1408
173,G3_01_1_1_Chlorophyll_A_001_phosphate_plate4.tif,104,1109.692,944,1376
174,G3_01_1_1_Chlorophyll_A_001_phosphate_plate4.tif,15,1127.467,944,1296
175,G3_01_1_1_Chlorophyll_A_001_phosphate_plate4.tif,13,1100.308,976,1312
176,G3_01_1_1_Chlorophyll_A_001_phosphate_plate4.tif,15,1064.533,960,1184
177,G3_01_1_1_Chlorophyll_A_001_phosphate_plate4.tif,51,1062.275,944,1296
178,G3_01_1_1_Chlorophyll_A_001_phosphate_plate4.tif,4,1068.000,1008,1152
179,G3_01_1_1_Chlorophyll_A_001_phosphate_plate4.tif,2,1016.000,976,1056
180,G3_01_1_1_Chlorophyll_A_001_phosphate_plate4.tif,1,976.000,976,976
181,G3_01_1_1_Chlorophyll_A_001_phosphate_plate4.tif,1,1120.000,1120,1120
182,G3_01_1_1_Chlorophyll_A_001_phosphate_plate4.tif,1,1056.000,1056,1056
183,G3_01_1_1_Chlorophyll_A_001_phosphate_plate4.tif,1,944.000,944,944
184,G3_01_1_1_Chlorophyll_A_001_phosphate_plate4.tif,1,1024.000,1024,1024
185,G3_01_1_1_Chlorophyll_A_001_phosphate_plate4.tif,1,1024.000,1024,1024
186,G3_01_1_1_Chlorophyll_A_001_phosphate_plate4.tif,1,944.000,944,944
187,G3_01_1_1_Chlorophyll_A_001_phosphate_plate4.tif,1,944.000,944,944
188,G3_01_1_1_Chlorophyll_A_001_phosphate_plate4.tif,243,4880.922,944,40384
189,G3_01_1_1_Chlorophyll_A_001_phosphate_plate4.tif,18,1117.333,960,1280
190,G3_01_1_1_Chlorophyll_A_001_phosphate_plate4.tif,18,1103.111,944,1344
191,G3_01_1_1_Chlorophyll_A_001_phosphate_plate4.tif,34,1029.647,944,1168
192,G3_01_1_1_Chlorophyll_A_001_phosphate_plate4.tif,1,1120.000,1120,1120
193,G3_01_1_1_Chlorophyll_A_001_phosphate_plate4.tif,2,952.000,944,960
194,G3_01_1_1_Chlorophyll_A_001_phosphate_plate4.tif,1,1024.000,1024,1024
195,G3_01_1_1_Chlorophyll_A_001_phosphate_plate4.tif,2,1040.000,1040,1040
196,G3_01_1_1_Chlorophyll_A_001_phosphate_plate4.tif,2,960.000,960,960
197,G3_01_1_1_Chlorophyll_A_001_phosphate_plate4.tif,1,960.000,960,960
198,G3_01_1_1_Chlorophyll_A_001_phosphate_plate4.tif,1,1008.000,1008,1008
199,G3_01_1_1_Chlorophyll_A_001_phosphate_plate4.tif,1,1024.000,1024,1024
200,G3_01_1_1_Chlorophyll_A_001_phosphate_plate4.tif,1,1040.000,1040,1040
201,G3_01_1_1_Chlorophyll_A_001_phosphate_plate4.tif,1,1008.000,1008,1008
202,G3_01_1_1_Chlorophyll_A_001_phosphate_plate4.tif,2,1000.000,976,1024
203,G3_01_1_1_Chlorophyll_A_001_phosphate_plate4.tif,52,1139.385,944,1440
204,G3_01_1_1_Chlorophyll_A_001_phosphate_plate4.tif,51,1050.039,960,1296
205,G3_01_1_1_Chlorophyll_A_001_phosphate_plate4.tif,1,944.000,944,944
206,G3_01_1_1_Chlorophyll_A_001_phosphate_plate4.tif,1,1104.000,1104,1104
207,G3_01_1_1_Chlorophyll_A_001_phosphate_plate4.tif,1,1088.000,1088,1088
208,G3_01_1_1_Chlorophyll_A_001_phosphate_plate4.tif,1,1120.000,1120,1120
209,G3_01_1_1_Chlorophyll_A_001_phosphate_plate4.tif,1,944.000,944,944
210,G3_01_1_1_Chlorophyll_A_001_phosphate_plate4.tif,1,944.000,944,944
211,G3_01_1_1_Chlorophyll_A_001_phosphate_plate4.tif,1,1040.000,1040,1040
212,G3_01_1_1_Chlorophyll_A_001_phosphate_plate4.tif,1,976.000,976,976
213,G3_01_1_1_Chlorophyll_A_001_phosphate_plate4.tif,1,992.000,992,992
214,G3_01_1_1_Chlorophyll_A_001_phosphate_plate4.tif,1,1040.000,1040,1040
215,G3_01_1_1_Chlorophyll_A_001_phosphate_plate4.tif,1,960.000,960,960
216,G3_01_1_1_Chlorophyll_A_001_phosphate_plate4.tif,15,1129.600,944,1488
217,G3_01_1_1_Chlorophyll_A_001_phosphate_plate4.tif,20,1124.800,976,1296
218,G3_01_1_1_Chlorophyll_A_001_phosphate_plate4.tif,14,1112.000,944,1360
219,G3_01_1_1_Chlorophyll_A_001_phosphate_plate4.tif,26,1107.077,944,1392
220,G3_01_1_1_Chlorophyll_A_001_phosphate_plate4.tif,9,1173.333,960,1424
221,G3_01_1_1_Chlorophyll_A_001_phosphate_plate4.tif,87,1133.977,944,1488
222,G3_01_1_1_Chlorophyll_A_001_phosphate_plate4.tif,25,1131.520,944,1424
223,G3_01_1_1_Chlorophyll_A_001_phosphate_plate4.tif,43,1116.651,960,1408
224,G3_01_1_1_Chlorophyll_A_001_phosphate_plate4.tif,28,1070.857,944,1344
225,G3_01_1_1_Chlorophyll_A_001_phosphate_plate4.tif,21,1139.048,944,1424
226,G3_01_1_1_Chlorophyll_A_001_phosphate_plate4.tif,19,1013.053,944,1152
227,G3_01_1_1_Chlorophyll_A_001_phosphate_plate4.tif,4,988.000,976,1008
228,G3_01_1_1_Chlorophyll_A_001_phosphate_plate4.tif,1,1056.000,1056,1056
229,G3_01_1_1_Chlorophyll_A_001_phosphate_plate4.tif,1,960.000,960,960
230,G3_01_1_1_Chlorophyll_A_001_phosphate_plate4.tif,2,1176.000,1120,1232
231,G3_01_1_1_Chlorophyll_A_001_phosphate_plate4.tif,1,976.000,976,976
232,G3_01_1_1_Chlorophyll_A_001_phosphate_plate4.tif,1,944.000,944,944
233,G3_01_1_1_Chlorophyll_A_001_phosphate_plate4.tif,1,960.000,960,960
234,G3_01_1_1_Chlorophyll_A_001_phosphate_plate4.tif,1,1120.000,1120,1120
235,G3_01_1_1_Chlorophyll_A_001_phosphate_plate4.tif,2,960.000,944,976
236,G3_01_1_1_Chlorophyll_A_001_phosphate_plate4.tif,1,960.000,960,960
237,G3_01_1_1_Chlorophyll_A_001_phosphate_plate4.tif,1,944.000,944,944
238,G3_01_1_1_Chlorophyll_A_001_phosphate_plate4.tif,1,1008.000,1008,1008
239,G3_01_1_1_Chlorophyll_A_001_phosphate_plate4.tif,33,1074.424,944,1328
240,G3_01_1_1_Chlorophyll_A_001_phosphate_plate4.tif,1,976.000,976,976
241,G3_01_1_1_Chlorophyll_A_001_phosphate_plate4.tif,1,1104.000,1104,1104
242,G3_01_1_1_Chlorophyll_A_001_phosphate_plate4.tif,2,1040.000,992,1088
243,G3_01_1_1_Chlorophyll_A_001_phosphate_plate4.tif,1,976.000,976,976
244,G3_01_1_1_Chlorophyll_A_001_phosphate_plate4.tif,3,944.000,944,944
245,G3_01_1_1_Chlorophyll_A_001_phosphate_plate4.tif,1,992.000,992,992
246,G3_01_1_1_Chlorophyll_A_001_phosphate_plate4.tif,1,1024.000,1024,1024
247,G3_01_1_1_Chlorophyll_A_001_phosphate_plate4.tif,1,960.000,960,960
248,G3_01_1_1_Chlorophyll_A_001_phosphate_plate4.tif,1,976.000,976,976
249,G3_01_1_1_Chlorophyll_A_001_phosphate_plate4.tif,1,1024.000,1024,1024
250,G3_01_1_1_Chlorophyll_A_001_phosphate_plate4.tif,2,1016.000,1008,1024
251,G3_01_1_1_Chlorophyll_A_001_phosphate_plate4.tif,1,944.000,944,944
252,G3_01_1_1_Chlorophyll_A_001_phosphate_plate4.tif,1,944.000,944,944
253,G3_01_1_1_Chlorophyll_A_001_phosphate_plate4.tif,1,960.000,960,960
254,G3_01_1_1_Chlorophyll_A_001_phosphate_plate4.tif,1,976.000,976,976
255,G3_01_1_1_Chlorophyll_A_001_phosphate_plate4.tif,2,1056.000,1008,1104
256,G3_01_1_1_Chlorophyll_A_001_phosphate_plate4.tif,1,976.000,976,976
257,G3_01_1_1_Chlorophyll_A_001_phosphate_plate4.tif,1,992.000,992,992
258,G3_01_1_1_Chlorophyll_A_001_phosphate_plate4.tif,3,1013.333,944,1088
259,G3_01_1_1_Chlorophyll_A_001_phosphate_plate4.tif,1,960.000,960,960
260,G3_01_1_1_Chlorophyll_A_001_phosphate_plate4.tif,1,1056.000,1056,1056
261,G3_01_1_1_Chlorophyll_A_001_phosphate_plate4.tif,243,5324.642,944,30352
262,G3_01_1_1_Chlorophyll_A_001_phosphate_plate4.tif,1,1168.000,1168,1168
263,G3_01_1_1_Chlorophyll_A_001_phosphate_plate4.tif,63,1135.492,960,1424
264,G3_01_1_1_Chlorophyll_A_001_phosphate_plate4.tif,55,1139.491,944,1424
265,G3_01_1_1_Chlorophyll_A_001_phosphate_plate4.tif,19,1154.526,960,1408
266,G3_01_1_1_Chlorophyll_A_001_phosphate_plate4.tif,60,1096.000,944,1344
267,G3_01_1_1_Chlorophyll_A_001_phosphate_plate4.tif,4,1060.000,960,1232
268,G3_01_1_1_Chlorophyll_A_001_phosphate_plate4.tif,443,2593.156,944,33216
269,G3_01_1_1_Chlorophyll_A_001_phosphate_plate4.tif,1,1008.000,1008,1008
270,G3_01_1_1_Chlorophyll_A_001_phosphate_plate4.tif,3,992.000,976,1008
271,G3_01_1_1_Chlorophyll_A_001_phosphate_plate4.tif,1,976.000,976,976
272,G3_01_1_1_Chlorophyll_A_001_phosphate_plate4.tif,1,976.000,976,976
273,G3_01_1_1_Chlorophyll_A_001_phosphate_plate4.tif,1,992.000,992,992
274,G3_01_1_1_Chlorophyll_A_001_phosphate_plate4.tif,1,976.000,976,976
275,G3_01_1_1_Chlorophyll_A_001_phosphate_plate4.tif,1,1056.000,1056,1056
276,G3_01_1_1_Chlorophyll_A_001_phosphate_plate4.tif,2,976.000,944,1008
277,G3_01_1_1_Chlorophyll_A_001_phosphate_plate4.tif,1,1024.000,1024,1024
278,G3_01_1_1_Chlorophyll_A_001_phosphate_plate4.tif,1,1024.000,1024,1024
279,G3_01_1_1_Chlorophyll_A_001_phosphate_plate4.tif,1,1008.000,1008,1008
280,G3_01_1_1_Chlorophyll_A_001_phosphate_plate4.tif,76,1128.211,944,1536
281,G3_01_1_1_Chlorophyll_A_001_phosphate_plate4.tif,35,1135.543,992,1376
282,G3_01_1_1_Chlorophyll_A_001_phosphate_plate4.tif,21,1131.429,960,1328
283,G3_01_1_1_Chlorophyll_A_001_phosphate_plate4.tif,44,1091.273,960,1376
284,G3_01_1_1_Chlorophyll_A_001_phosphate_plate4.tif,53,1087.396,944,1376
285,G3_01_1_1_Chlorophyll_A_001_phosphate_plate4.tif,51,1067.922,944,1376
286,G3_01_1_1_Chlorophyll_A_001_phosphate_plate4.tif,1,1056.000,1056,1056
287,G3_01_1_1_Chlorophyll_A_001_phosphate_plate4.tif,1,992.000,992,992
288,G3_01_1_1_Chlorophyll_A_001_phosphate_plate4.tif,1,1056.000,1056,1056
289,G3_01_1_1_Chlorophyll_A_001_phosphate_plate4.tif,1,1024.000,1024,1024
290,G3_01_1_1_Chlorophyll_A_001_phosphate_plate4.tif,2,960.000,960,960
291,G3_01_1_1_Chlorophyll_A_001_phosphate_plate4.tif,1,976.000,976,976
292,G3_01_1_1_Chlorophyll_A_001_phosphate_plate4.tif,2,1048.000,1024,1072
293,G3_01_1_1_Chlorophyll_A_001_phosphate_plate4.tif,1,992.000,992,992
294,G3_01_1_1_Chlorophyll_A_001_phosphate_plate4.tif,1,944.000,944,944
295,G3_01_1_1_Chlorophyll_A_001_phosphate_plate4.tif,1,960.000,960,960
296,G3_01_1_1_Chlorophyll_A_001_phosphate_plate4.tif,164,4272.293,944,31152
297,G3_01_1_1_Chlorophyll_A_001_phosphate_plate4.tif,1,976.000,976,976
298,G3_01_1_1_Chlorophyll_A_001_phosphate_plate4.tif,1,944.000,944,944
299,G3_01_1_1_Chlorophyll_A_001_phosphate_plate4.tif,2,976.000,976,976
300,G3_01_1_1_Chlorophyll_A_001_phosphate_plate4.tif,105,5729.676,960,33200
301,G3_01_1_1_Chlorophyll_A_001_phosphate_plate4.tif,1,960.000,960,960
302,G3_01_1_1_Chlorophyll_A_001_phosphate_plate4.tif,1,944.000,944,944
303,G3_01_1_1_Chlorophyll_A_001_phosphate_plate4.tif,1,1008.000,1008,1008
304,G3_01_1_1_Chlorophyll_A_001_phosphate_plate4.tif,1,960.000,960,960
305,G3_01_1_1_Chlorophyll_A_001_phosphate_plate4.tif,1,1024.000,1024,1024
306,G3_01_1_1_Chlorophyll_A_001_phosphate_plate4.tif,24,1100.667,944,1472
307,G3_01_1_1_Chlorophyll_A_001_phosphate_plate4.tif,60,1138.933,944,1440
308,G3_01_1_1_Chlorophyll_A_001_phosphate_plate4.tif,24,1116.000,944,1296
309,G3_01_1_1_Chlorophyll_A_001_phosphate_plate4.tif,97,1089.649,944,1344
310,G3_01_1_1_Chlorophyll_A_001_phosphate_plate4.tif,7,987.429,944,1088
311,G3_01_1_1_Chlorophyll_A_001_phosphate_plate4.tif,1,992.000,992,992
312,G3_01_1_1_Chlorophyll_A_001_phosphate_plate4.tif,3,949.333,944,960
313,G3_01_1_1_Chlorophyll_A_001_phosphate_plate4.tif,1,960.000,960,960
314,G3_01_1_1_Chlorophyll_A_001_phosphate_plate4.tif,1,960.000,960,960
315,G3_01_1_1_Chlorophyll_A_001_phosphate_plate4.tif,1,992.000,992,992
316,G3_01_1_1_Chlorophyll_A_001_phosphate_plate4.tif,1,976.000,976,976
317,G3_01_1_1_Chlorophyll_A_001_phosphate_plate4.tif,1,1056.000,1056,1056
318,G3_01_1_1_Chlorophyll_A_001_phosphate_plate4.tif,1,976.000,976,976
319,G3_01_1_1_Chlorophyll_A_001_phosphate_plate4.tif,1,1056.000,1056,1056
320,G3_01_1_1_Chlorophyll_A_001_phosphate_plate4.tif,1,1056.000,1056,1056
321,G3_01_1_1_Chlorophyll_A_001_phosphate_plate4.tif,1,1248.000,1248,1248
322,G3_01_1_1_Chlorophyll_A_001_phosphate_plate4.tif,1,944.000,944,944
323,G3_01_1_1_Chlorophyll_A_001_phosphate_plate4.tif,1,1056.000,1056,1056
324,G3_01_1_1_Chlorophyll_A_001_phosphate_plate4.tif,1,976.000,976,976
325,G3_01_1_1_Chlorophyll_A_001_phosphate_plate4.tif,38,1122.105,944,1312
326,G3_01_1_1_Chlorophyll_A_001_phosphate_plate4.tif,35,1150.629,944,1520
327,G3_01_1_1_Chlorophyll_A_001_phosphate_plate4.tif,18,1139.556,992,1392
328,G3_01_1_1_Chlorophyll_A_001_phosphate_plate4.tif,46,1122.087,944,1392
329,G3_01_1_1_Chlorophyll_A_001_phosphate_plate4.tif,36,1105.778,944,1328
330,G3_01_1_1_Chlorophyll_A_001_phosphate_plate4.tif,37,1122.162,944,1376
331,G3_01_1_1_Chlorophyll_A_001_phosphate_plate4.tif,36,1064.889,944,1360
332,G3_01_1_1_Chlorophyll_A_001_phosphate_plate4.tif,1,976.000,976,976
333,G3_01_1_1_Chlorophyll_A_001_phosphate_plate4.tif,1,960.000,960,960
334,G3_01_1_1_Chlorophyll_A_001_phosphate_plate4.tif,1,1008.000,1008,1008
335,G3_01_1_1_Chlorophyll_A_001_phosphate_plate4.tif,1,1024.000,1024,1024
336,G3_01_1_1_Chlorophyll_A_001_phosphate_plate4.tif,4,1012.000,960,1072
337,G3_01_1_1_Chlorophyll_A_001_phosphate_plate4.tif,3,981.333,944,1056
338,G3_01_1_1_Chlorophyll_A_001_phosphate_plate4.tif,1,1008.000,1008,1008
339,G3_01_1_1_Chlorophyll_A_001_phosphate_plate4.tif,1,1072.000,1072,1072
340,G3_01_1_1_Chlorophyll_A_001_phosphate_plate4.tif,2,1040.000,976,1104
341,G3_01_1_1_Chlorophyll_A_001_phosphate_plate4.tif,2,976.000,960,992
342,G3_01_1_1_Chlorophyll_A_001_phosphate_plate4.tif,1,1040.000,1040,1040
343,G3_01_1_1_Chlorophyll_A_001_phosphate_plate4.tif,2,992.000,944,1040
344,G3_01_1_1_Chlorophyll_A_001_phosphate_plate4.tif,2,1016.000,944,1088
345,G3_01_1_1_Chlorophyll_A_001_phosphate_plate4.tif,1,960.000,960,960
346,G3_01_1_1_Chlorophyll_A_001_phosphate_plate4.tif,5,985.600,944,1024
347,G3_01_1_1_Chlorophyll_A_001_phosphate_plate4.tif,2,1120.000,1120,1120
348,G3_01_1_1_Chlorophyll_A_001_phosphate_plate4.tif,1,944.000,944,944
349,G3_01_1_1_Chlorophyll_A_001_phosphate_plate4.tif,1,1168.000,1168,1168
350,G3_01_1_1_Chlorophyll_A_001_phosphate_plate4.tif,1,1008.000,1008,1008
351,G3_01_1_1_Chlorophyll_A_001_phosphate_plate4.tif,2,968.000,944,992
352,G3_01_1_1_Chlorophyll_A_001_phosphate_plate4.tif,1,1072.000,1072,1072
353,G3_01_1_1_Chlorophyll_A_001_phosphate_plate4.tif,1,960.000,960,960
354,G3_01_1_1_Chlorophyll_A_001_phosphate_plate4.tif,1,976.000,976,976
355,G3_01_1_1_Chlorophyll_A_001_phosphate_plate4.tif,1,944.000,944,944
356,G3_01_1_1_Chlorophyll_A_001_phosphate_plate4.tif,1,976.000,976,976
357,G3_01_1_1_Chlorophyll_A_001_phosphate_plate4.tif,1,960.000,960,960
358,G3_01_1_1_Chlorophyll_A_001_phosphate_plate4.tif,1,1056.000,1056,1056
359,G3_01_1_1_Chlorophyll_A_001_phosphate_plate4.tif,38,1081.263,944,1280
360,G3_01_1_1_Chlorophyll_A_001_phosphate_plate4.tif,1,1008.000,1008,1008
361,G3_01_1_1_Chlorophyll_A_001_phosphate_plate4.tif,1,1120.000,1120,1120
362,G3_01_1_1_Chlorophyll_A_001_phosphate_plate4.tif,1,976.000,976,976
363,G3_01_1_1_Chlorophyll_A_001_phosphate_plate4.tif,1,992.000,992,992
364,G3_01_1_1_Chlorophyll_A_001_phosphate_plate4.tif,1,944.000,944,944
365,G3_01_1_1_Chlorophyll_A_001_phosphate_plate4.tif,1,944.000,944,944
366,G3_01_1_1_Chlorophyll_A_001_phosphate_plate4.tif,1,960.000,960,960
367,G3_01_1_1_Chlorophyll_A_001_phosphate_plate4.tif,1,944.000,944,944
368,G3_01_1_1_Chlorophyll_A_001_phosphate_plate4.tif,1,960.000,960,960
369,G3_01_1_1_Chlorophyll_A_001_phosphate_plate4.tif,1,1008.000,1008,1008
370,G3_01_1_1_Chlorophyll_A_001_phosphate_plate4.tif,2,992.000,976,1008
371,G3_01_1_1_Chlorophyll_A_001_phosphate_plate4.tif,22,1138.182,944,1392
372,G3_01_1_1_Chlorophyll_A_001_phosphate_plate4.tif,1,1008.000,1008,1008
373,G3_01_1_1_Chlorophyll_A_001_phosphate_plate4.tif,3,1034.667,1008,1056
374,G3_01_1_1_Chlorophyll_A_001_phosphate_plate4.tif,1,976.000,976,976
375,G3_01_1_1_Chlorophyll_A_001_phosphate_plate4.tif,3,1072.000,944,1168
376,G3_01_1_1_Chlorophyll_A_001_phosphate_plate4.tif,1,1104.000,1104,1104
377,G3_01_1_1_Chlorophyll_A_001_phosphate_plate4.tif,1,976.000,976,976
378,G3_01_1_1_Chlorophyll_A_001_phosphate_plate4.tif,3,986.667,944,1008
379,G3_01_1_1_Chlorophyll_A_001_phosphate_plate4.tif,2,1040.000,944,1136
380,G3_01_1_1_Chlorophyll_A_001_phosphate_plate4.tif,2,984.000,960,1008
381,G3_01_1_1_Chlorophyll_A_001_phosphate_plate4.tif,1,960.000,960,960
382,G3_01_1_1_Chlorophyll_A_001_phosphate_plate4.tif,1,1040.000,1040,1040
383,G3_01_1_1_Chlorophyll_A_001_phosphate_plate4.tif,1,1072.000,1072,1072
384,G3_01_1_1_Chlorophyll_A_001_phosphate_plate4.tif,1,1104.000,1104,1104
385,G3_01_1_1_Chlorophyll_A_001_phosphate_plate4.tif,1,976.000,976,976
386,G3_01_1_1_Chlorophyll_A_001_phosphate_plate4.tif,1,960.000,960,960
387,G3_01_1_1_Chlorophyll_A_001_phosphate_plate4.tif,1,944.000,944,944
388,G3_01_1_1_Chlorophyll_A_001_phosphate_plate4.tif,36,1154.222,944,1472
389,G3_01_1_1_Chlorophyll_A_001_phosphate_plate4.tif,38,1113.263,944,1376
390,G3_01_1_1_Chlorophyll_A_001_phosphate_plate4.tif,34,1111.529,944,1264
391,G3_01_1_1_Chlorophyll_A_001_phosphate_plate4.tif,2,1080.000,1072,1088
392,G3_01_1_1_Chlorophyll_A_001_phosphate_plate4.tif,2,1008.000,944,1072
393,G3_01_1_1_Chlorophyll_A_001_phosphate_plate4.tif,1,1072.000,1072,1072
394,G3_01_1_1_Chlorophyll_A_001_phosphate_plate4.tif,2,1056.000,1040,1072
395,G3_01_1_1_Chlorophyll_A_001_phosphate_plate4.tif,1,1008.000,1008,1008
396,G3_01_1_1_Chlorophyll_A_001_phosphate_plate4.tif,1,944.000,944,944
397,G3_01_1_1_Chlorophyll_A_001_phosphate_plate4.tif,179,4097.251,944,31232
398,G3_01_1_1_Chlorophyll_A_001_phosphate_plate4.tif,4,980.000,944,1040
399,G3_01_1_1_Chlorophyll_A_001_phosphate_plate4.tif,1,944.000,944,944
400,G3_01_1_1_Chlorophyll_A_001_phosphate_plate4.tif,1,944.000,944,944
401,G3_01_1_1_Chlorophyll_A_001_phosphate_plate4.tif,1,960.000,960,960
402,G3_01_1_1_Chlorophyll_A_001_phosphate_plate4.tif,1,944.000,944,944
403,G3_01_1_1_Chlorophyll_A_001_phosphate_plate4.tif,1,960.000,960,960
404,G3_01_1_1_Chlorophyll_A_001_phosphate_plate4.tif,1,960.000,960,960
405,G3_01_1_1_Chlorophyll_A_001_phosphate_plate4.tif,1,1024.000,1024,1024
406,G3_01_1_1_Chlorophyll_A_001_phosphate_plate4.tif,1,1088.000,1088,1088
407,G3_01_1_1_Chlorophyll_A_001_phosphate_plate4.tif,1,992.000,992,992
408,G3_01_1_1_Chlorophyll_A_001_phosphate_plate4.tif,2,1000.000,992,1008
409,G3_01_1_1_Chlorophyll_A_001_phosphate_plate4.tif,100,4477.440,944,26160
410,G3_01_1_1_Chlorophyll_A_001_phosphate_plate4.tif,59,1102.102,944,1360
411,G3_01_1_1_Chlorophyll_A_001_phosphate_plate4.tif,60,1107.733,944,1424
412,G3_01_1_1_Chlorophyll_A_001_phosphate_plate4.tif,7,1090.286,944,1344
413,G3_01_1_1_Chlorophyll_A_001_phosphate_plate4.tif,11,1124.364,960,1376
414,G3_01_1_1_Chlorophyll_A_001_phosphate_plate4.tif,33,1112.242,944,1344
415,G3_01_1_1_Chlorophyll_A_001_phosphate_plate4.tif,38,1108.211,944,1328
416,G3_01_1_1_Chlorophyll_A_001_phosphate_plate4.tif,7,1024.000,960,1136
417,G3_01_1_1_Chlorophyll_A_001_phosphate_plate4.tif,5,1040.000,944,1120
418,G3_01_1_1_Chlorophyll_A_001_phosphate_plate4.tif,2,976.000,960,992
419,G3_01_1_1_Chlorophyll_A_001_phosphate_plate4.tif,1,1008.000,1008,1008
420,G3_01_1_1_Chlorophyll_A_001_phosphate_plate4.tif,1,960.000,960,960
421,G3_01_1_1_Chlorophyll_A_001_phosphate_plate4.tif,2,1040.000,960,1120
422,G3_01_1_1_Chlorophyll_A_001_phosphate_plate4.tif,1,960.000,960,960
423,G3_01_1_1_Chlorophyll_A_001_phosphate_plate4.tif,1,976.000,976,976
424,G3_01_1_1_Chlorophyll_A_001_phosphate_plate4.tif,1,944.000,944,944
425,G3_01_1_1_Chlorophyll_A_001_phosphate_plate4.tif,1,944.000,944,944
426,G3_01_1_1_Chlorophyll_A_001_phosphate_plate4.tif,2,960.000,944,976
427,G3_01_1_1_Chlorophyll_A_001_phosphate_plate4.tif,1,1024.000,1024,1024
428,G3_01_1_1_Chlorophyll_A_001_phosphate_plate4.tif,1,944.000,944,944
429,G3_01_1_1_Chlorophyll_A_001_phosphate_plate4.tif,1,1088.000,1088,1088
430,G3_01_1_1_Chlorophyll_A_001_phosphate_plate4.tif,19,1132.632,960,1344
431,G3_01_1_1_Chlorophyll_A_001_phosphate_plate4.tif,34,1160.471,960,1376
432,G3_01_1_1_Chlorophyll_A_001_phosphate_plate4.tif,80,1110.400,944,1440
433,G3_01_1_1_Chlorophyll_A_001_phosphate_plate4.tif,17,1095.529,992,1216
434,G3_01_1_1_Chlorophyll_A_001_phosphate_plate4.tif,87,1073.655,944,1440
435,G3_01_1_1_Chlorophyll_A_001_phosphate_plate4.tif,205,2367.454,944,16512
436,G3_01_1_1_Chlorophyll_A_001_phosphate_plate4.tif,6,962.667,944,1008
437,G3_01_1_1_Chlorophyll_A_001_phosphate_plate4.tif,1,944.000,944,944
438,G3_01_1_1_Chlorophyll_A_001_phosphate_plate4.tif,2,960.000,944,976
439,G3_01_1_1_Chlorophyll_A_001_phosphate_plate4.tif,1,944.000,944,944
440,G3_01_1_1_Chlorophyll_A_001_phosphate_plate4.tif,1,960.000,960,960
441,G3_01_1_1_Chlorophyll_A_001_phosphate_plate4.tif,1,976.000,976,976
442,G3_01_1_1_Chlorophyll_A_001_phosphate_plate4.tif,3,986.667,944,1056
443,G3_01_1_1_Chlorophyll_A_001_phosphate_plate4.tif,1,944.000,944,944
444,G3_01_1_1_Chlorophyll_A_001_phosphate_plate4.tif,1,1104.000,1104,1104
445,G3_01_1_1_Chlorophyll_A_001_phosphate_plate4.tif,1,992.000,992,992
446,G3_01_1_1_Chlorophyll_A_001_phosphate_plate4.tif,1,976.000,976,976
447,G3_01_1_1_Chlorophyll_A_001_phosphate_plate4.tif,1,1120.000,1120,1120
448,G3_01_1_1_Chlorophyll_A_001_phosphate_plate4.tif,1,992.000,992,992
449,G3_01_1_1_Chlorophyll_A_001_phosphate_plate4.tif,40,1130.400,944,1520
450,G3_01_1_1_Chlorophyll_A_001_phosphate_plate4.tif,6,1037.333,944,1184
451,G3_01_1_1_Chlorophyll_A_001_phosphate_plate4.tif,3,981.333,944,1056
452,G3_01_1_1_Chlorophyll_A_001_phosphate_plate4.tif,3,981.333,944,1008
453,G3_01_1_1_Chlorophyll_A_001_phosphate_plate4.tif,1,944.000,944,944
454,G3_01_1_1_Chlorophyll_A_001_phosphate_plate4.tif,1,960.000,960,960
455,G3_01_1_1_Chlorophyll_A_001_phosphate_plate4.tif,1,1024.000,1024,1024
456,G3_01_1_1_Chlorophyll_A_001_phosphate_plate4.tif,1,960.000,960,960
457,G3_01_1_1_Chlorophyll_A_001_phosphate_plate4.tif,1,992.000,992,992
458,G3_01_1_1_Chlorophyll_A_001_phosphate_plate4.tif,1,944.000,944,944
459,G3_01_1_1_Chlorophyll_A_001_phosphate_plate4.tif,1,1040.000,1040,1040
460,G3_01_1_1_Chlorophyll_A_001_phosphate_plate4.tif,1,960.000,960,960
461,G3_01_1_1_Chlorophyll_A_001_phosphate_plate4.tif,1,1008.000,1008,1008
462,G3_01_1_1_Chlorophyll_A_001_phosphate_plate4.tif,1,960.000,960,960
463,G3_01_1_1_Chlorophyll_A_001_phosphate_plate4.tif,1,960.000,960,960
464,G3_01_1_1_Chlorophyll_A_001_phosphate_plate4.tif,30,1106.667,960,1264
465,G3_01_1_1_Chlorophyll_A_001_phosphate_plate4.tif,57,1128.421,944,1472
466,G3_01_1_1_Chlorophyll_A_001_phosphate_plate4.tif,13,1122.462,1008,1232
467,G3_01_1_1_Chlorophyll_A_001_phosphate_plate4.tif,8,1058.000,944,1264
468,G3_01_1_1_Chlorophyll_A_001_phosphate_plate4.tif,35,1130.971,960,1344
469,G3_01_1_1_Chlorophyll_A_001_phosphate_plate4.tif,2,976.000,944,1008
470,G3_01_1_1_Chlorophyll_A_001_phosphate_plate4.tif,1,944.000,944,944
471,G3_01_1_1_Chlorophyll_A_001_phosphate_plate4.tif,1,1088.000,1088,1088
472,G3_01_1_1_Chlorophyll_A_001_phosphate_plate4.tif,2,1056.000,960,1152
473,G3_01_1_1_Chlorophyll_A_001_phosphate_plate4.tif,2,1032.000,960,1104
474,G3_01_1_1_Chlorophyll_A_001_phosphate_plate4.tif,1,1184.000,1184,1184
475,G3_01_1_1_Chlorophyll_A_001_phosphate_plate4.tif,1,960.000,960,960
476,G3_01_1_1_Chlorophyll_A_001_phosphate_plate4.tif,1,1184.000,1184,1184
477,G3_01_1_1_Chlorophyll_A_001_phosphate_plate4.tif,1,976.000,976,976
478,G3_01_1_1_Chlorophyll_A_001_phosphate_plate4.tif,1,944.000,944,944
479,G3_01_1_1_Chlorophyll_A_001_phosphate_plate4.tif,1,1040.000,1040,1040
480,G3_01_1_1_Chlorophyll_A_001_phosphate_plate4.tif,1,960.000,960,960
481,G3_01_1_1_Chlorophyll_A_001_phosphate_plate4.tif,1,1088.000,1088,1088
482,G3_01_1_1_Chlorophyll_A_001_phosphate_plate4.tif,1,976.000,976,976
483,G3_01_1_1_Chlorophyll_A_001_phosphate_plate4.tif,1,976.000,976,976
484,G3_01_1_1_Chlorophyll_A_001_phosphate_plate4.tif,1,1008.000,1008,1008
485,G3_01_1_1_Chlorophyll_A_001_phosphate_plate4.tif,1,1008.000,1008,1008
486,G3_01_1_1_Chlorophyll_A_001_phosphate_plate4.tif,1,1024.000,1024,1024
487,G3_01_1_1_Chlorophyll_A_001_phosphate_plate4.tif,1,976.000,976,976
488,G3_01_1_1_Chlorophyll_A_001_phosphate_plate4.tif,1,976.000,976,976
489,G3_01_1_1_Chlorophyll_A_001_phosphate_plate4.tif,1,1008.000,1008,1008
490,G3_01_1_1_Chlorophyll_A_001_phosphate_plate4.tif,1,944.000,944,944
491,G3_01_1_1_Chlorophyll_A_001_phosphate_plate4.tif,1,1008.000,1008,1008
492,G3_01_1_1_Chlorophyll_A_001_phosphate_plate4.tif,1,1120.000,1120,1120
493,G3_01_1_1_Chlorophyll_A_001_phosphate_plate4.tif,68,1086.588,944,1424
494,G3_01_1_1_Chlorophyll_A_001_phosphate_plate4.tif,54,1062.519,944,1280
495,G3_01_1_1_Chlorophyll_A_001_phosphate_plate4.tif,26,1092.308,944,1344
496,G3_01_1_1_Chlorophyll_A_001_phosphate_plate4.tif,3,1008.000,976,1040
497,G3_01_1_1_Chlorophyll_A_001_phosphate_plate4.tif,2,1080.000,1008,1152
498,G3_01_1_1_Chlorophyll_A_001_phosphate_plate4.tif,2,1024.000,1008,1040
499,G3_01_1_1_Chlorophyll_A_001_phosphate_plate4.tif,1,992.000,992,992
500,G3_01_1_1_Chlorophyll_A_001_phosphate_plate4.tif,1,1008.000,1008,1008
501,G3_01_1_1_Chlorophyll_A_001_phosphate_plate4.tif,1,944.000,944,944
502,G3_01_1_1_Chlorophyll_A_001_phosphate_plate4.tif,1,1088.000,1088,1088
503,G3_01_1_1_Chlorophyll_A_001_phosphate_plate4.tif,1,944.000,944,944
504,G3_01_1_1_Chlorophyll_A_001_phosphate_plate4.tif,1,992.000,992,992
505,G3_01_1_1_Chlorophyll_A_001_phosphate_plate4.tif,1,1008.000,1008,1008
506,G3_01_1_1_Chlorophyll_A_001_phosphate_plate4.tif,1,976.000,976,976
507,G3_01_1_1_Chlorophyll_A_001_phosphate_plate4.tif,1,960.000,960,960
508,G3_01_1_1_Chlorophyll_A_001_phosphate_plate4.tif,1,1008.000,1008,1008
509,G3_01_1_1_Chlorophyll_A_001_phosphate_plate4.tif,1,960.000,960,960
510,G3_01_1_1_Chlorophyll_A_001_phosphate_plate4.tif,1,992.000,992,992
511,G3_01_1_1_Chlorophyll_A_001_phosphate_plate4.tif,3,965.333,944,1008
512,G3_01_1_1_Chlorophyll_A_001_phosphate_plate4.tif,1,944.000,944,944
513,G3_01_1_1_Chlorophyll_A_001_phosphate_plate4.tif,1,1056.000,1056,1056
514,G3_01_1_1_Chlorophyll_A_001_phosphate_plate4.tif,2,1016.000,992,1040
515,G3_01_1_1_Chlorophyll_A_001_phosphate_plate4.tif,1,1008.000,1008,1008
516,G3_01_1_1_Chlorophyll_A_001_phosphate_plate4.tif,31,1166.968,976,1424
517,G3_01_1_1_Chlorophyll_A_001_phosphate_plate4.tif,18,1104.889,944,1264
518,G3_01_1_1_Chlorophyll_A_001_phosphate_plate4.tif,25,1115.520,960,1328
519,G3_01_1_1_Chlorophyll_A_001_phosphate_plate4.tif,40,1090.400,944,1328
520,G3_01_1_1_Chlorophyll_A_001_phosphate_plate4.tif,2,952.000,944,960
521,G3_01_1_1_Chlorophyll_A_001_phosphate_plate4.tif,1,960.000,960,960
522,G3_01_1_1_Chlorophyll_A_001_phosphate_plate4.tif,1,1072.000,1072,1072
523,G3_01_1_1_Chlorophyll_A_001_phosphate_plate4.tif,117,3743.043,944,27456
524,G3_01_1_1_Chlorophyll_A_001_phosphate_plate4.tif,1,1024.000,1024,1024
525,G3_01_1_1_Chlorophyll_A_001_phosphate_plate4.tif,1,992.000,992,992
526,G3_01_1_1_Chlorophyll_A_001_phosphate_plate4.tif,1,1008.000,1008,1008
527,G3_01_1_1_Chlorophyll_A_001_phosphate_plate4.tif,1,1120.000,1120,1120
528,G3_01_1_1_Chlorophyll_A_001_phosphate_plate4.tif,1,976.000,976,976
529,G3_01_1_1_Chlorophyll_A_001_phosphate_plate4.tif,1,1024.000,1024,1024
530,G3_01_1_1_Chlorophyll_A_001_phosphate_plate4.tif,1,1024.000,1024,1024
531,G3_01_1_1_Chlorophyll_A_001_phosphate_plate4.tif,1,944.000,944,944
532,G3_01_1_1_Chlorophyll_A_001_phosphate_plate4.tif,73,3982.027,944,20688
533,G3_01_1_1_Chlorophyll_A_001_phosphate_plate4.tif,1,960.000,960,960
534,G3_01_1_1_Chlorophyll_A_001_phosphate_plate4.tif,1,976.000,976,976
535,G3_01_1_1_Chlorophyll_A_001_phosphate_plate4.tif,1,944.000,944,944
536,G3_01_1_1_Chlorophyll_A_001_phosphate_plate4.tif,1,944.000,944,944
537,G3_01_1_1_Chlorophyll_A_001_phosphate_plate4.tif,1,1008.000,1008,1008
538,G3_01_1_1_Chlorophyll_A_001_phosphate_plate4.tif,28,1128.571,944,1408
539,G3_01_1_1_Chlorophyll_A_001_phosphate_plate4.tif,91,1139.341,944,1584
540,G3_01_1_1_Chlorophyll_A_001_phosphate_plate4.tif,72,1169.778,944,1456
541,G3_01_1_1_Chlorophyll_A_001_phosphate_plate4.tif,41,1094.244,944,1408
542,G3_01_1_1_Chlorophyll_A_001_phosphate_plate4.tif,52,1066.769,944,1568
543,G3_01_1_1_Chlorophyll_A_001_phosphate_plate4.tif,1,1024.000,1024,1024
544,G3_01_1_1_Chlorophyll_A_001_phosphate_plate4.tif,1,1040.000,1040,1040
545,G3_01_1_1_Chlorophyll_A_001_phosphate_plate4.tif,2,984.000,944,1024
546,G3_01_1_1_Chlorophyll_A_001_phosphate_plate4.tif,2,1024.000,992,1056
547,G3_01_1_1_Chlorophyll_A_001_phosphate_plate4.tif,1,944.000,944,944
548,G3_01_1_1_Chlorophyll_A_001_phosphate_plate4.tif,1,944.000,944,944
549,G3_01_1_1_Chlorophyll_A_001_phosphate_plate4.tif,1,1040.000,1040,1040
550,G3_01_1_1_Chlorophyll_A_001_phosphate_plate4.tif,1,976.000,976,976
551,G3_01_1_1_Chlorophyll_A_001_phosphate_plate4.tif,1,944.000,944,944
552,G3_01_1_1_Chlorophyll_A_001_phosphate_plate4.tif,1,1008.000,1008,1008
553,G3_01_1_1_Chlorophyll_A_001_phosphate_plate4.tif,2,984.000,976,992
554,G3_01_1_1_Chlorophyll_A_001_phosphate_plate4.tif,1,1024.000,1024,1024
555,G3_01_1_1_Chlorophyll_A_001_phosphate_plate4.tif,1,976.000,976,976
556,G3_01_1_1_Chlorophyll_A_001_phosphate_plate4.tif,69,1152.000,944,1440
557,G3_01_1_1_Chlorophyll_A_001_phosphate_plate4.tif,33,1129.212,976,1312
558,G3_01_1_1_Chlorophyll_A_001_phosphate_plate4.tif,101,1175.604,944,1584
559,G3_01_1_1_Chlorophyll_A_001_phosphate_plate4.tif,22,1192.000,960,1456
560,G3_01_1_1_Chlorophyll_A_001_phosphate_plate4.tif,47,1112.851,944,1408
561,G3_01_1_1_Chlorophyll_A_001_phosphate_plate4.tif,39,1083.077,944,1328
562,G3_01_1_1_Chlorophyll_A_001_phosphate_plate4.tif,1,960.000,960,960
563,G3_01_1_1_Chlorophyll_A_001_phosphate_plate4.tif,3,992.000,944,1024
564,G3_01_1_1_Chlorophyll_A_001_phosphate_plate4.tif,5,985.600,944,1040
565,G3_01_1_1_Chlorophyll_A_001_phosphate_plate4.tif,1,992.000,992,992
566,G3_01_1_1_Chlorophyll_A_001_phosphate_plate4.tif,3,1002.667,960,1072
567,G3_01_1_1_Chlorophyll_A_001_phosphate_plate4.tif,1,944.000,944,944
568,G3_01_1_1_Chlorophyll_A_001_phosphate_plate4.tif,1,944.000,944,944
569,G3_01_1_1_Chlorophyll_A_001_phosphate_plate4.tif,1,960.000,960,960
570,G3_01_1_1_Chlorophyll_A_001_phosphate_plate4.tif,1,960.000,960,960
571,G3_01_1_1_Chlorophyll_A_001_phosphate_plate4.tif,1,944.000,944,944
572,G3_01_1_1_Chlorophyll_A_001_phosphate_plate4.tif,1,944.000,944,944
573,G3_01_1_1_Chlorophyll_A_001_phosphate_plate4.tif,2,1008.000,960,1056
574,G3_01_1_1_Chlorophyll_A_001_phosphate_plate4.tif,2,1080.000,1040,1120
575,G3_01_1_1_Chlorophyll_A_001_phosphate_plate4.tif,1,944.000,944,944
576,G3_01_1_1_Chlorophyll_A_001_phosphate_plate4.tif,1,944.000,944,944
577,G3_01_1_1_Chlorophyll_A_001_phosphate_plate4.tif,1,960.000,960,960
578,G3_01_1_1_Chlorophyll_A_001_phosphate_plate4.tif,1,960.000,960,960
579,G3_01_1_1_Chlorophyll_A_001_phosphate_plate4.tif,1,960.000,960,960
580,G3_01_1_1_Chlorophyll_A_001_phosphate_plate4.tif,1,960.000,960,960
581,G3_01_1_1_Chlorophyll_A_001_phosphate_plate4.tif,1,944.000,944,944
582,G3_01_1_1_Chlorophyll_A_001_phosphate_plate4.tif,2,984.000,960,1008
583,G3_01_1_1_Chlorophyll_A_001_phosphate_plate4.tif,1,944.000,944,944
584,G3_01_1_1_Chlorophyll_A_001_phosphate_plate4.tif,1,1120.000,1120,1120
585,G3_01_1_1_Chlorophyll_A_001_phosphate_plate4.tif,1,1008.000,1008,1008
586,G3_01_1_1_Chlorophyll_A_001_phosphate_plate4.tif,1,1008.000,1008,1008
587,G3_01_1_1_Chlorophyll_A_001_phosphate_plate4.tif,1,1008.000,1008,1008
588,G3_01_1_1_Chlorophyll_A_001_phosphate_plate4.tif,1,960.000,960,960
589,G3_01_1_1_Chlorophyll_A_001_phosphate_plate4.tif,1,960.000,960,960
590,G3_01_1_1_Chlorophyll_A_001_phosphate_plate4.tif,1,944.000,944,944
591,G3_01_1_1_Chlorophyll_A_001_phosphate_plate4.tif,2,992.000,992,992
592,G3_01_1_1_Chlorophyll_A_001_phosphate_plate4.tif,1,944.000,944,944
593,G3_01_1_1_Chlorophyll_A_001_phosphate_plate4.tif,2,992.000,960,1024
594,G3_01_1_1_Chlorophyll_A_001_phosphate_plate4.tif,1,944.000,944,944
595,G3_01_1_1_Chlorophyll_A_001_phosphate_plate4.tif,1,1056.000,1056,1056
596,G3_01_1_1_Chlorophyll_A_001_phosphate_plate4.tif,1,992.000,992,992
597,G3_01_1_1_Chlorophyll_A_001_phosphate_plate4.tif,1,976.000,976,976
598,G3_01_1_1_Chlorophyll_A_001_phosphate_plate4.tif,1,976.000,976,976
599,G3_01_1_1_Chlorophyll_A_001_phosphate_plate4.tif,1,960.000,960,960
600,G3_01_1_1_Chlorophyll_A_001_phosphate_plate4.tif,1,944.000,944,944
601,G3_01_1_1_Chlorophyll_A_001_phosphate_plate4.tif,1,1248.000,1248,1248
602,G3_01_1_1_Chlorophyll_A_001_phosphate_plate4.tif,1,1040.000,1040,1040
603,G3_01_1_1_Chlorophyll_A_001_phosphate_plate4.tif,1,1024.000,1024,1024
604,G3_01_1_1_Chlorophyll_A_001_phosphate_plate4.tif,1,1008.000,1008,1008
605,G3_01_1_1_Chlorophyll_A_001_phosphate_plate4.tif,1,944.000,944,944
606,G3_01_1_1_Chlorophyll_A_001_phosphate_plate4.tif,1,976.000,976,976
607,G3_01_1_1_Chlorophyll_A_001_phosphate_plate4.tif,1,992.000,992,992
608,G3_01_1_1_Chlorophyll_A_001_phosphate_plate4.tif,1,1008.000,1008,1008
609,G3_01_1_1_Chlorophyll_A_001_phosphate_plate4.tif,1,960.000,960,960
610,G3_01_1_1_Chlorophyll_A_001_phosphate_plate4.tif,127,5687.181,944,34336
611,G3_01_1_1_Chlorophyll_A_001_phosphate_plate4.tif,1,992.000,992,992
612,G3_01_1_1_Chlorophyll_A_001_phosphate_plate4.tif,14,1129.143,1008,1424
613,G3_01_1_1_Chlorophyll_A_001_phosphate_plate4.tif,15,1101.867,944,1344
614,G3_01_1_1_Chlorophyll_A_001_phosphate_plate4.tif,1,1152.000,1152,1152
615,G3_01_1_1_Chlorophyll_A_001_phosphate_plate4.tif,2,1024.000,1024,1024
616,G3_01_1_1_Chlorophyll_A_001_phosphate_plate4.tif,1,1008.000,1008,1008
617,G3_01_1_1_Chlorophyll_A_001_phosphate_plate4.tif,1,976.000,976,976
618,G3_01_1_1_Chlorophyll_A_001_phosphate_plate4.tif,1,960.000,960,960
619,G3_01_1_1_Chlorophyll_A_001_phosphate_plate4.tif,1,944.000,944,944
620,G3_01_1_1_Chlorophyll_A_001_phosphate_plate4.tif,1,1040.000,1040,1040
621,G3_01_1_1_Chlorophyll_A_001_phosphate_plate4.tif,1,1008.000,1008,1008
622,G3_01_1_1_Chlorophyll_A_001_phosphate_plate4.tif,1,960.000,960,960
623,G3_01_1_1_Chlorophyll_A_001_phosphate_plate4.tif,1,944.000,944,944
624,G3_01_1_1_Chlorophyll_A_001_phosphate_plate4.tif,1,944.000,944,944
625,G3_01_1_1_Chlorophyll_A_001_phosphate_plate4.tif,1,944.000,944,944
626,G3_01_1_1_Chlorophyll_A_001_phosphate_plate4.tif,1,944.000,944,944
627,G3_01_1_1_Chlorophyll_A_001_phosphate_plate4.tif,1,1040.000,1040,1040
628,G3_01_1_1_Chlorophyll_A_001_phosphate_plate4.tif,1,944.000,944,944
629,G3_01_1_1_Chlorophyll_A_001_phosphate_plate4.tif,32,1122.500,944,1376
630,G3_01_1_1_Chlorophyll_A_001_phosphate_plate4.tif,52,1150.462,944,1424
631,G3_01_1_1_Chlorophyll_A_001_phosphate_plate4.tif,172,2865.395,944,27040
632,G3_01_1_1_Chlorophyll_A_001_phosphate_plate4.tif,1,1072.000,1072,1072
633,G3_01_1_1_Chlorophyll_A_001_phosphate_plate4.tif,2,1032.000,1024,1040
634,G3_01_1_1_Chlorophyll_A_001_phosphate_plate4.tif,1,976.000,976,976
635,G3_01_1_1_Chlorophyll_A_001_phosphate_plate4.tif,3,986.667,960,1024
636,G3_01_1_1_Chlorophyll_A_001_phosphate_plate4.tif,1,944.000,944,944
637,G3_01_1_1_Chlorophyll_A_001_phosphate_plate4.tif,1,1008.000,1008,1008
638,G3_01_1_1_Chlorophyll_A_001_phosphate_plate4.tif,1,944.000,944,944
639,G3_01_1_1_Chlorophyll_A_001_phosphate_plate4.tif,1,944.000,944,944
640,G3_01_1_1_Chlorophyll_A_001_phosphate_plate4.tif,1,944.000,944,944
641,G3_01_1_1_Chlorophyll_A_001_phosphate_plate4.tif,1,1184.000,1184,1184
642,G3_01_1_1_Chlorophyll_A_001_phosphate_plate4.tif,1,1104.000,1104,1104
643,G3_01_1_1_Chlorophyll_A_001_phosphate_plate4.tif,1,1024.000,1024,1024
644,G3_01_1_1_Chlorophyll_A_001_phosphate_plate4.tif,27,1161.481,960,1472
645,G3_01_1_1_Chlorophyll_A_001_phosphate_plate4.tif,11,1160.727,944,1344
646,G3_01_1_1_Chlorophyll_A_001_phosphate_plate4.tif,25,1162.880,944,1360
647,G3_01_1_1_Chlorophyll_A_001_phosphate_plate4.tif,56,1101.429,944,1472
648,G3_01_1_1_Chlorophyll_A_001_phosphate_plate4.tif,55,1064.727,944,1312
649,G3_01_1_1_Chlorophyll_A_001_phosphate_plate4.tif,2,992.000,944,1040
650,G3_01_1_1_Chlorophyll_A_001_phosphate_plate4.tif,3,1098.667,1024,1136
651,G3_01_1_1_Chlorophyll_A_001_phosphate_plate4.tif,1,944.000,944,944
652,G3_01_1_1_Chlorophyll_A_001_phosphate_plate4.tif,2,1080.000,944,1216
653,G3_01_1_1_Chlorophyll_A_001_phosphate_plate4.tif,2,1008.000,1008,1008
654,G3_01_1_1_Chlorophyll_A_001_phosphate_plate4.tif,2,1008.000,1008,1008
655,G3_01_1_1_Chlorophyll_A_001_phosphate_plate4.tif,1,1184.000,1184,1184
656,G3_01_1_1_Chlorophyll_A_001_phosphate_plate4.tif,1,1040.000,1040,1040
657,G3_01_1_1_Chlorophyll_A_001_phosphate_plate4.tif,1,960.000,960,960
658,G3_01_1_1_Chlorophyll_A_001_phosphate_plate4.tif,2,992.000,976,1008
659,G3_01_1_1_Chlorophyll_A_001_phosphate_plate4.tif,1,944.000,944,944
660,G3_01_1_1_Chlorophyll_A_001_phosphate_plate4.tif,2,1024.000,944,1104
661,G3_01_1_1_Chlorophyll_A_001_phosphate_plate4.tif,1,960.000,960,960
662,G3_01_1_1_Chlorophyll_A_001_phosphate_plate4.tif,1,976.000,976,976
663,G3_01_1_1_Chlorophyll_A_001_phosphate_plate4.tif,1,1024.000,1024,1024
664,G3_01_1_1_Chlorophyll_A_001_phosphate_plate4.tif,1,960.000,960,960
665,G3_01_1_1_Chlorophyll_A_001_phosphate_plate4.tif,1,960.000,960,960
666,G3_01_1_1_Chlorophyll_A_001_phosphate_plate4.tif,1,960.000,960,960
667,G3_01_1_1_Chlorophyll_A_001_phosphate_plate4.tif,120,5133.333,944,35920
668,G3_01_1_1_Chlorophyll_A_001_phosphate_plate4.tif,1,1088.000,1088,1088
669,G3_01_1_1_Chlorophyll_A_001_phosphate_plate4.tif,263,2593.582,960,23008
670,G3_01_1_1_Chlorophyll_A_001_phosphate_plate4.tif,59,1079.593,944,1280
671,G3_01_1_1_Chlorophyll_A_001_phosphate_plate4.tif,27,1076.148,960,1280
672,G3_01_1_1_Chlorophyll_A_001_phosphate_plate4.tif,1,1040.000,1040,1040
673,G3_01_1_1_Chlorophyll_A_001_phosphate_plate4.tif,1,1024.000,1024,1024
674,G3_01_1_1_Chlorophyll_A_001_phosphate_plate4.tif,5,1024.000,976,1104
675,G3_01_1_1_Chlorophyll_A_001_phosphate_plate4.tif,1,976.000,976,976
676,G3_01_1_1_Chlorophyll_A_001_phosphate_plate4.tif,1,1008.000,1008,1008
677,G3_01_1_1_Chlorophyll_A_001_phosphate_plate4.tif,1,1024.000,1024,1024
678,G3_01_1_1_Chlorophyll_A_001_phosphate_plate4.tif,1,960.000,960,960
679,G3_01_1_1_Chlorophyll_A_001_phosphate_plate4.tif,1,992.000,992,992
680,G3_01_1_1_Chlorophyll_A_001_phosphate_plate4.tif,1,992.000,992,992
681,G3_01_1_1_Chlorophyll_A_001_phosphate_plate4.tif,1,992.000,992,992
682,G3_01_1_1_Chlorophyll_A_001_phosphate_plate4.tif,1,960.000,960,960
683,G3_01_1_1_Chlorophyll_A_001_phosphate_plate4.tif,39,1133.538,960,1456
684,G3_01_1_1_Chlorophyll_A_001_phosphate_plate4.tif,22,1080.000,944,1360
685,G3_01_1_1_Chlorophyll_A_001_phosphate_plate4.tif,10,1148.800,960,1440
686,G3_01_1_1_Chlorophyll_A_001_phosphate_plate4.tif,1,1072.000,1072,1072
687,G3_01_1_1_Chlorophyll_A_001_phosphate_plate4.tif,1,1024.000,1024,1024
688,G3_01_1_1_Chlorophyll_A_001_phosphate_plate4.tif,2,1056.000,976,1136
689,G3_01_1_1_Chlorophyll_A_001_phosphate_plate4.tif,1,960.000,960,960
690,G3_01_1_1_Chlorophyll_A_001_phosphate_plate4.tif,1,976.000,976,976
691,G3_01_1_1_Chlorophyll_A_001_phosphate_plate4.tif,2,1000.000,944,1056
692,G3_01_1_1_Chlorophyll_A_001_phosphate_plate4.tif,1,976.000,976,976
693,G3_01_1_1_Chlorophyll_A_001_phosphate_plate4.tif,1,944.000,944,944
694,G3_01_1_1_Chlorophyll_A_001_phosphate_plate4.tif,1,1056.000,1056,1056
695,G3_01_1_1_Chlorophyll_A_001_phosphate_plate4.tif,1,1008.000,1008,1008
696,G3_01_1_1_Chlorophyll_A_001_phosphate_plate4.tif,1,944.000,944,944
697,G3_01_1_1_Chlorophyll_A_001_phosphate_plate4.tif,1,1200.000,1200,1200
698,G3_01_1_1_Chlorophyll_A_001_phosphate_plate4.tif,1,960.000,960,960
699,G3_01_1_1_Chlorophyll_A_001_phosphate_plate4.tif,1,992.000,992,992
700,G3_01_1_1_Chlorophyll_A_001_phosphate_plate4.tif,20,1068.000,944,1424
701,G3_01_1_1_Chlorophyll_A_001_phosphate_plate4.tif,51,1044.706,944,1200
702,G3_01_1_1_Chlorophyll_A_001_phosphate_plate4.tif,54,1067.259,944,1344
703,G3_01_1_1_Chlorophyll_A_001_phosphate_plate4.tif,8,1024.000,944,1088
704,G3_01_1_1_Chlorophyll_A_001_phosphate_plate4.tif,2,1024.000,960,1088
705,G3_01_1_1_Chlorophyll_A_001_phosphate_plate4.tif,1,1088.000,1088,1088
706,G3_01_1_1_Chlorophyll_A_001_phosphate_plate4.tif,1,1184.000,1184,1184
707,G3_01_1_1_Chlorophyll_A_001_phosphate_plate4.tif,1,992.000,992,992
708,G3_01_1_1_Chlorophyll_A_001_phosphate_plate4.tif,1,1040.000,1040,1040
709,G3_01_1_1_Chlorophyll_A_001_phosphate_plate4.tif,2,992.000,944,1040
710,G3_01_1_1_Chlorophyll_A_001_phosphate_plate4.tif,1,944.000,944,944
711,G3_01_1_1_Chlorophyll_A_001_phosphate_plate4.tif,1,1168.000,1168,1168
712,G3_01_1_1_Chlorophyll_A_001_phosphate_plate4.tif,1,960.000,960,960
713,G3_01_1_1_Chlorophyll_A_001_phosphate_plate4.tif,1,944.000,944,944
714,G3_01_1_1_Chlorophyll_A_001_phosphate_plate4.tif,1,1040.000,1040,1040
715,G3_01_1_1_Chlorophyll_A_001_phosphate_plate4.tif,4,964.000,960,976
716,G3_01_1_1_Chlorophyll_A_001_phosphate_plate4.tif,1,944.000,944,944
717,G3_01_1_1_Chlorophyll_A_001_phosphate_plate4.tif,1,992.000,992,992
718,G3_01_1_1_Chlorophyll_A_001_phosphate_plate4.tif,1,944.000,944,944
719,G3_01_1_1_Chlorophyll_A_001_phosphate_plate4.tif,1,992.000,992,992
720,G3_01_1_1_Chlorophyll_A_001_phosphate_plate4.tif,1,960.000,960,960
721,G3_01_1_1_Chlorophyll_A_001_phosphate_plate4.tif,1,1008.000,1008,1008
722,G3_01_1_1_Chlorophyll_A_001_phosphate_plate4.tif,34,1129.412,944,1568
723,G3_01_1_1_Chlorophyll_A_001_phosphate_plate4.tif,251,2527.936,944,28240
724,G3_01_1_1_Chlorophyll_A_001_phosphate_plate4.tif,29,1115.034,960,1440
725,G3_01_1_1_Chlorophyll_A_001_phosphate_plate4.tif,437,2642.124,944,27568
726,G3_01_1_1_Chlorophyll_A_001_phosphate_plate4.tif,39,1111.795,944,1360
727,G3_01_1_1_Chlorophyll_A_001_phosphate_plate4.tif,61,1094.295,944,1328
728,G3_01_1_1_Chlorophyll_A_001_phosphate_plate4.tif,12,1018.667,944,1120
729,G3_01_1_1_Chlorophyll_A_001_phosphate_plate4.tif,3,1061.333,1024,1104
730,G3_01_1_1_Chlorophyll_A_001_phosphate_plate4.tif,4,992.000,944,1056
731,G3_01_1_1_Chlorophyll_A_001_phosphate_plate4.tif,7,978.286,944,1056
732,G3_01_1_1_Chlorophyll_A_001_phosphate_plate4.tif,2,1040.000,960,1120
733,G3_01_1_1_Chlorophyll_A_001_phosphate_plate4.tif,1,1024.000,1024,1024
734,G3_01_1_1_Chlorophyll_A_001_phosphate_plate4.tif,1,976.000,976,976
735,G3_01_1_1_Chlorophyll_A_001_phosphate_plate4.tif,1,1024.000,1024,1024
736,G3_01_1_1_Chlorophyll_A_001_phosphate_plate4.tif,1,944.000,944,944
737,G3_01_1_1_Chlorophyll_A_001_phosphate_plate4.tif,1,992.000,992,992
738,G3_01_1_1_Chlorophyll_A_001_phosphate_plate4.tif,1,944.000,944,944
739,G3_01_1_1_Chlorophyll_A_001_phosphate_plate4.tif,2,984.000,960,1008
740,G3_01_1_1_Chlorophyll_A_001_phosphate_plate4.tif,1,1008.000,1008,1008
741,G3_01_1_1_Chlorophyll_A_001_phosphate_plate4.tif,171,6064.281,944,37392
742,G3_01_1_1_Chlorophyll_A_001_phosphate_plate4.tif,1,1024.000,1024,1024
743,G3_01_1_1_Chlorophyll_A_001_phosphate_plate4.tif,1,1008.000,1008,1008
744,G3_01_1_1_Chlorophyll_A_001_phosphate_plate4.tif,61,1109.770,944,1392
745,G3_01_1_1_Chlorophyll_A_001_phosphate_plate4.tif,47,1083.234,944,1424
746,G3_01_1_1_Chlorophyll_A_001_phosphate_plate4.tif,11,1102.545,944,1312
747,G3_01_1_1_Chlorophyll_A_001_phosphate_plate4.tif,4,1056.000,944,1200
748,G3_01_1_1_Chlorophyll_A_001_phosphate_plate4.tif,1,1008.000,1008,1008
749,G3_01_1_1_Chlorophyll_A_001_phosphate_plate4.tif,1,944.000,944,944
750,G3_01_1_1_Chlorophyll_A_001_phosphate_plate4.tif,2,1048.000,1008,1088
751,G3_01_1_1_Chlorophyll_A_001_phosphate_plate4.tif,1,1072.000,1072,1072
752,G3_01_1_1_Chlorophyll_A_001_phosphate_plate4.tif,1,1056.000,1056,1056
753,G3_01_1_1_Chlorophyll_A_001_phosphate_plate4.tif,2,960.000,960,960
754,G3_01_1_1_Chlorophyll_A_001_phosphate_plate4.tif,1,992.000,992,992
755,G3_01_1_1_Chlorophyll_A_001_phosphate_plate4.tif,2,1048.000,976,1120
756,G3_01_1_1_Chlorophyll_A_001_phosphate_plate4.tif,1,960.000,960,960
757,G3_01_1_1_Chlorophyll_A_001_phosphate_plate4.tif,1,960.000,960,960
758,G3_01_1_1_Chlorophyll_A_001_phosphate_plate4.tif,3,1024.000,944,1136
759,G3_01_1_1_Chlorophyll_A_001_phosphate_plate4.tif,1,976.000,976,976
760,G3_01_1_1_Chlorophyll_A_001_phosphate_plate4.tif,1,960.000,960,960
761,G3_01_1_1_Chlorophyll_A_001_phosphate_plate4.tif,1,944.000,944,944
762,G3_01_1_1_Chlorophyll_A_001_phosphate_plate4.tif,1,976.000,976,976
763,G3_01_1_1_Chlorophyll_A_001_phosphate_plate4.tif,1,1040.000,1040,1040
764,G3_01_1_1_Chlorophyll_A_001_phosphate_plate4.tif,121,1134.545,944,1504
765,G3_01_1_1_Chlorophyll_A_001_phosphate_plate4.tif,27,1127.111,992,1312
766,G3_01_1_1_Chlorophyll_A_001_phosphate_plate4.tif,1,960.000,960,960
767,G3_01_1_1_Chlorophyll_A_001_phosphate_plate4.tif,1,1200.000,1200,1200
768,G3_01_1_1_Chlorophyll_A_001_phosphate_plate4.tif,10,984.000,944,1072
769,G3_01_1_1_Chlorophyll_A_001_phosphate_plate4.tif,1,944.000,944,944
770,G3_01_1_1_Chlorophyll_A_001_phosphate_plate4.tif,1,976.000,976,976
771,G3_01_1_1_Chlorophyll_A_001_phosphate_plate4.tif,1,944.000,944,944
772,G3_01_1_1_Chlorophyll_A_001_phosphate_plate4.tif,1,960.000,960,960
773,G3_01_1_1_Chlorophyll_A_001_phosphate_plate4.tif,1,960.000,960,960
774,G3_01_1_1_Chlorophyll_A_001_phosphate_plate4.tif,3,1050.667,976,1152
775,G3_01_1_1_Chlorophyll_A_001_phosphate_plate4.tif,1,944.000,944,944
776,G3_01_1_1_Chlorophyll_A_001_phosphate_plate4.tif,1,1024.000,1024,1024
777,G3_01_1_1_Chlorophyll_A_001_phosphate_plate4.tif,1,1072.000,1072,1072
778,G3_01_1_1_Chlorophyll_A_001_phosphate_plate4.tif,1,960.000,960,960
779,G3_01_1_1_Chlorophyll_A_001_phosphate_plate4.tif,1,944.000,944,944
780,G3_01_1_1_Chlorophyll_A_001_phosphate_plate4.tif,1,960.000,960,960
781,G3_01_1_1_Chlorophyll_A_001_phosphate_plate4.tif,63,1174.603,960,1456
782,G3_01_1_1_Chlorophyll_A_001_phosphate_plate4.tif,7,1065.143,976,1248
783,G3_01_1_1_Chlorophyll_A_001_phosphate_plate4.tif,66,1068.364,944,1392
784,G3_01_1_1_Chlorophyll_A_001_phosphate_plate4.tif,31,1092.645,944,1296
785,G3_01_1_1_Chlorophyll_A_001_phosphate_plate4.tif,1,960.000,960,960
786,G3_01_1_1_Chlorophyll_A_001_phosphate_plate4.tif,1,1008.000,1008,1008
787,G3_01_1_1_Chlorophyll_A_001_phosphate_plate4.tif,1,944.000,944,944
788,G3_01_1_1_Chlorophyll_A_001_phosphate_plate4.tif,2,960.000,944,976
789,G3_01_1_1_Chlorophyll_A_001_phosphate_plate4.tif,1,1136.000,1136,1136
790,G3_01_1_1_Chlorophyll_A_001_phosphate_plate4.tif,2,968.000,944,992
791,G3_01_1_1_Chlorophyll_A_001_phosphate_plate4.tif,1,1024.000,1024,1024
792,G3_01_1_1_Chlorophyll_A_001_phosphate_plate4.tif,1,944.000,944,944
793,G3_01_1_1_Chlorophyll_A_001_phosphate_plate4.tif,1,1008.000,1008,1008
794,G3_01_1_1_Chlorophyll_A_001_phosphate_plate4.tif,1,992.000,992,992
795,G3_01_1_1_Chlorophyll_A_001_phosphate_plate4.tif,2,976.000,944,1008
796,G3_01_1_1_Chlorophyll_A_001_phosphate_plate4.tif,1,944.000,944,944
797,G3_01_1_1_Chlorophyll_A_001_phosphate_plate4.tif,3,949.333,944,960
798,G3_01_1_1_Chlorophyll_A_001_phosphate_plate4.tif,1,976.000,976,976
799,G3_01_1_1_Chlorophyll_A_001_phosphate_plate4.tif,1,1056.000,1056,1056
800,G3_01_1_1_Chlorophyll_A_001_phosphate_plate4.tif,27,1101.037,944,1280
801,G3_01_1_1_Chlorophyll_A_001_phosphate_plate4.tif,41,1131.317,960,1376
802,G3_01_1_1_Chlorophyll_A_001_phosphate_plate4.tif,2,992.000,960,1024
803,G3_01_1_1_Chlorophyll_A_001_phosphate_plate4.tif,6,1013.333,944,1104
804,G3_01_1_1_Chlorophyll_A_001_phosphate_plate4.tif,4,1020.000,976,1040
805,G3_01_1_1_Chlorophyll_A_001_phosphate_plate4.tif,2,1008.000,960,1056
806,G3_01_1_1_Chlorophyll_A_001_phosphate_plate4.tif,4,984.000,944,1040
807,G3_01_1_1_Chlorophyll_A_001_phosphate_plate4.tif,2,1016.000,1008,1024
808,G3_01_1_1_Chlorophyll_A_001_phosphate_plate4.tif,1,976.000,976,976
809,G3_01_1_1_Chlorophyll_A_001_phosphate_plate4.tif,1,1056.000,1056,1056
810,G3_01_1_1_Chlorophyll_A_001_phosphate_plate4.tif,1,1088.000,1088,1088
811,G3_01_1_1_Chlorophyll_A_001_phosphate_plate4.tif,3,986.667,944,1040
812,G3_01_1_1_Chlorophyll_A_001_phosphate_plate4.tif,2,1000.000,976,1024
813,G3_01_1_1_Chlorophyll_A_001_phosphate_plate4.tif,1,944.000,944,944
814,G3_01_1_1_Chlorophyll_A_001_phosphate_plate4.tif,1,960.000,960,960
815,G3_01_1_1_Chlorophyll_A_001_phosphate_plate4.tif,1,976.000,976,976
816,G3_01_1_1_Chlorophyll_A_001_phosphate_plate4.tif,1,1344.000,1344,1344
817,G3_01_1_1_Chlorophyll_A_001_phosphate_plate4.tif,98,4371.592,944,26048
818,G3_01_1_1_Chlorophyll_A_001_phosphate_plate4.tif,1,976.000,976,976
819,G3_01_1_1_Chlorophyll_A_001_phosphate_plate4.tif,16,1064.000,944,1376
820,G3_01_1_1_Chlorophyll_A_001_phosphate_plate4.tif,1,1088.000,1088,1088
821,G3_01_1_1_Chlorophyll_A_001_phosphate_plate4.tif,98,4501.388,944,33968
822,G3_01_1_1_Chlorophyll_A_001_phosphate_plate4.tif,128,5961.375,944,45120
823,G3_01_1_1_Chlorophyll_A_001_phosphate_plate4.tif,1,1008.000,1008,1008
824,G3_01_1_1_Chlorophyll_A_001_phosphate_plate4.tif,1,1024.000,1024,1024
825,G3_01_1_1_Chlorophyll_A_001_phosphate_plate4.tif,1,960.000,960,960
826,G3_01_1_1_Chlorophyll_A_001_phosphate_plate4.tif,15,1102.933,976,1232
827,G3_01_1_1_Chlorophyll_A_001_phosphate_plate4.tif,15,1096.533,960,1328
828,G3_01_1_1_Chlorophyll_A_001_phosphate_plate4.tif,46,1105.391,960,1376
829,G3_01_1_1_Chlorophyll_A_001_phosphate_plate4.tif,23,1069.913,944,1296
830,G3_01_1_1_Chlorophyll_A_001_phosphate_plate4.tif,1,1040.000,1040,1040
831,G3_01_1_1_Chlorophyll_A_001_phosphate_plate4.tif,2,960.000,944,976
832,G3_01_1_1_Chlorophyll_A_001_phosphate_plate4.tif,9,1009.778,944,1184
833,G3_01_1_1_Chlorophyll_A_001_phosphate_plate4.tif,1,944.000,944,944
834,G3_01_1_1_Chlorophyll_A_001_phosphate_plate4.tif,1,1056.000,1056,1056
835,G3_01_1_1_Chlorophyll_A_001_phosphate_plate4.tif,1,1024.000,1024,1024
836,G3_01_1_1_Chlorophyll_A_001_phosphate_plate4.tif,93,3903.484,944,25728
837,G3_01_1_1_Chlorophyll_A_001_phosphate_plate4.tif,100,4615.680,944,22256
838,G3_01_1_1_Chlorophyll_A_001_phosphate_plate4.tif,16,1084.000,976,1280
839,G3_01_1_1_Chlorophyll_A_001_phosphate_plate4.tif,20,1054.400,944,1232
840,G3_01_1_1_Chlorophyll_A_001_phosphate_plate4.tif,22,1123.636,944,1280
841,G3_01_1_1_Chlorophyll_A_001_phosphate_plate4.tif,1,960.000,960,960
842,G3_01_1_1_Chlorophyll_A_001_phosphate_plate4.tif,1,992.000,992,992
843,G3_01_1_1_Chlorophyll_A_001_phosphate_plate4.tif,1,944.000,944,944
844,G3_01_1_1_Chlorophyll_A_001_phosphate_plate4.tif,1,992.000,992,992
845,G3_01_1_1_Chlorophyll_A_001_phosphate_plate4.tif,2,1080.000,1056,1104
846,G3_01_1_1_Chlorophyll_A_001_phosphate_plate4.tif,1,960.000,960,960
847,G3_01_1_1_Chlorophyll_A_001_phosphate_plate4.tif,1,1024.000,1024,1024
848,G3_01_1_1_Chlorophyll_A_001_phosphate_plate4.tif,2,992.000,992,992
849,G3_01_1_1_Chlorophyll_A_001_phosphate_plate4.tif,1,944.000,944,944
850,G3_01_1_1_Chlorophyll_A_001_phosphate_plate4.tif,3,949.333,944,960
851,G3_01_1_1_Chlorophyll_A_001_phosphate_plate4.tif,1,960.000,960,960
852,G3_01_1_1_Chlorophyll_A_001_phosphate_plate4.tif,10,1168.000,960,1344
853,G3_01_1_1_Chlorophyll_A_001_phosphate_plate4.tif,16,1125.000,960,1408
854,G3_01_1_1_Chlorophyll_A_001_phosphate_plate4.tif,7,1076.571,944,1248
855,G3_01_1_1_Chlorophyll_A_001_phosphate_plate4.tif,2,960.000,944,976
856,G3_01_1_1_Chlorophyll_A_001_phosphate_plate4.tif,64,1048.000,944,1248
857,G3_01_1_1_Chlorophyll_A_001_phosphate_plate4.tif,5,998.400,944,1056
858,G3_01_1_1_Chlorophyll_A_001_phosphate_plate4.tif,1,944.000,944,944
859,G3_01_1_1_Chlorophyll_A_001_phosphate_plate4.tif,1,1024.000,1024,1024
860,G3_01_1_1_Chlorophyll_A_001_phosphate_plate4.tif,1,992.000,992,992
861,G3_01_1_1_Chlorophyll_A_001_phosphate_plate4.tif,1,976.000,976,976
862,G3_01_1_1_Chlorophyll_A_001_phosphate_plate4.tif,1,1024.000,1024,1024
863,G3_01_1_1_Chlorophyll_A_001_phosphate_plate4.tif,1,1040.000,1040,1040
864,G3_01_1_1_Chlorophyll_A_001_phosphate_plate4.tif,1,944.000,944,944
865,G3_01_1_1_Chlorophyll_A_001_phosphate_plate4.tif,3,981.333,976,992
866,G3_01_1_1_Chlorophyll_A_001_phosphate_plate4.tif,8,1150.000,960,1344
867,G3_01_1_1_Chlorophyll_A_001_phosphate_plate4.tif,93,1106.581,944,1472
868,G3_01_1_1_Chlorophyll_A_001_phosphate_plate4.tif,38,1091.789,944,1328
869,G3_01_1_1_Chlorophyll_A_001_phosphate_plate4.tif,1,944.000,944,944
870,G3_01_1_1_Chlorophyll_A_001_phosphate_plate4.tif,187,3195.465,944,28048
871,G3_01_1_1_Chlorophyll_A_001_phosphate_plate4.tif,1,1104.000,1104,1104
872,G3_01_1_1_Chlorophyll_A_001_phosphate_plate4.tif,2,992.000,976,1008
873,G3_01_1_1_Chlorophyll_A_001_phosphate_plate4.tif,1,1088.000,1088,1088
874,G3_01_1_1_Chlorophyll_A_001_phosphate_plate4.tif,1,976.000,976,976
875,G3_01_1_1_Chlorophyll_A_001_phosphate_plate4.tif,1,992.000,992,992
876,G3_01_1_1_Chlorophyll_A_001_phosphate_plate4.tif,2,960.000,944,976
877,G3_01_1_1_Chlorophyll_A_001_phosphate_plate4.tif,1,1008.000,1008,1008
878,G3_01_1_1_Chlorophyll_A_001_phosphate_plate4.tif,197,5073.299,944,36464
879,G3_01_1_1_Chlorophyll_A_001_phosphate_plate4.tif,1,960.000,960,960
880,G3_01_1_1_Chlorophyll_A_001_phosphate_plate4.tif,1,976.000,976,976
881,G3_01_1_1_Chlorophyll_A_001_phosphate_plate4.tif,1,992.000,992,992
882,G3_01_1_1_Chlorophyll_A_001_phosphate_plate4.tif,2,944.000,944,944
883,G3_01_1_1_Chlorophyll_A_001_phosphate_plate4.tif,1,1024.000,1024,1024
884,G3_01_1_1_Chlorophyll_A_001_phosphate_plate4.tif,66,1131.879,944,1552
885,G3_01_1_1_Chlorophyll_A_001_phosphate_plate4.tif,18,1035.556,944,1136
886,G3_01_1_1_Chlorophyll_A_001_phosphate_plate4.tif,7,1017.143,976,1088
887,G3_01_1_1_Chlorophyll_A_001_phosphate_plate4.tif,3,1008.000,960,1104
888,G3_01_1_1_Chlorophyll_A_001_phosphate_plate4.tif,3,970.667,960,992
889,G3_01_1_1_Chlorophyll_A_001_phosphate_plate4.tif,2,1000.000,976,1024
890,G3_01_1_1_Chlorophyll_A_001_phosphate_plate4.tif,2,976.000,960,992
891,G3_01_1_1_Chlorophyll_A_001_phosphate_plate4.tif,2,1008.000,976,1040
892,G3_01_1_1_Chlorophyll_A_001_phosphate_plate4.tif,1,976.000,976,976
893,G3_01_1_1_Chlorophyll_A_001_phosphate_plate4.tif,1,976.000,976,976
894,G3_01_1_1_Chlorophyll_A_001_phosphate_plate4.tif,1,1040.000,1040,1040
895,G3_01_1_1_Chlorophyll_A_001_phosphate_plate4.tif,1,1008.000,1008,1008
896,G3_01_1_1_Chlorophyll_A_001_phosphate_plate4.tif,1,1088.000,1088,1088
897,G3_01_1_1_Chlorophyll_A_001_phosphate_plate4.tif,1,944.000,944,944
898,G3_01_1_1_Chlorophyll_A_001_phosphate_plate4.tif,1,960.000,960,960
899,G3_01_1_1_Chlorophyll_A_001_phosphate_plate4.tif,1,1088.000,1088,1088
900,G3_01_1_1_Chlorophyll_A_001_phosphate_plate4.tif,1,1056.000,1056,1056
901,G3_01_1_1_Chlorophyll_A_001_phosphate_plate4.tif,1,1088.000,1088,1088
902,G3_01_1_1_Chlorophyll_A_001_phosphate_plate4.tif,4,988.000,944,1024
903,G3_01_1_1_Chlorophyll_A_001_phosphate_plate4.tif,1,1056.000,1056,1056
904,G3_01_1_1_Chlorophyll_A_001_phosphate_plate4.tif,1,1008.000,1008,1008
905,G3_01_1_1_Chlorophyll_A_001_phosphate_plate4.tif,1,944.000,944,944
906,G3_01_1_1_Chlorophyll_A_001_phosphate_plate4.tif,56,1096.000,944,1424
907,G3_01_1_1_Chlorophyll_A_001_phosphate_plate4.tif,43,1096.558,944,1344
908,G3_01_1_1_Chlorophyll_A_001_phosphate_plate4.tif,135,1089.304,944,1408
909,G3_01_1_1_Chlorophyll_A_001_phosphate_plate4.tif,2,1040.000,976,1104
910,G3_01_1_1_Chlorophyll_A_001_phosphate_plate4.tif,1,976.000,976,976
911,G3_01_1_1_Chlorophyll_A_001_phosphate_plate4.tif,1,960.000,960,960
912,G3_01_1_1_Chlorophyll_A_001_phosphate_plate4.tif,1,944.000,944,944
913,G3_01_1_1_Chlorophyll_A_001_phosphate_plate4.tif,1,960.000,960,960
914,G3_01_1_1_Chlorophyll_A_001_phosphate_plate4.tif,1,944.000,944,944
915,G3_01_1_1_Chlorophyll_A_001_phosphate_plate4.tif,1,976.000,976,976
916,G3_01_1_1_Chlorophyll_A_001_phosphate_plate4.tif,1,944.000,944,944
917,G3_01_1_1_Chlorophyll_A_001_phosphate_plate4.tif,1,944.000,944,944
918,G3_01_1_1_Chlorophyll_A_001_phosphate_plate4.tif,1,1008.000,1008,1008
919,G3_01_1_1_Chlorophyll_A_001_phosphate_plate4.tif,1,944.000,944,944
920,G3_01_1_1_Chlorophyll_A_001_phosphate_plate4.tif,2,1008.000,976,1040
921,G3_01_1_1_Chlorophyll_A_001_phosphate_plate4.tif,1,976.000,976,976
922,G3_01_1_1_Chlorophyll_A_001_phosphate_plate4.tif,1,992.000,992,992
923,G3_01_1_1_Chlorophyll_A_001_phosphate_plate4.tif,41,1118.049,944,1456
924,G3_01_1_1_Chlorophyll_A_001_phosphate_plate4.tif,47,1108.426,944,1504
925,G3_01_1_1_Chlorophyll_A_001_phosphate_plate4.tif,58,1044.966,944,1328
926,G3_01_1_1_Chlorophyll_A_001_phosphate_plate4.tif,2,1040.000,1024,1056
927,G3_01_1_1_Chlorophyll_A_001_phosphate_plate4.tif,1,1152.000,1152,1152
928,G3_01_1_1_Chlorophyll_A_001_phosphate_plate4.tif,2,944.000,944,944
929,G3_01_1_1_Chlorophyll_A_001_phosphate_plate4.tif,1,1024.000,1024,1024
930,G3_01_1_1_Chlorophyll_A_001_phosphate_plate4.tif,2,1008.000,976,1040
931,G3_01_1_1_Chlorophyll_A_001_phosphate_plate4.tif,1,960.000,960,960
932,G3_01_1_1_Chlorophyll_A_001_phosphate_plate4.tif,1,1056.000,1056,1056
933,G3_01_1_1_Chlorophyll_A_001_phosphate_plate4.tif,1,1040.000,1040,1040
934,G3_01_1_1_Chlorophyll_A_001_phosphate_plate4.tif,1,1056.000,1056,1056
935,G3_01_1_1_Chlorophyll_A_001_phosphate_plate4.tif,1,1104.000,1104,1104
936,G3_01_1_1_Chlorophyll_A_001_phosphate_plate4.tif,1,1008.000,1008,1008
937,G3_01_1_1_Chlorophyll_A_001_phosphate_plate4.tif,1,944.000,944,944
938,G3_01_1_1_Chlorophyll_A_001_phosphate_plate4.tif,1,992.000,992,992
939,G3_01_1_1_Chlorophyll_A_001_phosphate_plate4.tif,1,976.000,976,976
940,G3_01_1_1_Chlorophyll_A_001_phosphate_plate4.tif,1,1120.000,1120,1120
941,G3_01_1_1_Chlorophyll_A_001_phosphate_plate4.tif,1,960.000,960,960
942,G3_01_1_1_Chlorophyll_A_001_phosphate_plate4.tif,1,976.000,976,976
943,G3_01_1_1_Chlorophyll_A_001_phosphate_plate4.tif,1,992.000,992,992
944,G3_01_1_1_Chlorophyll_A_001_phosphate_plate4.tif,389,2236.751,944,28064
945,G3_01_1_1_Chlorophyll_A_001_phosphate_plate4.tif,17,1167.059,944,1536
946,G3_01_1_1_Chlorophyll_A_001_phosphate_plate4.tif,16,1087.000,976,1312
947,G3_01_1_1_Chlorophyll_A_001_phosphate_plate4.tif,51,1079.529,944,1296
948,G3_01_1_1_Chlorophyll_A_001_phosphate_plate4.tif,60,1047.200,944,1376
949,G3_01_1_1_Chlorophyll_A_001_phosphate_plate4.tif,3,1045.333,1008,1104
950,G3_01_1_1_Chlorophyll_A_001_phosphate_plate4.tif,1,960.000,960,960
951,G3_01_1_1_Chlorophyll_A_001_phosphate_plate4.tif,2,1008.000,944,1072
952,G3_01_1_1_Chlorophyll_A_001_phosphate_plate4.tif,2,952.000,944,960
953,G3_01_1_1_Chlorophyll_A_001_phosphate_plate4.tif,1,1152.000,1152,1152
954,G3_01_1_1_Chlorophyll_A_001_phosphate_plate4.tif,1,1040.000,1040,1040
955,G3_01_1_1_Chlorophyll_A_001_phosphate_plate4.tif,1,992.000,992,992
956,G3_01_1_1_Chlorophyll_A_001_phosphate_plate4.tif,1,944.000,944,944
957,G3_01_1_1_Chlorophyll_A_001_phosphate_plate4.tif,1,1136.000,1136,1136
958,G3_01_1_1_Chlorophyll_A_001_phosphate_plate4.tif,1,1120.000,1120,1120
959,G3_01_1_1_Chlorophyll_A_001_phosphate_plate4.tif,1,1104.000,1104,1104
960,G3_01_1_1_Chlorophyll_A_001_phosphate_plate4.tif,3,1098.667,1072,1152
961,G3_01_1_1_Chlorophyll_A_001_phosphate_plate4.tif,1,1040.000,1040,1040
962,G3_01_1_1_Chlorophyll_A_001_phosphate_plate4.tif,1,944.000,944,944
963,G3_01_1_1_Chlorophyll_A_001_phosphate_plate4.tif,1,944.000,944,944
964,G3_01_1_1_Chlorophyll_A_001_phosphate_plate4.tif,1,976.000,976,976
965,G3_01_1_1_Chlorophyll_A_001_phosphate_plate4.tif,2,1000.000,944,1056
966,G3_01_1_1_Chlorophyll_A_001_phosphate_plate4.tif,1,944.000,944,944
967,G3_01_1_1_Chlorophyll_A_001_phosphate_plate4.tif,2,960.000,944,976
968,G3_01_1_1_Chlorophyll_A_001_phosphate_plate4.tif,29,1136.552,944,1408
969,G3_01_1_1_Chlorophyll_A_001_phosphate_plate4.tif,29,1096.828,944,1328
970,G3_01_1_1_Chlorophyll_A_001_phosphate_plate4.tif,48,1101.333,944,1392
971,G3_01_1_1_Chlorophyll_A_001_phosphate_plate4.tif,1,944.000,944,944
972,G3_01_1_1_Chlorophyll_A_001_phosphate_plate4.tif,1,944.000,944,944
973,G3_01_1_1_Chlorophyll_A_001_phosphate_plate4.tif,1,1024.000,1024,1024
974,G3_01_1_1_Chlorophyll_A_001_phosphate_plate4.tif,1,944.000,944,944
975,G3_01_1_1_Chlorophyll_A_001_phosphate_plate4.tif,1,1008.000,1008,1008
976,G3_01_1_1_Chlorophyll_A_001_phosphate_plate4.tif,1,944.000,944,944
977,G3_01_1_1_Chlorophyll_A_001_phosphate_plate4.tif,1,960.000,960,960
978,G3_01_1_1_Chlorophyll_A_001_phosphate_plate4.tif,1,976.000,976,976
979,G3_01_1_1_Chlorophyll_A_001_phosphate_plate4.tif,1,960.000,960,960
980,G3_01_1_1_Chlorophyll_A_001_phosphate_plate4.tif,1,944.000,944,944
981,G3_01_1_1_Chlorophyll_A_001_phosphate_plate4.tif,1,1024.000,1024,1024
982,G3_01_1_1_Chlorophyll_A_001_phosphate_plate4.tif,1,960.000,960,960
983,G3_01_1_1_Chlorophyll_A_001_phosphate_plate4.tif,1,1072.000,1072,1072
984,G3_01_1_1_Chlorophyll_A_001_phosphate_plate4.tif,1,1008.000,1008,1008
985,G3_01_1_1_Chlorophyll_A_001_phosphate_plate4.tif,64,1131.500,944,1472
986,G3_01_1_1_Chlorophyll_A_001_phosphate_plate4.tif,561,2479.173,944,29632
987,G3_01_1_1_Chlorophyll_A_001_phosphate_plate4.tif,24,1152.000,944,1360
988,G3_01_1_1_Chlorophyll_A_001_phosphate_plate4.tif,5,1056.000,976,1168
989,G3_01_1_1_Chlorophyll_A_001_phosphate_plate4.tif,4,1044.000,1008,1104
990,G3_01_1_1_Chlorophyll_A_001_phosphate_plate4.tif,1,944.000,944,944
991,G3_01_1_1_Chlorophyll_A_001_phosphate_plate4.tif,1,944.000,944,944
992,G3_01_1_1_Chlorophyll_A_001_phosphate_plate4.tif,1,976.000,976,976
993,G3_01_1_1_Chlorophyll_A_001_phosphate_plate4.tif,1,992.000,992,992
994,G3_01_1_1_Chlorophyll_A_001_phosphate_plate4.tif,1,1008.000,1008,1008
995,G3_01_1_1_Chlorophyll_A_001_phosphate_plate4.tif,1,944.000,944,944
996,G3_01_1_1_Chlorophyll_A_001_phosphate_plate4.tif,1,944.000,944,944
997,G3_01_1_1_Chlorophyll_A_001_phosphate_plate4.tif,3,1040.000,944,1152
998,G3_01_1_1_Chlorophyll_A_001_phosphate_plate4.tif,1,1056.000,1056,1056
999,G3_01_1_1_Chlorophyll_A_001_phosphate_plate4.tif,1,1088.000,1088,1088
1000,G3_01_1_1_Chlorophyll_A_001_phosphate_plate4.tif,1,976.000,976,976
1001,G3_01_1_1_Chlorophyll_A_001_phosphate_plate4.tif,1,1008.000,1008,1008
1002,G3_01_1_1_Chlorophyll_A_001_phosphate_plate4.tif,1,944.000,944,944
1003,G3_01_1_1_Chlorophyll_A_001_phosphate_plate4.tif,1,960.000,960,960
1004,G3_01_1_1_Chlorophyll_A_001_phosphate_plate4.tif,1,1056.000,1056,1056
1005,G3_01_1_1_Chlorophyll_A_001_phosphate_plate4.tif,1,944.000,944,944
1006,G3_01_1_1_Chlorophyll_A_001_phosphate_plate4.tif,2,992.000,944,1040
1007,G3_01_1_1_Chlorophyll_A_001_phosphate_plate4.tif,1,1040.000,1040,1040
1008,G3_01_1_1_Chlorophyll_A_001_phosphate_plate4.tif,1,1056.000,1056,1056
1009,G3_01_1_1_Chlorophyll_A_001_phosphate_plate4.tif,174,2771.218,944,24448
1010,G3_01_1_1_Chlorophyll_A_001_phosphate_plate4.tif,6,994.667,944,1072
1011,G3_01_1_1_Chlorophyll_A_001_phosphate_plate4.tif,1,944.000,944,944
1012,G3_01_1_1_Chlorophyll_A_001_phosphate_plate4.tif,1,1104.000,1104,1104
1013,G3_01_1_1_Chlorophyll_A_001_phosphate_plate4.tif,1,1024.000,1024,1024
1014,G3_01_1_1_Chlorophyll_A_001_phosphate_plate4.tif,1,944.000,944,944
1015,G3_01_1_1_Chlorophyll_A_001_phosphate_plate4.tif,1,960.000,960,960
1016,G3_01_1_1_Chlorophyll_A_001_phosphate_plate4.tif,1,1024.000,1024,1024
1017,G3_01_1_1_Chlorophyll_A_001_phosphate_plate4.tif,1,944.000,944,944
1018,G3_01_1_1_Chlorophyll_A_001_phosphate_plate4.tif,1,960.000,960,960
1019,G3_01_1_1_Chlorophyll_A_001_phosphate_plate4.tif,1,944.000,944,944
1020,G3_01_1_1_Chlorophyll_A_001_phosphate_plate4.tif,1,1008.000,1008,1008
1021,G3_01_1_1_Chlorophyll_A_001_phosphate_plate4.tif,216,4524.222,944,33840
1022,G3_01_1_1_Chlorophyll_A_001_phosphate_plate4.tif,33,1052.606,944,1232
1023,G3_01_1_1_Chlorophyll_A_001_phosphate_plate4.tif,19,1038.316,944,1216
1024,G3_01_1_1_Chlorophyll_A_001_phosphate_plate4.tif,1,1008.000,1008,1008
1025,G3_01_1_1_Chlorophyll_A_001_phosphate_plate4.tif,1,1008.000,1008,1008
1026,G3_01_1_1_Chlorophyll_A_001_phosphate_plate4.tif,2,944.000,944,944
1027,G3_01_1_1_Chlorophyll_A_001_phosphate_plate4.tif,1,960.000,960,960
1028,G3_01_1_1_Chlorophyll_A_001_phosphate_plate4.tif,1,1120.000,1120,1120
1029,G3_01_1_1_Chlorophyll_A_001_phosphate_plate4.tif,1,944.000,944,944
1030,G3_01_1_1_Chlorophyll_A_001_phosphate_plate4.tif,1,1056.000,1056,1056
1031,G3_01_1_1_Chlorophyll_A_001_phosphate_plate4.tif,107,5200.598,944,21712
1032,G3_01_1_1_Chlorophyll_A_001_phosphate_plate4.tif,1,976.000,976,976
1033,G3_01_1_1_Chlorophyll_A_001_phosphate_plate4.tif,87,1154.575,944,1504
1034,G3_01_1_1_Chlorophyll_A_001_phosphate_plate4.tif,208,2062.769,944,19744
1035,G3_01_1_1_Chlorophyll_A_001_phosphate_plate4.tif,1,960.000,960,960
1036,G3_01_1_1_Chlorophyll_A_001_phosphate_plate4.tif,1,960.000,960,960
1037,G3_01_1_1_Chlorophyll_A_001_phosphate_plate4.tif,2,952.000,944,960
1038,G3_01_1_1_Chlorophyll_A_001_phosphate_plate4.tif,1,976.000,976,976
1039,G3_01_1_1_Chlorophyll_A_001_phosphate_plate4.tif,1,944.000,944,944
1040,G3_01_1_1_Chlorophyll_A_001_phosphate_plate4.tif,1,1040.000,1040,1040
1041,G3_01_1_1_Chlorophyll_A_001_phosphate_plate4.tif,1,976.000,976,976
1042,G3_01_1_1_Chlorophyll_A_001_phosphate_plate4.tif,1,1040.000,1040,1040
1043,G3_01_1_1_Chlorophyll_A_001_phosphate_plate4.tif,1,976.000,976,976
1044,G3_01_1_1_Chlorophyll_A_001_phosphate_plate4.tif,1,976.000,976,976
1045,G3_01_1_1_Chlorophyll_A_001_phosphate_plate4.tif,1,944.000,944,944
1046,G3_01_1_1_Chlorophyll_A_001_phosphate_plate4.tif,1,1040.000,1040,1040
1047,G3_01_1_1_Chlorophyll_A_001_phosphate_plate4.tif,1,1024.000,1024,1024
1048,G3_01_1_1_Chlorophyll_A_001_phosphate_plate4.tif,1,976.000,976,976
1049,G3_01_1_1_Chlorophyll_A_001_phosphate_plate4.tif,1,992.000,992,992
1050,G3_01_1_1_Chlorophyll_A_001_phosphate_plate4.tif,1,976.000,976,976
1051,G3_01_1_1_Chlorophyll_A_001_phosphate_plate4.tif,1,960.000,960,960
1052,G3_01_1_1_Chlorophyll_A_001_phosphate_plate4.tif,1,944.000,944,944
1053,G3_01_1_1_Chlorophyll_A_001_phosphate_plate4.tif,1,1072.000,1072,1072
1054,G3_01_1_1_Chlorophyll_A_001_phosphate_plate4.tif,1,1120.000,1120,1120
1055,G3_01_1_1_Chlorophyll_A_001_phosphate_plate4.tif,3,960.000,944,976
1056,G3_01_1_1_Chlorophyll_A_001_phosphate_plate4.tif,3,1018.667,944,1056
1057,G3_01_1_1_Chlorophyll_A_001_phosphate_plate4.tif,1,960.000,960,960
1058,G3_01_1_1_Chlorophyll_A_001_phosphate_plate4.tif,20,1123.200,960,1360
1059,G3_01_1_1_Chlorophyll_A_001_phosphate_plate4.tif,1,960.000,960,960
1060,G3_01_1_1_Chlorophyll_A_001_phosphate_plate4.tif,3,954.667,944,976
1061,G3_01_1_1_Chlorophyll_A_001_phosphate_plate4.tif,1,992.000,992,992
1062,G3_01_1_1_Chlorophyll_A_001_phosphate_plate4.tif,1,944.000,944,944
1063,G3_01_1_1_Chlorophyll_A_001_phosphate_plate4.tif,2,1024.000,1008,1040
1064,G3_01_1_1_Chlorophyll_A_001_phosphate_plate4.tif,2,1176.000,1056,1296
1065,G3_01_1_1_Chlorophyll_A_001_phosphate_plate4.tif,3,986.667,944,1056
1066,G3_01_1_1_Chlorophyll_A_001_phosphate_plate4.tif,1,944.000,944,944
1067,G3_01_1_1_Chlorophyll_A_001_phosphate_plate4.tif,1,960.000,960,960
1068,G3_01_1_1_Chlorophyll_A_001_phosphate_plate4.tif,1,1072.000,1072,1072
1069,G3_01_1_1_Chlorophyll_A_001_phosphate_plate4.tif,1,1040.000,1040,1040
1070,G3_01_1_1_Chlorophyll_A_001_phosphate_plate4.tif,1,1072.000,1072,1072
1071,G3_01_1_1_Chlorophyll_A_001_phosphate_plate4.tif,1,960.000,960,960
1072,G3_01_1_1_Chlorophyll_A_001_phosphate_plate4.tif,1,1008.000,1008,1008
1073,G3_01_1_1_Chlorophyll_A_001_phosphate_plate4.tif,1,1024.000,1024,1024
1074,G3_01_1_1_Chlorophyll_A_001_phosphate_plate4.tif,1,944.000,944,944
1075,G3_01_1_1_Chlorophyll_A_001_phosphate_plate4.tif,1,960.000,960,960
1076,G3_01_1_1_Chlorophyll_A_001_phosphate_plate4.tif,1,1024.000,1024,1024
1077,G3_01_1_1_Chlorophyll_A_001_phosphate_plate4.tif,68,1097.647,944,1376
1078,G3_01_1_1_Chlorophyll_A_001_phosphate_plate4.tif,29,1123.862,960,1520
1079,G3_01_1_1_Chlorophyll_A_001_phosphate_plate4.tif,62,1035.613,944,1168
1080,G3_01_1_1_Chlorophyll_A_001_phosphate_plate4.tif,1,976.000,976,976
1081,G3_01_1_1_Chlorophyll_A_001_phosphate_plate4.tif,1,1072.000,1072,1072
1082,G3_01_1_1_Chlorophyll_A_001_phosphate_plate4.tif,1,960.000,960,960
1083,G3_01_1_1_Chlorophyll_A_001_phosphate_plate4.tif,1,944.000,944,944
1084,G3_01_1_1_Chlorophyll_A_001_phosphate_plate4.tif,1,944.000,944,944
1085,G3_01_1_1_Chlorophyll_A_001_phosphate_plate4.tif,1,1120.000,1120,1120
1086,G3_01_1_1_Chlorophyll_A_001_phosphate_plate4.tif,83,3444.241,944,20928
1087,G3_01_1_1_Chlorophyll_A_001_phosphate_plate4.tif,1,992.000,992,992
1088,G3_01_1_1_Chlorophyll_A_001_phosphate_plate4.tif,1,944.000,944,944
1089,G3_01_1_1_Chlorophyll_A_001_phosphate_plate4.tif,1,944.000,944,944
1090,G3_01_1_1_Chlorophyll_A_001_phosphate_plate4.tif,1,944.000,944,944
1091,G3_01_1_1_Chlorophyll_A_001_phosphate_plate4.tif,1,1008.000,1008,1008
1092,G3_01_1_1_Chlorophyll_A_001_phosphate_plate4.tif,1,1024.000,1024,1024
1093,G3_01_1_1_Chlorophyll_A_001_phosphate_plate4.tif,1,1024.000,1024,1024
1094,G3_01_1_1_Chlorophyll_A_001_phosphate_plate4.tif,1,1008.000,1008,1008
1095,G3_01_1_1_Chlorophyll_A_001_phosphate_plate4.tif,1,944.000,944,944
1096,G3_01_1_1_Chlorophyll_A_001_phosphate_plate4.tif,1,976.000,976,976
1097,G3_01_1_1_Chlorophyll_A_001_phosphate_plate4.tif,1,1072.000,1072,1072
1098,G3_01_1_1_Chlorophyll_A_001_phosphate_plate4.tif,24,1141.333,976,1392
1099,G3_01_1_1_Chlorophyll_A_001_phosphate_plate4.tif,23,1126.261,960,1312
1100,G3_01_1_1_Chlorophyll_A_001_phosphate_plate4.tif,342,2614.550,944,28848
1101,G3_01_1_1_Chlorophyll_A_001_phosphate_plate4.tif,2,1024.000,1008,1040
1102,G3_01_1_1_Chlorophyll_A_001_phosphate_plate4.tif,1,1056.000,1056,1056
1103,G3_01_1_1_Chlorophyll_A_001_phosphate_plate4.tif,1,1152.000,1152,1152
1104,G3_01_1_1_Chlorophyll_A_001_phosphate_plate4.tif,1,944.000,944,944
1105,G3_01_1_1_Chlorophyll_A_001_phosphate_plate4.tif,1,944.000,944,944
1106,G3_01_1_1_Chlorophyll_A_001_phosphate_plate4.tif,3,992.000,976,1024
1107,G3_01_1_1_Chlorophyll_A_001_phosphate_plate4.tif,1,944.000,944,944
1108,G3_01_1_1_Chlorophyll_A_001_phosphate_plate4.tif,1,1008.000,1008,1008
1109,G3_01_1_1_Chlorophyll_A_001_phosphate_plate4.tif,1,944.000,944,944
1110,G3_01_1_1_Chlorophyll_A_001_phosphate_plate4.tif,1,944.000,944,944
1111,G3_01_1_1_Chlorophyll_A_001_phosphate_plate4.tif,1,1088.000,1088,1088
1112,G3_01_1_1_Chlorophyll_A_001_phosphate_plate4.tif,1,976.000,976,976
1113,G3_01_1_1_Chlorophyll_A_001_phosphate_plate4.tif,1,1104.000,1104,1104
1114,G3_01_1_1_Chlorophyll_A_001_phosphate_plate4.tif,1,1104.000,1104,1104
1115,G3_01_1_1_Chlorophyll_A_001_phosphate_plate4.tif,1,1040.000,1040,1040
1116,G3_01_1_1_Chlorophyll_A_001_phosphate_plate4.tif,1,960.000,960,960
1117,G3_01_1_1_Chlorophyll_A_001_phosphate_plate4.tif,1,976.000,976,976
1118,G3_01_1_1_Chlorophyll_A_001_phosphate_plate4.tif,1,1008.000,1008,1008
1119,G3_01_1_1_Chlorophyll_A_001_phosphate_plate4.tif,50,1125.760,944,1312
1120,G3_01_1_1_Chlorophyll_A_001_phosphate_plate4.tif,38,1096.421,944,1328
1121,G3_01_1_1_Chlorophyll_A_001_phosphate_plate4.tif,25,1063.040,944,1424
1122,G3_01_1_1_Chlorophyll_A_001_phosphate_plate4.tif,1,1008.000,1008,1008
1123,G3_01_1_1_Chlorophyll_A_001_phosphate_plate4.tif,1,976.000,976,976
1124,G3_01_1_1_Chlorophyll_A_001_phosphate_plate4.tif,5,966.400,944,976
1125,G3_01_1_1_Chlorophyll_A_001_phosphate_plate4.tif,1,1040.000,1040,1040
1126,G3_01_1_1_Chlorophyll_A_001_phosphate_plate4.tif,2,1032.000,1024,1040
1127,G3_01_1_1_Chlorophyll_A_001_phosphate_plate4.tif,1,976.000,976,976
1128,G3_01_1_1_Chlorophyll_A_001_phosphate_plate4.tif,1,1008.000,1008,1008
1129,G3_01_1_1_Chlorophyll_A_001_phosphate_plate4.tif,1,976.000,976,976
1130,G3_01_1_1_Chlorophyll_A_001_phosphate_plate4.tif,1,1056.000,1056,1056
1131,G3_01_1_1_Chlorophyll_A_001_phosphate_plate4.tif,1,1040.000,1040,1040
1132,G3_01_1_1_Chlorophyll_A_001_phosphate_plate4.tif,1,1008.000,1008,1008
1133,G3_01_1_1_Chlorophyll_A_001_phosphate_plate4.tif,1,960.000,960,960
1134,G3_01_1_1_Chlorophyll_A_001_phosphate_plate4.tif,1,992.000,992,992
1135,G3_01_1_1_Chlorophyll_A_001_phosphate_plate4.tif,1,976.000,976,976
1136,G3_01_1_1_Chlorophyll_A_001_phosphate_plate4.tif,1,960.000,960,960
1137,G3_01_1_1_Chlorophyll_A_001_phosphate_plate4.tif,16,1132.000,944,1328
1138,G3_01_1_1_Chlorophyll_A_001_phosphate_plate4.tif,3,970.667,944,1024
1139,G3_01_1_1_Chlorophyll_A_001_phosphate_plate4.tif,1,960.000,960,960
1140,G3_01_1_1_Chlorophyll_A_001_phosphate_plate4.tif,1,1024.000,1024,1024
1141,G3_01_1_1_Chlorophyll_A_001_phosphate_plate4.tif,6,1096.000,960,1168
1142,G3_01_1_1_Chlorophyll_A_001_phosphate_plate4.tif,1,1008.000,1008,1008
1143,G3_01_1_1_Chlorophyll_A_001_phosphate_plate4.tif,1,960.000,960,960
1144,G3_01_1_1_Chlorophyll_A_001_phosphate_plate4.tif,1,1248.000,1248,1248
1145,G3_01_1_1_Chlorophyll_A_001_phosphate_plate4.tif,1,976.000,976,976
1146,G3_01_1_1_Chlorophyll_A_001_phosphate_plate4.tif,1,992.000,992,992
1147,G3_01_1_1_Chlorophyll_A_001_phosphate_plate4.tif,1,944.000,944,944
1148,G3_01_1_1_Chlorophyll_A_001_phosphate_plate4.tif,1,1136.000,1136,1136
1149,G3_01_1_1_Chlorophyll_A_001_phosphate_plate4.tif,2,992.000,960,1024
1150,G3_01_1_1_Chlorophyll_A_001_phosphate_plate4.tif,1,960.000,960,960
1151,G3_01_1_1_Chlorophyll_A_001_phosphate_plate4.tif,1,1024.000,1024,1024
1152,G3_01_1_1_Chlorophyll_A_001_phosphate_plate4.tif,1,1088.000,1088,1088
1153,G3_01_1_1_Chlorophyll_A_001_phosphate_plate4.tif,1,960.000,960,960
1154,G3_01_1_1_Chlorophyll_A_001_phosphate_plate4.tif,79,1130.937,944,1440
1155,G3_01_1_1_Chlorophyll_A_001_phosphate_plate4.tif,16,1148.000,960,1424
1156,G3_01_1_1_Chlorophyll_A_001_phosphate_plate4.tif,35,1085.257,944,1312
1157,G3_01_1_1_Chlorophyll_A_001_phosphate_plate4.tif,1,960.000,960,960
1158,G3_01_1_1_Chlorophyll_A_001_phosphate_plate4.tif,4,1008.000,944,1056
1159,G3_01_1_1_Chlorophyll_A_001_phosphate_plate4.tif,1,1056.000,1056,1056
1160,G3_01_1_1_Chlorophyll_A_001_phosphate_plate4.tif,1,960.000,960,960
1161,G3_01_1_1_Chlorophyll_A_001_phosphate_plate4.tif,1,944.000,944,944
1162,G3_01_1_1_Chlorophyll_A_001_phosphate_plate4.tif,1,976.000,976,976
1163,G3_01_1_1_Chlorophyll_A_001_phosphate_plate4.tif,1,960.000,960,960
1164,G3_01_1_1_Chlorophyll_A_001_phosphate_plate4.tif,1,944.000,944,944
1165,G3_01_1_1_Chlorophyll_A_001_phosphate_plate4.tif,1,976.000,976,976
1166,G3_01_1_1_Chlorophyll_A_001_phosphate_plate4.tif,1,1040.000,1040,1040
1167,G3_01_1_1_Chlorophyll_A_001_phosphate_plate4.tif,1,960.000,960,960
1168,G3_01_1_1_Chlorophyll_A_001_phosphate_plate4.tif,1,944.000,944,944
1169,G3_01_1_1_Chlorophyll_A_001_phosphate_plate4.tif,1,976.000,976,976
1170,G3_01_1_1_Chlorophyll_A_001_phosphate_plate4.tif,1,960.000,960,960
1171,G3_01_1_1_Chlorophyll_A_001_phosphate_plate4.tif,1,976.000,976,976
1172,G3_01_1_1_Chlorophyll_A_001_phosphate_plate4.tif,1,960.000,960,960
1173,G3_01_1_1_Chlorophyll_A_001_phosphate_plate4.tif,110,4754.618,944,24928
1174,G3_01_1_1_Chlorophyll_A_001_phosphate_plate4.tif,1,1024.000,1024,1024
1175,G3_01_1_1_Chlorophyll_A_001_phosphate_plate4.tif,3,1002.667,944,1056
1176,G3_01_1_1_Chlorophyll_A_001_phosphate_plate4.tif,76,4893.053,944,29824
1177,G3_01_1_1_Chlorophyll_A_001_phosphate_plate4.tif,1,1040.000,1040,1040
1178,G3_01_1_1_Chlorophyll_A_001_phosphate_plate4.tif,1,944.000,944,944
1179,G3_01_1_1_Chlorophyll_A_001_phosphate_plate4.tif,1,976.000,976,976
1180,G3_01_1_1_Chlorophyll_A_001_phosphate_plate4.tif,1,992.000,992,992
1181,G3_01_1_1_Chlorophyll_A_001_phosphate_plate4.tif,86,1032.744,944,1296
1182,G3_01_1_1_Chlorophyll_A_001_phosphate_plate4.tif,1,1072.000,1072,1072
1183,G3_01_1_1_Chlorophyll_A_001_phosphate_plate4.tif,3,997.333,944,1072
1184,G3_01_1_1_Chlorophyll_A_001_phosphate_plate4.tif,1,1072.000,1072,1072
1185,G3_01_1_1_Chlorophyll_A_001_phosphate_plate4.tif,1,1056.000,1056,1056
1186,G3_01_1_1_Chlorophyll_A_001_phosphate_plate4.tif,7,1040.000,944,1168
1187,G3_01_1_1_Chlorophyll_A_001_phosphate_plate4.tif,12,1032.000,944,1232
1188,G3_01_1_1_Chlorophyll_A_001_phosphate_plate4.tif,3,1024.000,944,1120
1189,G3_01_1_1_Chlorophyll_A_001_phosphate_plate4.tif,1,976.000,976,976
1190,G3_01_1_1_Chlorophyll_A_001_phosphate_plate4.tif,1,960.000,960,960
1191,G3_01_1_1_Chlorophyll_A_001_phosphate_plate4.tif,1,944.000,944,944
1192,G3_01_1_1_Chlorophyll_A_001_phosphate_plate4.tif,1,944.000,944,944
1193,G3_01_1_1_Chlorophyll_A_001_phosphate_plate4.tif,1,1040.000,1040,1040
1194,G3_01_1_1_Chlorophyll_A_001_phosphate_plate4.tif,1,944.000,944,944
1195,G3_01_1_1_Chlorophyll_A_001_phosphate_plate4.tif,1,944.000,944,944
1196,G3_01_1_1_Chlorophyll_A_001_phosphate_plate4.tif,102,5378.196,944,40160
1197,G3_01_1_1_Chlorophyll_A_001_phosphate_plate4.tif,1,1024.000,1024,1024
1198,G3_01_1_1_Chlorophyll_A_001_phosphate_plate4.tif,1,976.000,976,976
1199,G3_01_1_1_Chlorophyll_A_001_phosphate_plate4.tif,52,1083.385,944,1312
1200,G3_01_1_1_Chlorophyll_A_001_phosphate_plate4.tif,1,944.000,944,944
1201,G3_01_1_1_Chlorophyll_A_001_phosphate_plate4.tif,2,1080.000,1040,1120
1202,G3_01_1_1_Chlorophyll_A_001_phosphate_plate4.tif,1,960.000,960,960
1203,G3_01_1_1_Chlorophyll_A_001_phosphate_plate4.tif,1,960.000,960,960
1204,G3_01_1_1_Chlorophyll_A_001_phosphate_plate4.tif,1,944.000,944,944
1205,G3_01_1_1_Chlorophyll_A_001_phosphate_plate4.tif,1,1008.000,1008,1008
1206,G3_01_1_1_Chlorophyll_A_001_phosphate_plate4.tif,1,1024.000,1024,1024
1207,G3_01_1_1_Chlorophyll_A_001_phosphate_plate4.tif,1,976.000,976,976
1208,G3_01_1_1_Chlorophyll_A_001_phosphate_plate4.tif,97,4498.309,944,29504
1209,G3_01_1_1_Chlorophyll_A_001_phosphate_plate4.tif,1,992.000,992,992
1210,G3_01_1_1_Chlorophyll_A_001_phosphate_plate4.tif,1,960.000,960,960
1211,G3_01_1_1_Chlorophyll_A_001_phosphate_plate4.tif,84,1135.429,944,1424
1212,G3_01_1_1_Chlorophyll_A_001_phosphate_plate4.tif,1,976.000,976,976
1213,G3_01_1_1_Chlorophyll_A_001_phosphate_plate4.tif,3,1120.000,1104,1152
1214,G3_01_1_1_Chlorophyll_A_001_phosphate_plate4.tif,4,980.000,960,1008
1215,G3_01_1_1_Chlorophyll_A_001_phosphate_plate4.tif,1,1008.000,1008,1008
1216,G3_01_1_1_Chlorophyll_A_001_phosphate_plate4.tif,1,1008.000,1008,1008
1217,G3_01_1_1_Chlorophyll_A_001_phosphate_plate4.tif,3,1050.667,960,1120
1218,G3_01_1_1_Chlorophyll_A_001_phosphate_plate4.tif,3,1029.333,976,1120
1219,G3_01_1_1_Chlorophyll_A_001_phosphate_plate4.tif,2,1184.000,1152,1216
1220,G3_01_1_1_Chlorophyll_A_001_phosphate_plate4.tif,1,1072.000,1072,1072
1221,G3_01_1_1_Chlorophyll_A_001_phosphate_plate4.tif,2,968.000,944,992
1222,G3_01_1_1_Chlorophyll_A_001_phosphate_plate4.tif,1,1024.000,1024,1024
1223,G3_01_1_1_Chlorophyll_A_001_phosphate_plate4.tif,1,944.000,944,944
1224,G3_01_1_1_Chlorophyll_A_001_phosphate_plate4.tif,1,1024.000,1024,1024
1225,G3_01_1_1_Chlorophyll_A_001_phosphate_plate4.tif,1,1040.000,1040,1040
1226,G3_01_1_1_Chlorophyll_A_001_phosphate_plate4.tif,2,976.000,960,992
1227,G3_01_1_1_Chlorophyll_A_001_phosphate_plate4.tif,1,960.000,960,960
1228,G3_01_1_1_Chlorophyll_A_001_phosphate_plate4.tif,1,944.000,944,944
1229,G3_01_1_1_Chlorophyll_A_001_phosphate_plate4.tif,2,992.000,960,1024
1230,G3_01_1_1_Chlorophyll_A_001_phosphate_plate4.tif,2,1024.000,960,1088
1231,G3_01_1_1_Chlorophyll_A_001_phosphate_plate4.tif,1,1008.000,1008,1008
1232,G3_01_1_1_Chlorophyll_A_001_phosphate_plate4.tif,1,1088.000,1088,1088
1233,G3_01_1_1_Chlorophyll_A_001_phosphate_plate4.tif,1,1024.000,1024,1024
1234,G3_01_1_1_Chlorophyll_A_001_phosphate_plate4.tif,1,1024.000,1024,1024
1235,G3_01_1_1_Chlorophyll_A_001_phosphate_plate4.tif,33,1135.030,960,1392
1236,G3_01_1_1_Chlorophyll_A_001_phosphate_plate4.tif,37,1142.486,944,1424
1237,G3_01_1_1_Chlorophyll_A_001_phosphate_plate4.tif,7,1051.429,992,1216
1238,G3_01_1_1_Chlorophyll_A_001_phosphate_plate4.tif,7,1012.571,944,1136
1239,G3_01_1_1_Chlorophyll_A_001_phosphate_plate4.tif,4,968.000,944,1008
1240,G3_01_1_1_Chlorophyll_A_001_phosphate_plate4.tif,1,960.000,960,960
1241,G3_01_1_1_Chlorophyll_A_001_phosphate_plate4.tif,1,976.000,976,976
1242,G3_01_1_1_Chlorophyll_A_001_phosphate_plate4.tif,2,1072.000,1040,1104
1243,G3_01_1_1_Chlorophyll_A_001_phosphate_plate4.tif,1,1024.000,1024,1024
1244,G3_01_1_1_Chlorophyll_A_001_phosphate_plate4.tif,1,1040.000,1040,1040
1245,G3_01_1_1_Chlorophyll_A_001_phosphate_plate4.tif,1,992.000,992,992
1246,G3_01_1_1_Chlorophyll_A_001_phosphate_plate4.tif,1,1024.000,1024,1024
1247,G3_01_1_1_Chlorophyll_A_001_phosphate_plate4.tif,1,976.000,976,976
1248,G3_01_1_1_Chlorophyll_A_001_phosphate_plate4.tif,1,960.000,960,960
1249,G3_01_1_1_Chlorophyll_A_001_phosphate_plate4.tif,1,960.000,960,960
1250,G3_01_1_1_Chlorophyll_A_001_phosphate_plate4.tif,80,3576.800,944,19760
1251,G3_01_1_1_Chlorophyll_A_001_phosphate_plate4.tif,1,1056.000,1056,1056
1252,G3_01_1_1_Chlorophyll_A_001_phosphate_plate4.tif,1,1024.000,1024,1024
1253,G3_01_1_1_Chlorophyll_A_001_phosphate_plate4.tif,88,4576.000,944,24416
1254,G3_01_1_1_Chlorophyll_A_001_phosphate_plate4.tif,1,992.000,992,992
1255,G3_01_1_1_Chlorophyll_A_001_phosphate_plate4.tif,3,1024.000,976,1072
1256,G3_01_1_1_Chlorophyll_A_001_phosphate_plate4.tif,1,976.000,976,976
1257,G3_01_1_1_Chlorophyll_A_001_phosphate_plate4.tif,31,1131.355,960,1536
1258,G3_01_1_1_Chlorophyll_A_001_phosphate_plate4.tif,50,1103.040,944,1568
1259,G3_01_1_1_Chlorophyll_A_001_phosphate_plate4.tif,20,1085.600,976,1312
1260,G3_01_1_1_Chlorophyll_A_001_phosphate_plate4.tif,7,1026.286,944,1120
1261,G3_01_1_1_Chlorophyll_A_001_phosphate_plate4.tif,1,960.000,960,960
1262,G3_01_1_1_Chlorophyll_A_001_phosphate_plate4.tif,7,1026.286,944,1200
1263,G3_01_1_1_Chlorophyll_A_001_phosphate_plate4.tif,1,1072.000,1072,1072
1264,G3_01_1_1_Chlorophyll_A_001_phosphate_plate4.tif,1,1008.000,1008,1008
1265,G3_01_1_1_Chlorophyll_A_001_phosphate_plate4.tif,8,986.000,944,1056
1266,G3_01_1_1_Chlorophyll_A_001_phosphate_plate4.tif,1,976.000,976,976
1267,G3_01_1_1_Chlorophyll_A_001_phosphate_plate4.tif,2,944.000,944,944
1268,G3_01_1_1_Chlorophyll_A_001_phosphate_plate4.tif,1,1152.000,1152,1152
1269,G3_01_1_1_Chlorophyll_A_001_phosphate_plate4.tif,1,960.000,960,960
1270,G3_01_1_1_Chlorophyll_A_001_phosphate_plate4.tif,1,976.000,976,976
1271,G3_01_1_1_Chlorophyll_A_001_phosphate_plate4.tif,1,1008.000,1008,1008
1272,G3_01_1_1_Chlorophyll_A_001_phosphate_plate4.tif,1,944.000,944,944
1273,G3_01_1_1_Chlorophyll_A_001_phosphate_plate4.tif,1,944.000,944,944
1274,G3_01_1_1_Chlorophyll_A_001_phosphate_plate4.tif,2,944.000,944,944
1275,G3_01_1_1_Chlorophyll_A_001_phosphate_plate4.tif,1,960.000,960,960
1276,G3_01_1_1_Chlorophyll_A_001_phosphate_plate4.tif,1,1008.000,1008,1008
1277,G3_01_1_1_Chlorophyll_A_001_phosphate_plate4.tif,46,1050.087,944,1376
1278,G3_01_1_1_Chlorophyll_A_001_phosphate_plate4.tif,5,1001.600,944,1040
1279,G3_01_1_1_Chlorophyll_A_001_phosphate_plate4.tif,1,976.000,976,976
1280,G3_01_1_1_Chlorophyll_A_001_phosphate_plate4.tif,148,2643.027,944,14720
1281,G3_01_1_1_Chlorophyll_A_001_phosphate_plate4.tif,2,1024.000,992,1056
1282,G3_01_1_1_Chlorophyll_A_001_phosphate_plate4.tif,1,992.000,992,992
1283,G3_01_1_1_Chlorophyll_A_001_phosphate_plate4.tif,1,944.000,944,944
1284,G3_01_1_1_Chlorophyll_A_001_phosphate_plate4.tif,1,976.000,976,976
1285,G3_01_1_1_Chlorophyll_A_001_phosphate_plate4.tif,1,1104.000,1104,1104
1286,G3_01_1_1_Chlorophyll_A_001_phosphate_plate4.tif,1,1088.000,1088,1088
1287,G3_01_1_1_Chlorophyll_A_001_phosphate_plate4.tif,1,960.000,960,960
1288,G3_01_1_1_Chlorophyll_A_001_phosphate_plate4.tif,1,976.000,976,976
1289,G3_01_1_1_Chlorophyll_A_001_phosphate_plate4.tif,113,5134.159,944,30416
1290,G3_01_1_1_Chlorophyll_A_001_phosphate_plate4.tif,1,944.000,944,944
1291,G3_01_1_1_Chlorophyll_A_001_phosphate_plate4.tif,1,976.000,976,976
1292,G3_01_1_1_Chlorophyll_A_001_phosphate_plate4.tif,1,976.000,976,976
1293,G3_01_1_1_Chlorophyll_A_001_phosphate_plate4.tif,1,960.000,960,960
1294,G3_01_1_1_Chlorophyll_A_001_phosphate_plate4.tif,1,960.000,960,960
1295,G3_01_1_1_Chlorophyll_A_001_phosphate_plate4.tif,25,1132.160,960,1328
1296,G3_01_1_1_Chlorophyll_A_001_phosphate_plate4.tif,78,1134.359,944,1424
1297,G3_01_1_1_Chlorophyll_A_001_phosphate_plate4.tif,29,1117.793,960,1472
1298,G3_01_1_1_Chlorophyll_A_001_phosphate_plate4.tif,10,1025.600,944,1184
1299,G3_01_1_1_Chlorophyll_A_001_phosphate_plate4.tif,2,1008.000,976,1040
1300,G3_01_1_1_Chlorophyll_A_001_phosphate_plate4.tif,6,992.000,944,1072
1301,G3_01_1_1_Chlorophyll_A_001_phosphate_plate4.tif,1,1008.000,1008,1008
1302,G3_01_1_1_Chlorophyll_A_001_phosphate_plate4.tif,1,1088.000,1088,1088
1303,G3_01_1_1_Chlorophyll_A_001_phosphate_plate4.tif,1,1088.000,1088,1088
1304,G3_01_1_1_Chlorophyll_A_001_phosphate_plate4.tif,2,984.000,944,1024
1305,G3_01_1_1_Chlorophyll_A_001_phosphate_plate4.tif,1,960.000,960,960
1306,G3_01_1_1_Chlorophyll_A_001_phosphate_plate4.tif,1,976.000,976,976
1307,G3_01_1_1_Chlorophyll_A_001_phosphate_plate4.tif,1,992.000,992,992
1308,G3_01_1_1_Chlorophyll_A_001_phosphate_plate4.tif,1,1040.000,1040,1040
1309,G3_01_1_1_Chlorophyll_A_001_phosphate_plate4.tif,1,960.000,960,960
1310,G3_01_1_1_Chlorophyll_A_001_phosphate_plate4.tif,1,1024.000,1024,1024
1311,G3_01_1_1_Chlorophyll_A_001_phosphate_plate4.tif,1,1056.000,1056,1056
1312,G3_01_1_1_Chlorophyll_A_001_phosphate_plate4.tif,1,976.000,976,976
1313,G3_01_1_1_Chlorophyll_A_001_phosphate_plate4.tif,1,1056.000,1056,1056
1314,G3_01_1_1_Chlorophyll_A_001_phosphate_plate4.tif,2,976.000,960,992
1315,G3_01_1_1_Chlorophyll_A_001_phosphate_plate4.tif,1,1200.000,1200,1200
1316,G3_01_1_1_Chlorophyll_A_001_phosphate_plate4.tif,1,1056.000,1056,1056
1317,G3_01_1_1_Chlorophyll_A_001_phosphate_plate4.tif,2,1072.000,1056,1088
1318,G3_01_1_1_Chlorophyll_A_001_phosphate_plate4.tif,1,1024.000,1024,1024
1319,G3_01_1_1_Chlorophyll_A_001_phosphate_plate4.tif,1,976.000,976,976
1320,G3_01_1_1_Chlorophyll_A_001_phosphate_plate4.tif,1,960.000,960,960
1321,G3_01_1_1_Chlorophyll_A_001_phosphate_plate4.tif,1,960.000,960,960
1322,G3_01_1_1_Chlorophyll_A_001_phosphate_plate4.tif,76,3470.526,944,13568
1323,G3_01_1_1_Chlorophyll_A_001_phosphate_plate4.tif,1,944.000,944,944
1324,G3_01_1_1_Chlorophyll_A_001_phosphate_plate4.tif,1,1008.000,1008,1008
1325,G3_01_1_1_Chlorophyll_A_001_phosphate_plate4.tif,1,1040.000,1040,1040
1326,G3_01_1_1_Chlorophyll_A_001_phosphate_plate4.tif,1,960.000,960,960
1327,G3_01_1_1_Chlorophyll_A_001_phosphate_plate4.tif,436,1956.183,944,24080
1328,G3_01_1_1_Chlorophyll_A_001_phosphate_plate4.tif,67,1061.015,944,1312
1329,G3_01_1_1_Chlorophyll_A_001_phosphate_plate4.tif,5,1011.200,960,1184
1330,G3_01_1_1_Chlorophyll_A_001_phosphate_plate4.tif,1,1040.000,1040,1040
1331,G3_01_1_1_Chlorophyll_A_001_phosphate_plate4.tif,17,1040.000,944,1184
1332,G3_01_1_1_Chlorophyll_A_001_phosphate_plate4.tif,2,1048.000,1040,1056
1333,G3_01_1_1_Chlorophyll_A_001_phosphate_plate4.tif,3,1013.333,944,1072
1334,G3_01_1_1_Chlorophyll_A_001_phosphate_plate4.tif,1,960.000,960,960
1335,G3_01_1_1_Chlorophyll_A_001_phosphate_plate4.tif,2,984.000,960,1008
1336,G3_01_1_1_Chlorophyll_A_001_phosphate_plate4.tif,1,960.000,960,960
1337,G3_01_1_1_Chlorophyll_A_001_phosphate_plate4.tif,1,1024.000,1024,1024
1338,G3_01_1_1_Chlorophyll_A_001_phosphate_plate4.tif,1,976.000,976,976
1339,G3_01_1_1_Chlorophyll_A_001_phosphate_plate4.tif,3,992.000,944,1072
1340,G3_01_1_1_Chlorophyll_A_001_phosphate_plate4.tif,3,976.000,944,1024
1341,G3_01_1_1_Chlorophyll_A_001_phosphate_plate4.tif,1,944.000,944,944
1342,G3_01_1_1_Chlorophyll_A_001_phosphate_plate4.tif,1,976.000,976,976
1343,G3_01_1_1_Chlorophyll_A_001_phosphate_plate4.tif,1,976.000,976,976
1344,G3_01_1_1_Chlorophyll_A_001_phosphate_plate4.tif,1,976.000,976,976
1345,G3_01_1_1_Chlorophyll_A_001_phosphate_plate4.tif,1,944.000,944,944
1346,G3_01_1_1_Chlorophyll_A_001_phosphate_plate4.tif,1,1056.000,1056,1056
1347,G3_01_1_1_Chlorophyll_A_001_phosphate_plate4.tif,1,960.000,960,960
1348,G3_01_1_1_Chlorophyll_A_001_phosphate_plate4.tif,1,960.000,960,960
1349,G3_01_1_1_Chlorophyll_A_001_phosphate_plate4.tif,1,944.000,944,944
1350,G3_01_1_1_Chlorophyll_A_001_phosphate_plate4.tif,1,960.000,960,960
1351,G3_01_1_1_Chlorophyll_A_001_phosphate_plate4.tif,1,976.000,976,976
1352,G3_01_1_1_Chlorophyll_A_001_phosphate_plate4.tif,1,992.000,992,992
1353,G3_01_1_1_Chlorophyll_A_001_phosphate_plate4.tif,22,1160.727,960,1360
1354,G3_01_1_1_Chlorophyll_A_001_phosphate_plate4.tif,25,1103.360,960,1344
1355,G3_01_1_1_Chlorophyll_A_001_phosphate_plate4.tif,2,984.000,944,1024
1356,G3_01_1_1_Chlorophyll_A_001_phosphate_plate4.tif,4,1020.000,960,1072
1357,G3_01_1_1_Chlorophyll_A_001_phosphate_plate4.tif,3,1013.333,944,1072
1358,G3_01_1_1_Chlorophyll_A_001_phosphate_plate4.tif,6,1016.000,960,1072
1359,G3_01_1_1_Chlorophyll_A_001_phosphate_plate4.tif,1,1168.000,1168,1168
1360,G3_01_1_1_Chlorophyll_A_001_phosphate_plate4.tif,1,1024.000,1024,1024
1361,G3_01_1_1_Chlorophyll_A_001_phosphate_plate4.tif,1,960.000,960,960
1362,G3_01_1_1_Chlorophyll_A_001_phosphate_plate4.tif,1,960.000,960,960
1363,G3_01_1_1_Chlorophyll_A_001_phosphate_plate4.tif,3,976.000,960,992
1364,G3_01_1_1_Chlorophyll_A_001_phosphate_plate4.tif,2,1016.000,960,1072
1365,G3_01_1_1_Chlorophyll_A_001_phosphate_plate4.tif,1,1104.000,1104,1104
1366,G3_01_1_1_Chlorophyll_A_001_phosphate_plate4.tif,1,1024.000,1024,1024
1367,G3_01_1_1_Chlorophyll_A_001_phosphate_plate4.tif,1,1024.000,1024,1024
1368,G3_01_1_1_Chlorophyll_A_001_phosphate_plate4.tif,2,1016.000,1008,1024
1369,G3_01_1_1_Chlorophyll_A_001_phosphate_plate4.tif,1,960.000,960,960
1370,G3_01_1_1_Chlorophyll_A_001_phosphate_plate4.tif,1,1104.000,1104,1104
1371,G3_01_1_1_Chlorophyll_A_001_phosphate_plate4.tif,77,4088.935,944,26480
1372,G3_01_1_1_Chlorophyll_A_001_phosphate_plate4.tif,1,960.000,960,960
1373,G3_01_1_1_Chlorophyll_A_001_phosphate_plate4.tif,2,1032.000,1024,1040
1374,G3_01_1_1_Chlorophyll_A_001_phosphate_plate4.tif,1,944.000,944,944
1375,G3_01_1_1_Chlorophyll_A_001_phosphate_plate4.tif,1,1040.000,1040,1040
1376,G3_01_1_1_Chlorophyll_A_001_phosphate_plate4.tif,1,1024.000,1024,1024
1377,G3_01_1_1_Chlorophyll_A_001_phosphate_plate4.tif,26,1123.077,944,1296
1378,G3_01_1_1_Chlorophyll_A_001_phosphate_plate4.tif,23,1130.435,944,1424
1379,G3_01_1_1_Chlorophyll_A_001_phosphate_plate4.tif,22,1116.364,944,1472
1380,G3_01_1_1_Chlorophyll_A_001_phosphate_plate4.tif,29,1057.103,944,1232
1381,G3_01_1_1_Chlorophyll_A_001_phosphate_plate4.tif,2,1112.000,1104,1120
1382,G3_01_1_1_Chlorophyll_A_001_phosphate_plate4.tif,10,1038.400,944,1216
1383,G3_01_1_1_Chlorophyll_A_001_phosphate_plate4.tif,1,1008.000,1008,1008
1384,G3_01_1_1_Chlorophyll_A_001_phosphate_plate4.tif,2,992.000,960,1024
1385,G3_01_1_1_Chlorophyll_A_001_phosphate_plate4.tif,1,944.000,944,944
1386,G3_01_1_1_Chlorophyll_A_001_phosphate_plate4.tif,1,992.000,992,992
1387,G3_01_1_1_Chlorophyll_A_001_phosphate_plate4.tif,1,1008.000,1008,1008
1388,G3_01_1_1_Chlorophyll_A_001_phosphate_plate4.tif,3,960.000,960,960
1389,G3_01_1_1_Chlorophyll_A_001_phosphate_plate4.tif,2,992.000,944,1040
1390,G3_01_1_1_Chlorophyll_A_001_phosphate_plate4.tif,1,1008.000,1008,1008
1391,G3_01_1_1_Chlorophyll_A_001_phosphate_plate4.tif,1,1024.000,1024,1024
1392,G3_01_1_1_Chlorophyll_A_001_phosphate_plate4.tif,1,1184.000,1184,1184
1393,G3_01_1_1_Chlorophyll_A_001_phosphate_plate4.tif,1,1056.000,1056,1056
1394,G3_01_1_1_Chlorophyll_A_001_phosphate_plate4.tif,1,960.000,960,960
1395,G3_01_1_1_Chlorophyll_A_001_phosphate_plate4.tif,126,6027.683,944,40672
1396,G3_01_1_1_Chlorophyll_A_001_phosphate_plate4.tif,22,1152.000,944,1360
1397,G3_01_1_1_Chlorophyll_A_001_phosphate_plate4.tif,35,1172.114,944,1504
1398,G3_01_1_1_Chlorophyll_A_001_phosphate_plate4.tif,44,1123.273,944,1424
1399,G3_01_1_1_Chlorophyll_A_001_phosphate_plate4.tif,72,1080.222,944,1424
1400,G3_01_1_1_Chlorophyll_A_001_phosphate_plate4.tif,48,1080.667,944,1328
1401,G3_01_1_1_Chlorophyll_A_001_phosphate_plate4.tif,2,984.000,960,1008
1402,G3_01_1_1_Chlorophyll_A_001_phosphate_plate4.tif,1,1136.000,1136,1136
1403,G3_01_1_1_Chlorophyll_A_001_phosphate_plate4.tif,1,976.000,976,976
1404,G3_01_1_1_Chlorophyll_A_001_phosphate_plate4.tif,189,4475.513,944,34176
1405,G3_01_1_1_Chlorophyll_A_001_phosphate_plate4.tif,1,1056.000,1056,1056
1406,G3_01_1_1_Chlorophyll_A_001_phosphate_plate4.tif,1,1008.000,1008,1008
1407,G3_01_1_1_Chlorophyll_A_001_phosphate_plate4.tif,1,960.000,960,960
1408,G3_01_1_1_Chlorophyll_A_001_phosphate_plate4.tif,1,992.000,992,992
1409,G3_01_1_1_Chlorophyll_A_001_phosphate_plate4.tif,1,960.000,960,960
1410,G3_01_1_1_Chlorophyll_A_001_phosphate_plate4.tif,29,1158.621,944,1424
1411,G3_01_1_1_Chlorophyll_A_001_phosphate_plate4.tif,10,1019.200,944,1104
1412,G3_01_1_1_Chlorophyll_A_001_phosphate_plate4.tif,1,1120.000,1120,1120
1413,G3_01_1_1_Chlorophyll_A_001_phosphate_plate4.tif,2,1064.000,960,1168
1414,G3_01_1_1_Chlorophyll_A_001_phosphate_plate4.tif,3,1056.000,1008,1136
1415,G3_01_1_1_Chlorophyll_A_001_phosphate_plate4.tif,2,1032.000,1008,1056
1416,G3_01_1_1_Chlorophyll_A_001_phosphate_plate4.tif,1,944.000,944,944
1417,G3_01_1_1_Chlorophyll_A_001_phosphate_plate4.tif,1,944.000,944,944
1418,G3_01_1_1_Chlorophyll_A_001_phosphate_plate4.tif,2,960.000,944,976
1419,G3_01_1_1_Chlorophyll_A_001_phosphate_plate4.tif,1,1024.000,1024,1024
1420,G3_01_1_1_Chlorophyll_A_001_phosphate_plate4.tif,2,1016.000,1008,1024
1421,G3_01_1_1_Chlorophyll_A_001_phosphate_plate4.tif,1,992.000,992,992
1422,G3_01_1_1_Chlorophyll_A_001_phosphate_plate4.tif,3,1045.333,960,1200
1423,G3_01_1_1_Chlorophyll_A_001_phosphate_plate4.tif,1,1072.000,1072,1072
1424,G3_01_1_1_Chlorophyll_A_001_phosphate_plate4.tif,1,944.000,944,944
1425,G3_01_1_1_Chlorophyll_A_001_phosphate_plate4.tif,2,944.000,944,944
1426,G3_01_1_1_Chlorophyll_A_001_phosphate_plate4.tif,1,976.000,976,976
1427,G3_01_1_1_Chlorophyll_A_001_phosphate_plate4.tif,1,976.000,976,976
1428,G3_01_1_1_Chlorophyll_A_001_phosphate_plate4.tif,1,992.000,992,992
1429,G3_01_1_1_Chlorophyll_A_001_phosphate_plate4.tif,1,976.000,976,976
1430,G3_01_1_1_Chlorophyll_A_001_phosphate_plate4.tif,1,960.000,960,960
1431,G3_01_1_1_Chlorophyll_A_001_phosphate_plate4.tif,1,944.000,944,944
1432,G3_01_1_1_Chlorophyll_A_001_phosphate_plate4.tif,1,1040.000,1040,1040
1433,G3_01_1_1_Chlorophyll_A_001_phosphate_plate4.tif,1,1008.000,1008,1008
1434,G3_01_1_1_Chlorophyll_A_001_phosphate_plate4.tif,1,1072.000,1072,1072
1435,G3_01_1_1_Chlorophyll_A_001_phosphate_plate4.tif,1,944.000,944,944
1436,G3_01_1_1_Chlorophyll_A_001_phosphate_plate4.tif,1,1024.000,1024,1024
1437,G3_01_1_1_Chlorophyll_A_001_phosphate_plate4.tif,1,944.000,944,944
1438,G3_01_1_1_Chlorophyll_A_001_phosphate_plate4.tif,1,944.000,944,944
1439,G3_01_1_1_Chlorophyll_A_001_phosphate_plate4.tif,1,976.000,976,976
1440,G3_01_1_1_Chlorophyll_A_001_phosphate_plate4.tif,1,944.000,944,944
1441,G3_01_1_1_Chlorophyll_A_001_phosphate_plate4.tif,1,960.000,960,960
1442,G3_01_1_1_Chlorophyll_A_001_phosphate_plate4.tif,62,1118.968,944,1568
1443,G3_01_1_1_Chlorophyll_A_001_phosphate_plate4.tif,32,1116.500,944,1424
1444,G3_01_1_1_Chlorophyll_A_001_phosphate_plate4.tif,72,1100.750,944,1328
1445,G3_01_1_1_Chlorophyll_A_001_phosphate_plate4.tif,47,1110.128,944,1408
1446,G3_01_1_1_Chlorophyll_A_001_phosphate_plate4.tif,28,1100.000,944,1376
1447,G3_01_1_1_Chlorophyll_A_001_phosphate_plate4.tif,1,960.000,960,960
1448,G3_01_1_1_Chlorophyll_A_001_phosphate_plate4.tif,1,976.000,976,976
1449,G3_01_1_1_Chlorophyll_A_001_phosphate_plate4.tif,2,992.000,960,1024
1450,G3_01_1_1_Chlorophyll_A_001_phosphate_plate4.tif,4,1052.000,960,1120
1451,G3_01_1_1_Chlorophyll_A_001_phosphate_plate4.tif,1,1088.000,1088,1088
1452,G3_01_1_1_Chlorophyll_A_001_phosphate_plate4.tif,16,1047.000,944,1232
1453,G3_01_1_1_Chlorophyll_A_001_phosphate_plate4.tif,4,1004.000,944,1072
1454,G3_01_1_1_Chlorophyll_A_001_phosphate_plate4.tif,2,976.000,960,992
1455,G3_01_1_1_Chlorophyll_A_001_phosphate_plate4.tif,2,1000.000,976,1024
1456,G3_01_1_1_Chlorophyll_A_001_phosphate_plate4.tif,1,1008.000,1008,1008
1457,G3_01_1_1_Chlorophyll_A_001_phosphate_plate4.tif,1,1008.000,1008,1008
1458,G3_01_1_1_Chlorophyll_A_001_phosphate_plate4.tif,1,960.000,960,960
1459,G3_01_1_1_Chlorophyll_A_001_phosphate_plate4.tif,1,1024.000,1024,1024
1460,G3_01_1_1_Chlorophyll_A_001_phosphate_plate4.tif,1,992.000,992,992
1461,G3_01_1_1_Chlorophyll_A_001_phosphate_plate4.tif,2,1128.000,1040,1216
1462,G3_01_1_1_Chlorophyll_A_001_phosphate_plate4.tif,1,1056.000,1056,1056
1463,G3_01_1_1_Chlorophyll_A_001_phosphate_plate4.tif,1,944.000,944,944
1464,G3_01_1_1_Chlorophyll_A_001_phosphate_plate4.tif,1,1024.000,1024,1024
1465,G3_01_1_1_Chlorophyll_A_001_phosphate_plate4.tif,1,1024.000,1024,1024
1466,G3_01_1_1_Chlorophyll_A_001_phosphate_plate4.tif,1,960.000,960,960
1467,G3_01_1_1_Chlorophyll_A_001_phosphate_plate4.tif,1,1072.000,1072,1072
1468,G3_01_1_1_Chlorophyll_A_001_phosphate_plate4.tif,1,960.000,960,960
1469,G3_01_1_1_Chlorophyll_A_001_phosphate_plate4.tif,1,1056.000,1056,1056
1470,G3_01_1_1_Chlorophyll_A_001_phosphate_plate4.tif,36,1157.778,960,1424
1471,G3_01_1_1_Chlorophyll_A_001_phosphate_plate4.tif,27,1128.296,960,1536
1472,G3_01_1_1_Chlorophyll_A_001_phosphate_plate4.tif,47,1035.915,944,1232
1473,G3_01_1_1_Chlorophyll_A_001_phosphate_plate4.tif,9,986.667,944,1056
1474,G3_01_1_1_Chlorophyll_A_001_phosphate_plate4.tif,1,1008.000,1008,1008
1475,G3_01_1_1_Chlorophyll_A_001_phosphate_plate4.tif,1,960.000,960,960
1476,G3_01_1_1_Chlorophyll_A_001_phosphate_plate4.tif,1,992.000,992,992
1477,G3_01_1_1_Chlorophyll_A_001_phosphate_plate4.tif,1,1008.000,1008,1008
1478,G3_01_1_1_Chlorophyll_A_001_phosphate_plate4.tif,1,1040.000,1040,1040
1479,G3_01_1_1_Chlorophyll_A_001_phosphate_plate4.tif,1,960.000,960,960
1480,G3_01_1_1_Chlorophyll_A_001_phosphate_plate4.tif,1,1040.000,1040,1040
1481,G3_01_1_1_Chlorophyll_A_001_phosphate_plate4.tif,1,944.000,944,944
1482,G3_01_1_1_Chlorophyll_A_001_phosphate_plate4.tif,1,960.000,960,960
1483,G3_01_1_1_Chlorophyll_A_001_phosphate_plate4.tif,1,1168.000,1168,1168
1484,G3_01_1_1_Chlorophyll_A_001_phosphate_plate4.tif,1,1024.000,1024,1024
1485,G3_01_1_1_Chlorophyll_A_001_phosphate_plate4.tif,1,944.000,944,944
1486,G3_01_1_1_Chlorophyll_A_001_phosphate_plate4.tif,1,944.000,944,944
1487,G3_01_1_1_Chlorophyll_A_001_phosphate_plate4.tif,76,4463.368,960,23456
1488,G3_01_1_1_Chlorophyll_A_001_phosphate_plate4.tif,18,1117.333,944,1312
1489,G3_01_1_1_Chlorophyll_A_001_phosphate_plate4.tif,67,1152.716,960,1648
1490,G3_01_1_1_Chlorophyll_A_001_phosphate_plate4.tif,50,1103.360,944,1424
1491,G3_01_1_1_Chlorophyll_A_001_phosphate_plate4.tif,1,1040.000,1040,1040
1492,G3_01_1_1_Chlorophyll_A_001_phosphate_plate4.tif,3,1056.000,944,1248
1493,G3_01_1_1_Chlorophyll_A_001_phosphate_plate4.tif,2,1032.000,944,1120
1494,G3_01_1_1_Chlorophyll_A_001_phosphate_plate4.tif,16,1015.000,944,1152
1495,G3_01_1_1_Chlorophyll_A_001_phosphate_plate4.tif,19,1018.105,944,1168
1496,G3_01_1_1_Chlorophyll_A_001_phosphate_plate4.tif,1,1008.000,1008,1008
1497,G3_01_1_1_Chlorophyll_A_001_phosphate_plate4.tif,2,960.000,944,976
1498,G3_01_1_1_Chlorophyll_A_001_phosphate_plate4.tif,1,960.000,960,960
1499,G3_01_1_1_Chlorophyll_A_001_phosphate_plate4.tif,3,965.333,944,992
1500,G3_01_1_1_Chlorophyll_A_001_phosphate_plate4.tif,1,1040.000,1040,1040
1501,G3_01_1_1_Chlorophyll_A_001_phosphate_plate4.tif,1,944.000,944,944
1502,G3_01_1_1_Chlorophyll_A_001_phosphate_plate4.tif,1,1008.000,1008,1008
1503,G3_01_1_1_Chlorophyll_A_001_phosphate_plate4.tif,1,1040.000,1040,1040
1504,G3_01_1_1_Chlorophyll_A_001_phosphate_plate4.tif,1,976.000,976,976
1505,G3_01_1_1_Chlorophyll_A_001_phosphate_plate4.tif,1,1008.000,1008,1008
1506,G3_01_1_1_Chlorophyll_A_001_phosphate_plate4.tif,1,1024.000,1024,1024
1507,G3_01_1_1_Chlorophyll_A_001_phosphate_plate4.tif,1,944.000,944,944
1508,G3_01_1_1_Chlorophyll_A_001_phosphate_plate4.tif,1,976.000,976,976
1509,G3_01_1_1_Chlorophyll_A_001_phosphate_plate4.tif,94,4219.234,944,32752
1510,G3_01_1_1_Chlorophyll_A_001_phosphate_plate4.tif,25,1128.960,944,1360
1511,G3_01_1_1_Chlorophyll_A_001_phosphate_plate4.tif,37,1070.703,944,1424
1512,G3_01_1_1_Chlorophyll_A_001_phosphate_plate4.tif,15,1033.600,944,1184
1513,G3_01_1_1_Chlorophyll_A_001_phosphate_plate4.tif,2,1008.000,1008,1008
1514,G3_01_1_1_Chlorophyll_A_001_phosphate_plate4.tif,1,976.000,976,976
1515,G3_01_1_1_Chlorophyll_A_001_phosphate_plate4.tif,1,960.000,960,960
1516,G3_01_1_1_Chlorophyll_A_001_phosphate_plate4.tif,1,1008.000,1008,1008
1517,G3_01_1_1_Chlorophyll_A_001_phosphate_plate4.tif,1,1072.000,1072,1072
1518,G3_01_1_1_Chlorophyll_A_001_phosphate_plate4.tif,1,1008.000,1008,1008
1519,G3_01_1_1_Chlorophyll_A_001_phosphate_plate4.tif,1,944.000,944,944
1520,G3_01_1_1_Chlorophyll_A_001_phosphate_plate4.tif,1,976.000,976,976
1521,G3_01_1_1_Chlorophyll_A_001_phosphate_plate4.tif,1,1008.000,1008,1008
1522,G3_01_1_1_Chlorophyll_A_001_phosphate_plate4.tif,1,1024.000,1024,1024
1523,G3_01_1_1_Chlorophyll_A_001_phosphate_plate4.tif,1,960.000,960,960
1524,G3_01_1_1_Chlorophyll_A_001_phosphate_plate4.tif,1,944.000,944,944
1525,G3_01_1_1_Chlorophyll_A_001_phosphate_plate4.tif,1,1024.000,1024,1024
1526,G3_01_1_1_Chlorophyll_A_001_phosphate_plate4.tif,6,992.000,944,1136
1527,G3_01_1_1_Chlorophyll_A_001_phosphate_plate4.tif,1,992.000,992,992
1528,G3_01_1_1_Chlorophyll_A_001_phosphate_plate4.tif,107,5024.449,960,28816
1529,G3_01_1_1_Chlorophyll_A_001_phosphate_plate4.tif,1,976.000,976,976
1530,G3_01_1_1_Chlorophyll_A_001_phosphate_plate4.tif,1,960.000,960,960
1531,G3_01_1_1_Chlorophyll_A_001_phosphate_plate4.tif,13,1152.000,1008,1328
1532,G3_01_1_1_Chlorophyll_A_001_phosphate_plate4.tif,25,1160.320,960,1440
1533,G3_01_1_1_Chlorophyll_A_001_phosphate_plate4.tif,75,1131.093,944,1424
1534,G3_01_1_1_Chlorophyll_A_001_phosphate_plate4.tif,1,944.000,944,944
1535,G3_01_1_1_Chlorophyll_A_001_phosphate_plate4.tif,12,1094.667,960,1216
1536,G3_01_1_1_Chlorophyll_A_001_phosphate_plate4.tif,5,1052.800,976,1200
1537,G3_01_1_1_Chlorophyll_A_001_phosphate_plate4.tif,1,1104.000,1104,1104
1538,G3_01_1_1_Chlorophyll_A_001_phosphate_plate4.tif,1,960.000,960,960
1539,G3_01_1_1_Chlorophyll_A_001_phosphate_plate4.tif,2,1064.000,960,1168
1540,G3_01_1_1_Chlorophyll_A_001_phosphate_plate4.tif,1,1024.000,1024,1024
1541,G3_01_1_1_Chlorophyll_A_001_phosphate_plate4.tif,1,944.000,944,944
1542,G3_01_1_1_Chlorophyll_A_001_phosphate_plate4.tif,1,1088.000,1088,1088
1543,G3_01_1_1_Chlorophyll_A_001_phosphate_plate4.tif,1,1184.000,1184,1184
1544,G3_01_1_1_Chlorophyll_A_001_phosphate_plate4.tif,1,944.000,944,944
1545,G3_01_1_1_Chlorophyll_A_001_phosphate_plate4.tif,1,944.000,944,944
1546,G3_01_1_1_Chlorophyll_A_001_phosphate_plate4.tif,1,992.000,992,992
1547,G3_01_1_1_Chlorophyll_A_001_phosphate_plate4.tif,1,960.000,960,960
1548,G3_01_1_1_Chlorophyll_A_001_phosphate_plate4.tif,1,992.000,992,992
1549,G3_01_1_1_Chlorophyll_A_001_phosphate_plate4.tif,98,5381.878,944,25600
1550,G3_01_1_1_Chlorophyll_A_001_phosphate_plate4.tif,1,1024.000,1024,1024
1551,G3_01_1_1_Chlorophyll_A_001_phosphate_plate4.tif,1,960.000,960,960
1552,G3_01_1_1_Chlorophyll_A_001_phosphate_plate4.tif,1,944.000,944,944
1553,G3_01_1_1_Chlorophyll_A_001_phosphate_plate4.tif,4,984.000,944,1056
1554,G3_01_1_1_Chlorophyll_A_001_phosphate_plate4.tif,1,1072.000,1072,1072
1555,G3_01_1_1_Chlorophyll_A_001_phosphate_plate4.tif,173,6381.965,944,44528
1556,G3_01_1_1_Chlorophyll_A_001_phosphate_plate4.tif,1,944.000,944,944
1557,G3_01_1_1_Chlorophyll_A_001_phosphate_plate4.tif,19,1153.684,1024,1488
1558,G3_01_1_1_Chlorophyll_A_001_phosphate_plate4.tif,22,1128.727,960,1360
1559,G3_01_1_1_Chlorophyll_A_001_phosphate_plate4.tif,1,1072.000,1072,1072
1560,G3_01_1_1_Chlorophyll_A_001_phosphate_plate4.tif,9,979.556,944,1056
1561,G3_01_1_1_Chlorophyll_A_001_phosphate_plate4.tif,2,1000.000,976,1024
1562,G3_01_1_1_Chlorophyll_A_001_phosphate_plate4.tif,1,944.000,944,944
1563,G3_01_1_1_Chlorophyll_A_001_phosphate_plate4.tif,1,960.000,960,960
1564,G3_01_1_1_Chlorophyll_A_001_phosphate_plate4.tif,2,1016.000,976,1056
1565,G3_01_1_1_Chlorophyll_A_001_phosphate_plate4.tif,1,1056.000,1056,1056
1566,G3_01_1_1_Chlorophyll_A_001_phosphate_plate4.tif,1,992.000,992,992
1567,G3_01_1_1_Chlorophyll_A_001_phosphate_plate4.tif,1,1040.000,1040,1040
1568,G3_01_1_1_Chlorophyll_A_001_phosphate_plate4.tif,1,992.000,992,992
1569,G3_01_1_1_Chlorophyll_A_001_phosphate_plate4.tif,1,960.000,960,960
1570,G3_01_1_1_Chlorophyll_A_001_phosphate_plate4.tif,1,960.000,960,960
1571,G3_01_1_1_Chlorophyll_A_001_phosphate_plate4.tif,1,1024.000,1024,1024
1572,G3_01_1_1_Chlorophyll_A_001_phosphate_plate4.tif,1,944.000,944,944
1573,G3_01_1_1_Chlorophyll_A_001_phosphate_plate4.tif,1,1040.000,1040,1040
1574,G3_01_1_1_Chlorophyll_A_001_phosphate_plate4.tif,2,1072.000,1056,1088
1575,G3_01_1_1_Chlorophyll_A_001_phosphate_plate4.tif,2,984.000,944,1024
1576,G3_01_1_1_Chlorophyll_A_001_phosphate_plate4.tif,59,1118.915,944,1392
1577,G3_01_1_1_Chlorophyll_A_001_phosphate_plate4.tif,24,1138.000,944,1344
1578,G3_01_1_1_Chlorophyll_A_001_phosphate_plate4.tif,30,1113.067,944,1376
1579,G3_01_1_1_Chlorophyll_A_001_phosphate_plate4.tif,59,1091.254,944,1392
1580,G3_01_1_1_Chlorophyll_A_001_phosphate_plate4.tif,55,1056.291,944,1264
1581,G3_01_1_1_Chlorophyll_A_001_phosphate_plate4.tif,3,1024.000,960,1120
1582,G3_01_1_1_Chlorophyll_A_001_phosphate_plate4.tif,1,960.000,960,960
1583,G3_01_1_1_Chlorophyll_A_001_phosphate_plate4.tif,6,984.000,944,1024
1584,G3_01_1_1_Chlorophyll_A_001_phosphate_plate4.tif,1,960.000,960,960
1585,G3_01_1_1_Chlorophyll_A_001_phosphate_plate4.tif,4,1016.000,960,1104
1586,G3_01_1_1_Chlorophyll_A_001_phosphate_plate4.tif,1,944.000,944,944
1587,G3_01_1_1_Chlorophyll_A_001_phosphate_plate4.tif,1,944.000,944,944
1588,G3_01_1_1_Chlorophyll_A_001_phosphate_plate4.tif,2,976.000,960,992
1589,G3_01_1_1_Chlorophyll_A_001_phosphate_plate4.tif,1,1024.000,1024,1024
1590,G3_01_1_1_Chlorophyll_A_001_phosphate_plate4.tif,3,1061.333,944,1200
1591,G3_01_1_1_Chlorophyll_A_001_phosphate_plate4.tif,1,944.000,944,944
1592,G3_01_1_1_Chlorophyll_A_001_phosphate_plate4.tif,2,1008.000,944,1072
1593,G3_01_1_1_Chlorophyll_A_001_phosphate_plate4.tif,1,944.000,944,944
1594,G3_01_1_1_Chlorophyll_A_001_phosphate_plate4.tif,1,1040.000,1040,1040
1595,G3_01_1_1_Chlorophyll_A_001_phosphate_plate4.tif,1,1040.000,1040,1040
1596,G3_01_1_1_Chlorophyll_A_001_phosphate_plate4.tif,1,1072.000,1072,1072
1597,G3_01_1_1_Chlorophyll_A_001_phosphate_plate4.tif,1,960.000,960,960
1598,G3_01_1_1_Chlorophyll_A_001_phosphate_plate4.tif,2,1016.000,960,1072
1599,G3_01_1_1_Chlorophyll_A_001_phosphate_plate4.tif,1,1056.000,1056,1056
1600,G3_01_1_1_Chlorophyll_A_001_phosphate_plate4.tif,1,944.000,944,944
1601,G3_01_1_1_Chlorophyll_A_001_phosphate_plate4.tif,1,1040.000,1040,1040
1602,G3_01_1_1_Chlorophyll_A_001_phosphate_plate4.tif,1,944.000,944,944
1603,G3_01_1_1_Chlorophyll_A_001_phosphate_plate4.tif,23,1138.087,960,1360
1604,G3_01_1_1_Chlorophyll_A_001_phosphate_plate4.tif,47,1131.915,944,1488
1605,G3_01_1_1_Chlorophyll_A_001_phosphate_plate4.tif,20,1112.800,960,1264
1606,G3_01_1_1_Chlorophyll_A_001_phosphate_plate4.tif,40,1026.000,944,1216
1607,G3_01_1_1_Chlorophyll_A_001_phosphate_plate4.tif,1,1008.000,1008,1008
1608,G3_01_1_1_Chlorophyll_A_001_phosphate_plate4.tif,2,1080.000,1040,1120
1609,G3_01_1_1_Chlorophyll_A_001_phosphate_plate4.tif,4,1008.000,960,1088
1610,G3_01_1_1_Chlorophyll_A_001_phosphate_plate4.tif,2,944.000,944,944
1611,G3_01_1_1_Chlorophyll_A_001_phosphate_plate4.tif,1,1008.000,1008,1008
1612,G3_01_1_1_Chlorophyll_A_001_phosphate_plate4.tif,1,1024.000,1024,1024
1613,G3_01_1_1_Chlorophyll_A_001_phosphate_plate4.tif,1,976.000,976,976
1614,G3_01_1_1_Chlorophyll_A_001_phosphate_plate4.tif,1,960.000,960,960
1615,G3_01_1_1_Chlorophyll_A_001_phosphate_plate4.tif,2,944.000,944,944
1616,G3_01_1_1_Chlorophyll_A_001_phosphate_plate4.tif,2,968.000,944,992
1617,G3_01_1_1_Chlorophyll_A_001_phosphate_plate4.tif,1,944.000,944,944
1618,G3_01_1_1_Chlorophyll_A_001_phosphate_plate4.tif,2,960.000,944,976
1619,G3_01_1_1_Chlorophyll_A_001_phosphate_plate4.tif,1,976.000,976,976
1620,G3_01_1_1_Chlorophyll_A_001_phosphate_plate4.tif,1,976.000,976,976
1621,G3_01_1_1_Chlorophyll_A_001_phosphate_plate4.tif,1,976.000,976,976
1622,G3_01_1_1_Chlorophyll_A_001_phosphate_plate4.tif,2,960.000,944,976
1623,G3_01_1_1_Chlorophyll_A_001_phosphate_plate4.tif,1,1024.000,1024,1024
1624,G3_01_1_1_Chlorophyll_A_001_phosphate_plate4.tif,1,1024.000,1024,1024
1625,G3_01_1_1_Chlorophyll_A_001_phosphate_plate4.tif,1,976.000,976,976
1626,G3_01_1_1_Chlorophyll_A_001_phosphate_plate4.tif,1,976.000,976,976
1627,G3_01_1_1_Chlorophyll_A_001_phosphate_plate4.tif,1,960.000,960,960
1628,G3_01_1_1_Chlorophyll_A_001_phosphate_plate4.tif,1,976.000,976,976
1629,G3_01_1_1_Chlorophyll_A_001_phosphate_plate4.tif,1,1008.000,1008,1008
1630,G3_01_1_1_Chlorophyll_A_001_phosphate_plate4.tif,1,1088.000,1088,1088
1631,G3_01_1_1_Chlorophyll_A_001_phosphate_plate4.tif,2,984.000,976,992
1632,G3_01_1_1_Chlorophyll_A_001_phosphate_plate4.tif,1,992.000,992,992
1633,G3_01_1_1_Chlorophyll_A_001_phosphate_plate4.tif,1,944.000,944,944
1634,G3_01_1_1_Chlorophyll_A_001_phosphate_plate4.tif,14,1134.857,944,1264
1635,G3_01_1_1_Chlorophyll_A_001_phosphate_plate4.tif,32,1111.500,944,1328
1636,G3_01_1_1_Chlorophyll_A_001_phosphate_plate4.tif,29,1085.241,944,1264
1637,G3_01_1_1_Chlorophyll_A_001_phosphate_plate4.tif,30,1075.200,944,1472
1638,G3_01_1_1_Chlorophyll_A_001_phosphate_plate4.tif,41,1061.463,944,1296
1639,G3_01_1_1_Chlorophyll_A_001_phosphate_plate4.tif,8,1060.000,944,1248
1640,G3_01_1_1_Chlorophyll_A_001_phosphate_plate4.tif,65,1022.523,944,1168
1641,G3_01_1_1_Chlorophyll_A_001_phosphate_plate4.tif,1,944.000,944,944
1642,G3_01_1_1_Chlorophyll_A_001_phosphate_plate4.tif,2,1112.000,1056,1168
1643,G3_01_1_1_Chlorophyll_A_001_phosphate_plate4.tif,1,1040.000,1040,1040
1644,G3_01_1_1_Chlorophyll_A_001_phosphate_plate4.tif,2,976.000,944,1008
1645,G3_01_1_1_Chlorophyll_A_001_phosphate_plate4.tif,1,960.000,960,960
1646,G3_01_1_1_Chlorophyll_A_001_phosphate_plate4.tif,1,1088.000,1088,1088
1647,G3_01_1_1_Chlorophyll_A_001_phosphate_plate4.tif,1,944.000,944,944
1648,G3_01_1_1_Chlorophyll_A_001_phosphate_plate4.tif,1,1264.000,1264,1264
1649,G3_01_1_1_Chlorophyll_A_001_phosphate_plate4.tif,1,1008.000,1008,1008
1650,G3_01_1_1_Chlorophyll_A_001_phosphate_plate4.tif,1,976.000,976,976
1651,G3_01_1_1_Chlorophyll_A_001_phosphate_plate4.tif,1,976.000,976,976
1652,G3_01_1_1_Chlorophyll_A_001_phosphate_plate4.tif,1,992.000,992,992
1653,G3_01_1_1_Chlorophyll_A_001_phosphate_plate4.tif,25,1121.280,944,1328
1654,G3_01_1_1_Chlorophyll_A_001_phosphate_plate4.tif,20,1149.600,944,1456
1655,G3_01_1_1_Chlorophyll_A_001_phosphate_plate4.tif,241,1902.340,944,15840
1656,G3_01_1_1_Chlorophyll_A_001_phosphate_plate4.tif,1,1024.000,1024,1024
1657,G3_01_1_1_Chlorophyll_A_001_phosphate_plate4.tif,1,1008.000,1008,1008
1658,G3_01_1_1_Chlorophyll_A_001_phosphate_plate4.tif,2,952.000,944,960
1659,G3_01_1_1_Chlorophyll_A_001_phosphate_plate4.tif,3,954.667,944,976
1660,G3_01_1_1_Chlorophyll_A_001_phosphate_plate4.tif,3,1066.667,992,1184
1661,G3_01_1_1_Chlorophyll_A_001_phosphate_plate4.tif,6,989.333,944,1040
1662,G3_01_1_1_Chlorophyll_A_001_phosphate_plate4.tif,1,944.000,944,944
1663,G3_01_1_1_Chlorophyll_A_001_phosphate_plate4.tif,1,944.000,944,944
1664,G3_01_1_1_Chlorophyll_A_001_phosphate_plate4.tif,3,1018.667,944,1136
1665,G3_01_1_1_Chlorophyll_A_001_phosphate_plate4.tif,117,4375.795,944,26384
1666,G3_01_1_1_Chlorophyll_A_001_phosphate_plate4.tif,1,944.000,944,944
1667,G3_01_1_1_Chlorophyll_A_001_phosphate_plate4.tif,1,944.000,944,944
1668,G3_01_1_1_Chlorophyll_A_001_phosphate_plate4.tif,1,1008.000,1008,1008
1669,G3_01_1_1_Chlorophyll_A_001_phosphate_plate4.tif,1,960.000,960,960
1670,G3_01_1_1_Chlorophyll_A_001_phosphate_plate4.tif,1,944.000,944,944
1671,G3_01_1_1_Chlorophyll_A_001_phosphate_plate4.tif,1,976.000,976,976
1672,G3_01_1_1_Chlorophyll_A_001_phosphate_plate4.tif,1,960.000,960,960
1673,G3_01_1_1_Chlorophyll_A_001_phosphate_plate4.tif,1,960.000,960,960
1674,G3_01_1_1_Chlorophyll_A_001_phosphate_plate4.tif,49,1104.000,944,1408
1675,G3_01_1_1_Chlorophyll_A_001_phosphate_plate4.tif,23,1138.087,976,1296
1676,G3_01_1_1_Chlorophyll_A_001_phosphate_plate4.tif,31,1108.645,944,1392
1677,G3_01_1_1_Chlorophyll_A_001_phosphate_plate4.tif,63,1105.270,944,1344
1678,G3_01_1_1_Chlorophyll_A_001_phosphate_plate4.tif,63,1067.683,944,1296
1679,G3_01_1_1_Chlorophyll_A_001_phosphate_plate4.tif,1,1008.000,1008,1008
1680,G3_01_1_1_Chlorophyll_A_001_phosphate_plate4.tif,8,998.000,944,1056
1681,G3_01_1_1_Chlorophyll_A_001_phosphate_plate4.tif,11,1013.818,944,1120
1682,G3_01_1_1_Chlorophyll_A_001_phosphate_plate4.tif,1,944.000,944,944
1683,G3_01_1_1_Chlorophyll_A_001_phosphate_plate4.tif,1,944.000,944,944
1684,G3_01_1_1_Chlorophyll_A_001_phosphate_plate4.tif,1,1120.000,1120,1120
1685,G3_01_1_1_Chlorophyll_A_001_phosphate_plate4.tif,1,944.000,944,944
1686,G3_01_1_1_Chlorophyll_A_001_phosphate_plate4.tif,3,1018.667,960,1104
1687,G3_01_1_1_Chlorophyll_A_001_phosphate_plate4.tif,1,1008.000,1008,1008
1688,G3_01_1_1_Chlorophyll_A_001_phosphate_plate4.tif,1,1040.000,1040,1040
1689,G3_01_1_1_Chlorophyll_A_001_phosphate_plate4.tif,1,1136.000,1136,1136
1690,G3_01_1_1_Chlorophyll_A_001_phosphate_plate4.tif,2,992.000,960,1024
1691,G3_01_1_1_Chlorophyll_A_001_phosphate_plate4.tif,3,1024.000,1008,1040
1692,G3_01_1_1_Chlorophyll_A_001_phosphate_plate4.tif,1,976.000,976,976
1693,G3_01_1_1_Chlorophyll_A_001_phosphate_plate4.tif,1,944.000,944,944
1694,G3_01_1_1_Chlorophyll_A_001_phosphate_plate4.tif,1,960.000,960,960
1695,G3_01_1_1_Chlorophyll_A_001_phosphate_plate4.tif,1,1008.000,1008,1008
1696,G3_01_1_1_Chlorophyll_A_001_phosphate_plate4.tif,1,976.000,976,976
1697,G3_01_1_1_Chlorophyll_A_001_phosphate_plate4.tif,2,1016.000,1008,1024
1698,G3_01_1_1_Chlorophyll_A_001_phosphate_plate4.tif,1,1040.000,1040,1040
1699,G3_01_1_1_Chlorophyll_A_001_phosphate_plate4.tif,3,986.667,944,1008
1700,G3_01_1_1_Chlorophyll_A_001_phosphate_plate4.tif,1,944.000,944,944
1701,G3_01_1_1_Chlorophyll_A_001_phosphate_plate4.tif,1,1008.000,1008,1008
1702,G3_01_1_1_Chlorophyll_A_001_phosphate_plate4.tif,1,976.000,976,976
1703,G3_01_1_1_Chlorophyll_A_001_phosphate_plate4.tif,19,1142.737,960,1392
1704,G3_01_1_1_Chlorophyll_A_001_phosphate_plate4.tif,1,944.000,944,944
1705,G3_01_1_1_Chlorophyll_A_001_phosphate_plate4.tif,1,992.000,992,992
1706,G3_01_1_1_Chlorophyll_A_001_phosphate_plate4.tif,4,1028.000,976,1104
1707,G3_01_1_1_Chlorophyll_A_001_phosphate_plate4.tif,1,944.000,944,944
1708,G3_01_1_1_Chlorophyll_A_001_phosphate_plate4.tif,1,976.000,976,976
1709,G3_01_1_1_Chlorophyll_A_001_phosphate_plate4.tif,1,1040.000,1040,1040
1710,G3_01_1_1_Chlorophyll_A_001_phosphate_plate4.tif,1,1104.000,1104,1104
1711,G3_01_1_1_Chlorophyll_A_001_phosphate_plate4.tif,1,992.000,992,992
1712,G3_01_1_1_Chlorophyll_A_001_phosphate_plate4.tif,2,1000.000,944,1056
1713,G3_01_1_1_Chlorophyll_A_001_phosphate_plate4.tif,1,944.000,944,944
1714,G3_01_1_1_Chlorophyll_A_001_phosphate_plate4.tif,1,1008.000,1008,1008
1715,G3_01_1_1_Chlorophyll_A_001_phosphate_plate4.tif,1,976.000,976,976
1716,G3_01_1_1_Chlorophyll_A_001_phosphate_plate4.tif,1,976.000,976,976
1717,G3_01_1_1_Chlorophyll_A_001_phosphate_plate4.tif,1,944.000,944,944
1718,G3_01_1_1_Chlorophyll_A_001_phosphate_plate4.tif,1,976.000,976,976
1719,G3_01_1_1_Chlorophyll_A_001_phosphate_plate4.tif,91,4542.769,944,27168
1720,G3_01_1_1_Chlorophyll_A_001_phosphate_plate4.tif,1,976.000,976,976
1721,G3_01_1_1_Chlorophyll_A_001_phosphate_plate4.tif,41,1104.390,944,1376
1722,G3_01_1_1_Chlorophyll_A_001_phosphate_plate4.tif,36,1146.222,944,1488
1723,G3_01_1_1_Chlorophyll_A_001_phosphate_plate4.tif,30,1125.867,976,1392
1724,G3_01_1_1_Chlorophyll_A_001_phosphate_plate4.tif,75,1128.107,944,1376
1725,G3_01_1_1_Chlorophyll_A_001_phosphate_plate4.tif,37,1109.189,944,1344
1726,G3_01_1_1_Chlorophyll_A_001_phosphate_plate4.tif,50,1044.480,944,1296
1727,G3_01_1_1_Chlorophyll_A_001_phosphate_plate4.tif,9,1011.556,944,1232
1728,G3_01_1_1_Chlorophyll_A_001_phosphate_plate4.tif,2,1016.000,1008,1024
1729,G3_01_1_1_Chlorophyll_A_001_phosphate_plate4.tif,1,1024.000,1024,1024
1730,G3_01_1_1_Chlorophyll_A_001_phosphate_plate4.tif,1,976.000,976,976
1731,G3_01_1_1_Chlorophyll_A_001_phosphate_plate4.tif,2,984.000,976,992
1732,G3_01_1_1_Chlorophyll_A_001_phosphate_plate4.tif,1,1008.000,1008,1008
1733,G3_01_1_1_Chlorophyll_A_001_phosphate_plate4.tif,1,992.000,992,992
1734,G3_01_1_1_Chlorophyll_A_001_phosphate_plate4.tif,1,944.000,944,944
1735,G3_01_1_1_Chlorophyll_A_001_phosphate_plate4.tif,2,1000.000,976,1024
1736,G3_01_1_1_Chlorophyll_A_001_phosphate_plate4.tif,2,1016.000,992,1040
1737,G3_01_1_1_Chlorophyll_A_001_phosphate_plate4.tif,4,1004.000,976,1072
1738,G3_01_1_1_Chlorophyll_A_001_phosphate_plate4.tif,130,4048.615,944,24768
1739,G3_01_1_1_Chlorophyll_A_001_phosphate_plate4.tif,2,1040.000,976,1104
1740,G3_01_1_1_Chlorophyll_A_001_phosphate_plate4.tif,1,976.000,976,976
1741,G3_01_1_1_Chlorophyll_A_001_phosphate_plate4.tif,172,5157.395,944,46144
1742,G3_01_1_1_Chlorophyll_A_001_phosphate_plate4.tif,1,944.000,944,944
1743,G3_01_1_1_Chlorophyll_A_001_phosphate_plate4.tif,1,1024.000,1024,1024
1744,G3_01_1_1_Chlorophyll_A_001_phosphate_plate4.tif,1,1104.000,1104,1104
1745,G3_01_1_1_Chlorophyll_A_001_phosphate_plate4.tif,2,976.000,960,992
1746,G3_01_1_1_Chlorophyll_A_001_phosphate_plate4.tif,1,944.000,944,944
1747,G3_01_1_1_Chlorophyll_A_001_phosphate_plate4.tif,1,976.000,976,976
1748,G3_01_1_1_Chlorophyll_A_001_phosphate_plate4.tif,1,992.000,992,992
1749,G3_01_1_1_Chlorophyll_A_001_phosphate_plate4.tif,37,1119.135,944,1472
1750,G3_01_1_1_Chlorophyll_A_001_phosphate_plate4.tif,50,1123.520,944,1344
1751,G3_01_1_1_Chlorophyll_A_001_phosphate_plate4.tif,41,1124.293,944,1408
1752,G3_01_1_1_Chlorophyll_A_001_phosphate_plate4.tif,10,1180.800,960,1408
1753,G3_01_1_1_Chlorophyll_A_001_phosphate_plate4.tif,34,1093.176,944,1376
1754,G3_01_1_1_Chlorophyll_A_001_phosphate_plate4.tif,21,1084.952,944,1504
1755,G3_01_1_1_Chlorophyll_A_001_phosphate_plate4.tif,5,1001.600,944,1056
1756,G3_01_1_1_Chlorophyll_A_001_phosphate_plate4.tif,4,1012.000,976,1056
1757,G3_01_1_1_Chlorophyll_A_001_phosphate_plate4.tif,4,1024.000,976,1136
1758,G3_01_1_1_Chlorophyll_A_001_phosphate_plate4.tif,2,976.000,976,976
1759,G3_01_1_1_Chlorophyll_A_001_phosphate_plate4.tif,1,976.000,976,976
1760,G3_01_1_1_Chlorophyll_A_001_phosphate_plate4.tif,4,988.000,944,1024
1761,G3_01_1_1_Chlorophyll_A_001_phosphate_plate4.tif,1,944.000,944,944
1762,G3_01_1_1_Chlorophyll_A_001_phosphate_plate4.tif,1,1104.000,1104,1104
1763,G3_01_1_1_Chlorophyll_A_001_phosphate_plate4.tif,2,960.000,944,976
1764,G3_01_1_1_Chlorophyll_A_001_phosphate_plate4.tif,1,944.000,944,944
1765,G3_01_1_1_Chlorophyll_A_001_phosphate_plate4.tif,1,1024.000,1024,1024
1766,G3_01_1_1_Chlorophyll_A_001_phosphate_plate4.tif,2,968.000,960,976
1767,G3_01_1_1_Chlorophyll_A_001_phosphate_plate4.tif,1,960.000,960,960
1768,G3_01_1_1_Chlorophyll_A_001_phosphate_plate4.tif,1,1024.000,1024,1024
1769,G3_01_1_1_Chlorophyll_A_001_phosphate_plate4.tif,1,960.000,960,960
1770,G3_01_1_1_Chlorophyll_A_001_phosphate_plate4.tif,1,992.000,992,992
1771,G3_01_1_1_Chlorophyll_A_001_phosphate_plate4.tif,2,1168.000,1056,1280
1772,G3_01_1_1_Chlorophyll_A_001_phosphate_plate4.tif,1,960.000,960,960
1773,G3_01_1_1_Chlorophyll_A_001_phosphate_plate4.tif,2,1064.000,960,1168
1774,G3_01_1_1_Chlorophyll_A_001_phosphate_plate4.tif,96,4543.167,944,22560
1775,G3_01_1_1_Chlorophyll_A_001_phosphate_plate4.tif,1,1040.000,1040,1040
1776,G3_01_1_1_Chlorophyll_A_001_phosphate_plate4.tif,1,1008.000,1008,1008
1777,G3_01_1_1_Chlorophyll_A_001_phosphate_plate4.tif,1,944.000,944,944
1778,G3_01_1_1_Chlorophyll_A_001_phosphate_plate4.tif,1,944.000,944,944
1779,G3_01_1_1_Chlorophyll_A_001_phosphate_plate4.tif,16,1162.000,1040,1376
1780,G3_01_1_1_Chlorophyll_A_001_phosphate_plate4.tif,1,1088.000,1088,1088
1781,G3_01_1_1_Chlorophyll_A_001_phosphate_plate4.tif,12,1026.667,944,1120
1782,G3_01_1_1_Chlorophyll_A_001_phosphate_plate4.tif,1,1072.000,1072,1072
1783,G3_01_1_1_Chlorophyll_A_001_phosphate_plate4.tif,1,1104.000,1104,1104
1784,G3_01_1_1_Chlorophyll_A_001_phosphate_plate4.tif,1,1008.000,1008,1008
1785,G3_01_1_1_Chlorophyll_A_001_phosphate_plate4.tif,1,960.000,960,960
1786,G3_01_1_1_Chlorophyll_A_001_phosphate_plate4.tif,1,1056.000,1056,1056
1787,G3_01_1_1_Chlorophyll_A_001_phosphate_plate4.tif,1,944.000,944,944
1788,G3_01_1_1_Chlorophyll_A_001_phosphate_plate4.tif,1,960.000,960,960
1789,G3_01_1_1_Chlorophyll_A_001_phosphate_plate4.tif,1,1008.000,1008,1008
1790,G3_01_1_1_Chlorophyll_A_001_phosphate_plate4.tif,1,960.000,960,960
1791,G3_01_1_1_Chlorophyll_A_001_phosphate_plate4.tif,1,944.000,944,944
1792,G3_01_1_1_Chlorophyll_A_001_phosphate_plate4.tif,1,944.000,944,944
1793,G3_01_1_1_Chlorophyll_A_001_phosphate_plate4.tif,1,976.000,976,976
1794,G3_01_1_1_Chlorophyll_A_001_phosphate_plate4.tif,1,944.000,944,944
1795,G3_01_1_1_Chlorophyll_A_001_phosphate_plate4.tif,1,1008.000,1008,1008
1796,G3_01_1_1_Chlorophyll_A_001_phosphate_plate4.tif,3,997.333,944,1024
1797,G3_01_1_1_Chlorophyll_A_001_phosphate_plate4.tif,1,960.000,960,960
1798,G3_01_1_1_Chlorophyll_A_001_phosphate_plate4.tif,129,5642.667,944,32592
1799,G3_01_1_1_Chlorophyll_A_001_phosphate_plate4.tif,1,992.000,992,992
1800,G3_01_1_1_Chlorophyll_A_001_phosphate_plate4.tif,2,1144.000,1120,1168
1801,G3_01_1_1_Chlorophyll_A_001_phosphate_plate4.tif,14,1004.571,944,1136
1802,G3_01_1_1_Chlorophyll_A_001_phosphate_plate4.tif,1,1168.000,1168,1168
1803,G3_01_1_1_Chlorophyll_A_001_phosphate_plate4.tif,2,1000.000,992,1008
1804,G3_01_1_1_Chlorophyll_A_001_phosphate_plate4.tif,1,1168.000,1168,1168
1805,G3_01_1_1_Chlorophyll_A_001_phosphate_plate4.tif,1,1136.000,1136,1136
1806,G3_01_1_1_Chlorophyll_A_001_phosphate_plate4.tif,1,1056.000,1056,1056
1807,G3_01_1_1_Chlorophyll_A_001_phosphate_plate4.tif,1,976.000,976,976
1808,G3_01_1_1_Chlorophyll_A_001_phosphate_plate4.tif,1,1120.000,1120,1120
1809,G3_01_1_1_Chlorophyll_A_001_phosphate_plate4.tif,1,976.000,976,976
1810,G3_01_1_1_Chlorophyll_A_001_phosphate_plate4.tif,1,1008.000,1008,1008
1811,G3_01_1_1_Chlorophyll_A_001_phosphate_plate4.tif,1,944.000,944,944
1812,G3_01_1_1_Chlorophyll_A_001_phosphate_plate4.tif,8,1110.000,944,1360
1813,G3_01_1_1_Chlorophyll_A_001_phosphate_plate4.tif,40,1062.000,944,1360
1814,G3_01_1_1_Chlorophyll_A_001_phosphate_plate4.tif,14,1042.286,944,1376
1815,G3_01_1_1_Chlorophyll_A_001_phosphate_plate4.tif,7,1030.857,976,1136
1816,G3_01_1_1_Chlorophyll_A_001_phosphate_plate4.tif,9,1041.778,944,1280
1817,G3_01_1_1_Chlorophyll_A_001_phosphate_plate4.tif,1,944.000,944,944
1818,G3_01_1_1_Chlorophyll_A_001_phosphate_plate4.tif,4,1032.000,944,1152
1819,G3_01_1_1_Chlorophyll_A_001_phosphate_plate4.tif,1,944.000,944,944
1820,G3_01_1_1_Chlorophyll_A_001_phosphate_plate4.tif,1,1088.000,1088,1088
1821,G3_01_1_1_Chlorophyll_A_001_phosphate_plate4.tif,1,944.000,944,944
1822,G3_01_1_1_Chlorophyll_A_001_phosphate_plate4.tif,1,976.000,976,976
1823,G3_01_1_1_Chlorophyll_A_001_phosphate_plate4.tif,1,944.000,944,944
1824,G3_01_1_1_Chlorophyll_A_001_phosphate_plate4.tif,3,1066.667,960,1152
1825,G3_01_1_1_Chlorophyll_A_001_phosphate_plate4.tif,1,992.000,992,992
1826,G3_01_1_1_Chlorophyll_A_001_phosphate_plate4.tif,1,992.000,992,992
1827,G3_01_1_1_Chlorophyll_A_001_phosphate_plate4.tif,38,1144.842,944,1392
1828,G3_01_1_1_Chlorophyll_A_001_phosphate_plate4.tif,53,1113.962,944,1504
1829,G3_01_1_1_Chlorophyll_A_001_phosphate_plate4.tif,12,1078.667,944,1344
1830,G3_01_1_1_Chlorophyll_A_001_phosphate_plate4.tif,2,952.000,944,960
1831,G3_01_1_1_Chlorophyll_A_001_phosphate_plate4.tif,4,996.000,944,1088
1832,G3_01_1_1_Chlorophyll_A_001_phosphate_plate4.tif,5,1049.600,992,1168
1833,G3_01_1_1_Chlorophyll_A_001_phosphate_plate4.tif,2,1040.000,976,1104
1834,G3_01_1_1_Chlorophyll_A_001_phosphate_plate4.tif,1,976.000,976,976
1835,G3_01_1_1_Chlorophyll_A_001_phosphate_plate4.tif,1,1024.000,1024,1024
1836,G3_01_1_1_Chlorophyll_A_001_phosphate_plate4.tif,2,1016.000,992,1040
1837,G3_01_1_1_Chlorophyll_A_001_phosphate_plate4.tif,3,997.333,960,1056
1838,G3_01_1_1_Chlorophyll_A_001_phosphate_plate4.tif,2,1000.000,960,1040
1839,G3_01_1_1_Chlorophyll_A_001_phosphate_plate4.tif,1,976.000,976,976
1840,G3_01_1_1_Chlorophyll_A_001_phosphate_plate4.tif,5,1078.400,976,1200
1841,G3_01_1_1_Chlorophyll_A_001_phosphate_plate4.tif,104,3895.846,944,29312
1842,G3_01_1_1_Chlorophyll_A_001_phosphate_plate4.tif,1,1072.000,1072,1072
1843,G3_01_1_1_Chlorophyll_A_001_phosphate_plate4.tif,1,960.000,960,960
1844,G3_01_1_1_Chlorophyll_A_001_phosphate_plate4.tif,1,992.000,992,992
1845,G3_01_1_1_Chlorophyll_A_001_phosphate_plate4.tif,3,986.667,944,1024
1846,G3_01_1_1_Chlorophyll_A_001_phosphate_plate4.tif,1,976.000,976,976
1847,G3_01_1_1_Chlorophyll_A_001_phosphate_plate4.tif,2,1024.000,992,1056
1848,G3_01_1_1_Chlorophyll_A_001_phosphate_plate4.tif,1,976.000,976,976
1849,G3_01_1_1_Chlorophyll_A_001_phosphate_plate4.tif,43,1129.674,960,1520
1850,G3_01_1_1_Chlorophyll_A_001_phosphate_plate4.tif,16,1136.000,944,1408
1851,G3_01_1_1_Chlorophyll_A_001_phosphate_plate4.tif,19,1196.632,976,1696
1852,G3_01_1_1_Chlorophyll_A_001_phosphate_plate4.tif,51,1085.490,944,1440
1853,G3_01_1_1_Chlorophyll_A_001_phosphate_plate4.tif,3,992.000,944,1056
1854,G3_01_1_1_Chlorophyll_A_001_phosphate_plate4.tif,1,1056.000,1056,1056
1855,G3_01_1_1_Chlorophyll_A_001_phosphate_plate4.tif,6,1080.000,944,1312
1856,G3_01_1_1_Chlorophyll_A_001_phosphate_plate4.tif,1,976.000,976,976
1857,G3_01_1_1_Chlorophyll_A_001_phosphate_plate4.tif,1,1008.000,1008,1008
1858,G3_01_1_1_Chlorophyll_A_001_phosphate_plate4.tif,3,970.667,944,1008
1859,G3_01_1_1_Chlorophyll_A_001_phosphate_plate4.tif,1,1056.000,1056,1056
1860,G3_01_1_1_Chlorophyll_A_001_phosphate_plate4.tif,1,992.000,992,992
1861,G3_01_1_1_Chlorophyll_A_001_phosphate_plate4.tif,1,1024.000,1024,1024
1862,G3_01_1_1_Chlorophyll_A_001_phosphate_plate4.tif,1,1024.000,1024,1024
1863,G3_01_1_1_Chlorophyll_A_001_phosphate_plate4.tif,1,976.000,976,976
1864,G3_01_1_1_Chlorophyll_A_001_phosphate_plate4.tif,1,1024.000,1024,1024
1865,G3_01_1_1_Chlorophyll_A_001_phosphate_plate4.tif,1,1040.000,1040,1040
1866,G3_01_1_1_Chlorophyll_A_001_phosphate_plate4.tif,1,1040.000,1040,1040
1867,G3_01_1_1_Chlorophyll_A_001_phosphate_plate4.tif,1,1040.000,1040,1040
1868,G3_01_1_1_Chlorophyll_A_001_phosphate_plate4.tif,1,1120.000,1120,1120
1869,G3_01_1_1_Chlorophyll_A_001_phosphate_plate4.tif,1,1024.000,1024,1024
1870,G3_01_1_1_Chlorophyll_A_001_phosphate_plate4.tif,1,976.000,976,976
1871,G3_01_1_1_Chlorophyll_A_001_phosphate_plate4.tif,1,992.000,992,992
1872,G3_01_1_1_Chlorophyll_A_001_phosphate_plate4.tif,60,3714.667,944,22112
1873,G3_01_1_1_Chlorophyll_A_001_phosphate_plate4.tif,1,1008.000,1008,1008
1874,G3_01_1_1_Chlorophyll_A_001_phosphate_plate4.tif,29,1116.138,960,1360
1875,G3_01_1_1_Chlorophyll_A_001_phosphate_plate4.tif,13,1085.538,944,1200
1876,G3_01_1_1_Chlorophyll_A_001_phosphate_plate4.tif,1,1024.000,1024,1024
1877,G3_01_1_1_Chlorophyll_A_001_phosphate_plate4.tif,1,1168.000,1168,1168
1878,G3_01_1_1_Chlorophyll_A_001_phosphate_plate4.tif,1,944.000,944,944
1879,G3_01_1_1_Chlorophyll_A_001_phosphate_plate4.tif,1,992.000,992,992
1880,G3_01_1_1_Chlorophyll_A_001_phosphate_plate4.tif,1,1104.000,1104,1104
1881,G3_01_1_1_Chlorophyll_A_001_phosphate_plate4.tif,1,1072.000,1072,1072
1882,G3_01_1_1_Chlorophyll_A_001_phosphate_plate4.tif,2,1000.000,960,1040
1883,G3_01_1_1_Chlorophyll_A_001_phosphate_plate4.tif,1,976.000,976,976
1884,G3_01_1_1_Chlorophyll_A_001_phosphate_plate4.tif,2,1000.000,960,1040
1885,G3_01_1_1_Chlorophyll_A_001_phosphate_plate4.tif,1,976.000,976,976
1886,G3_01_1_1_Chlorophyll_A_001_phosphate_plate4.tif,1,944.000,944,944
1887,G3_01_1_1_Chlorophyll_A_001_phosphate_plate4.tif,1,944.000,944,944
1888,G3_01_1_1_Chlorophyll_A_001_phosphate_plate4.tif,1,944.000,944,944
1889,G3_01_1_1_Chlorophyll_A_001_phosphate_plate4.tif,1,1024.000,1024,1024
1890,G3_01_1_1_Chlorophyll_A_001_phosphate_plate4.tif,1,960.000,960,960
1891,G3_01_1_1_Chlorophyll_A_001_phosphate_plate4.tif,1,992.000,992,992
1892,G3_01_1_1_Chlorophyll_A_001_phosphate_plate4.tif,1,944.000,944,944
1893,G3_01_1_1_Chlorophyll_A_001_phosphate_plate4.tif,21,1078.857,944,1264
1894,G3_01_1_1_Chlorophyll_A_001_phosphate_plate4.tif,40,1134.400,944,1440
1895,G3_01_1_1_Chlorophyll_A_001_phosphate_plate4.tif,28,1138.857,944,1328
1896,G3_01_1_1_Chlorophyll_A_001_phosphate_plate4.tif,32,1079.000,944,1376
1897,G3_01_1_1_Chlorophyll_A_001_phosphate_plate4.tif,72,1039.778,944,1280
1898,G3_01_1_1_Chlorophyll_A_001_phosphate_plate4.tif,1,976.000,976,976
1899,G3_01_1_1_Chlorophyll_A_001_phosphate_plate4.tif,4,1016.000,944,1072
1900,G3_01_1_1_Chlorophyll_A_001_phosphate_plate4.tif,1,1024.000,1024,1024
1901,G3_01_1_1_Chlorophyll_A_001_phosphate_plate4.tif,2,1016.000,1008,1024
1902,G3_01_1_1_Chlorophyll_A_001_phosphate_plate4.tif,1,1056.000,1056,1056
1903,G3_01_1_1_Chlorophyll_A_001_phosphate_plate4.tif,1,960.000,960,960
1904,G3_01_1_1_Chlorophyll_A_001_phosphate_plate4.tif,1,976.000,976,976
1905,G3_01_1_1_Chlorophyll_A_001_phosphate_plate4.tif,1,960.000,960,960
1906,G3_01_1_1_Chlorophyll_A_001_phosphate_plate4.tif,1,944.000,944,944
1907,G3_01_1_1_Chlorophyll_A_001_phosphate_plate4.tif,1,944.000,944,944
1908,G3_01_1_1_Chlorophyll_A_001_phosphate_plate4.tif,1,944.000,944,944
1909,G3_01_1_1_Chlorophyll_A_001_phosphate_plate4.tif,1,944.000,944,944
1910,G3_01_1_1_Chlorophyll_A_001_phosphate_plate4.tif,1,944.000,944,944
1911,G3_01_1_1_Chlorophyll_A_001_phosphate_plate4.tif,114,7061.754,1008,49536
1912,G3_01_1_1_Chlorophyll_A_001_phosphate_plate4.tif,1,1072.000,1072,1072
1913,G3_01_1_1_Chlorophyll_A_001_phosphate_plate4.tif,1,944.000,944,944
1914,G3_01_1_1_Chlorophyll_A_001_phosphate_plate4.tif,16,1090.000,944,1280
1915,G3_01_1_1_Chlorophyll_A_001_phosphate_plate4.tif,55,1086.545,944,1360
1916,G3_01_1_1_Chlorophyll_A_001_phosphate_plate4.tif,27,1079.704,944,1328
1917,G3_01_1_1_Chlorophyll_A_001_phosphate_plate4.tif,2,1024.000,960,1088
1918,G3_01_1_1_Chlorophyll_A_001_phosphate_plate4.tif,1,976.000,976,976
1919,G3_01_1_1_Chlorophyll_A_001_phosphate_plate4.tif,1,1088.000,1088,1088
1920,G3_01_1_1_Chlorophyll_A_001_phosphate_plate4.tif,142,2315.268,944,14080
1921,G3_01_1_1_Chlorophyll_A_001_phosphate_plate4.tif,1,1120.000,1120,1120
1922,G3_01_1_1_Chlorophyll_A_001_phosphate_plate4.tif,1,976.000,976,976
1923,G3_01_1_1_Chlorophyll_A_001_phosphate_plate4.tif,2,992.000,992,992
1924,G3_01_1_1_Chlorophyll_A_001_phosphate_plate4.tif,1,944.000,944,944
1925,G3_01_1_1_Chlorophyll_A_001_phosphate_plate4.tif,1,944.000,944,944
1926,G3_01_1_1_Chlorophyll_A_001_phosphate_plate4.tif,2,968.000,960,976
1927,G3_01_1_1_Chlorophyll_A_001_phosphate_plate4.tif,1,1056.000,1056,1056
1928,G3_01_1_1_Chlorophyll_A_001_phosphate_plate4.tif,1,960.000,960,960
1929,G3_01_1_1_Chlorophyll_A_001_phosphate_plate4.tif,1,976.000,976,976
1930,G3_01_1_1_Chlorophyll_A_001_phosphate_plate4.tif,2,968.000,960,976
1931,G3_01_1_1_Chlorophyll_A_001_phosphate_plate4.tif,1,960.000,960,960
1932,G3_01_1_1_Chlorophyll_A_001_phosphate_plate4.tif,1,1024.000,1024,1024
1933,G3_01_1_1_Chlorophyll_A_001_phosphate_plate4.tif,1,1056.000,1056,1056
1934,G3_01_1_1_Chlorophyll_A_001_phosphate_plate4.tif,1,1024.000,1024,1024
1935,G3_01_1_1_Chlorophyll_A_001_phosphate_plate4.tif,125,6121.728,944,40240
1936,G3_01_1_1_Chlorophyll_A_001_phosphate_plate4.tif,78,1123.077,944,1392
1937,G3_01_1_1_Chlorophyll_A_001_phosphate_plate4.tif,21,1087.238,944,1360
1938,G3_01_1_1_Chlorophyll_A_001_phosphate_plate4.tif,40,1092.800,944,1408
1939,G3_01_1_1_Chlorophyll_A_001_phosphate_plate4.tif,26,1110.154,944,1344
1940,G3_01_1_1_Chlorophyll_A_001_phosphate_plate4.tif,13,1099.077,976,1216
1941,G3_01_1_1_Chlorophyll_A_001_phosphate_plate4.tif,20,1047.200,944,1264
1942,G3_01_1_1_Chlorophyll_A_001_phosphate_plate4.tif,1,1008.000,1008,1008
1943,G3_01_1_1_Chlorophyll_A_001_phosphate_plate4.tif,1,1072.000,1072,1072
1944,G3_01_1_1_Chlorophyll_A_001_phosphate_plate4.tif,2,1008.000,992,1024
1945,G3_01_1_1_Chlorophyll_A_001_phosphate_plate4.tif,1,992.000,992,992
1946,G3_01_1_1_Chlorophyll_A_001_phosphate_plate4.tif,1,976.000,976,976
1947,G3_01_1_1_Chlorophyll_A_001_phosphate_plate4.tif,2,960.000,960,960
1948,G3_01_1_1_Chlorophyll_A_001_phosphate_plate4.tif,1,944.000,944,944
1949,G3_01_1_1_Chlorophyll_A_001_phosphate_plate4.tif,1,944.000,944,944
1950,G3_01_1_1_Chlorophyll_A_001_phosphate_plate4.tif,1,1072.000,1072,1072
1951,G3_01_1_1_Chlorophyll_A_001_phosphate_plate4.tif,1,1072.000,1072,1072
1952,G3_01_1_1_Chlorophyll_A_001_phosphate_plate4.tif,1,1008.000,1008,1008
1953,G3_01_1_1_Chlorophyll_A_001_phosphate_plate4.tif,1,976.000,976,976
1954,G3_01_1_1_Chlorophyll_A_001_phosphate_plate4.tif,1,944.000,944,944
1955,G3_01_1_1_Chlorophyll_A_001_phosphate_plate4.tif,1,1136.000,1136,1136
1956,G3_01_1_1_Chlorophyll_A_001_phosphate_plate4.tif,51,1127.529,944,1744
1957,G3_01_1_1_Chlorophyll_A_001_phosphate_plate4.tif,53,1065.358,944,1328
1958,G3_01_1_1_Chlorophyll_A_001_phosphate_plate4.tif,1,1152.000,1152,1152
1959,G3_01_1_1_Chlorophyll_A_001_phosphate_plate4.tif,1,944.000,944,944
1960,G3_01_1_1_Chlorophyll_A_001_phosphate_plate4.tif,1,1008.000,1008,1008
1961,G3_01_1_1_Chlorophyll_A_001_phosphate_plate4.tif,2,1040.000,1024,1056
1962,G3_01_1_1_Chlorophyll_A_001_phosphate_plate4.tif,1,1184.000,1184,1184
1963,G3_01_1_1_Chlorophyll_A_001_phosphate_plate4.tif,1,960.000,960,960
1964,G3_01_1_1_Chlorophyll_A_001_phosphate_plate4.tif,3,1018.667,944,1168
1965,G3_01_1_1_Chlorophyll_A_001_phosphate_plate4.tif,2,1040.000,1024,1056
1966,G3_01_1_1_Chlorophyll_A_001_phosphate_plate4.tif,1,960.000,960,960
1967,G3_01_1_1_Chlorophyll_A_001_phosphate_plate4.tif,2,1040.000,976,1104
1968,G3_01_1_1_Chlorophyll_A_001_phosphate_plate4.tif,1,1072.000,1072,1072
1969,G3_01_1_1_Chlorophyll_A_001_phosphate_plate4.tif,1,1040.000,1040,1040
1970,G3_01_1_1_Chlorophyll_A_001_phosphate_plate4.tif,2,960.000,944,976
1971,G3_01_1_1_Chlorophyll_A_001_phosphate_plate4.tif,1,1024.000,1024,1024
1972,G3_01_1_1_Chlorophyll_A_001_phosphate_plate4.tif,1,944.000,944,944
1973,G3_01_1_1_Chlorophyll_A_001_phosphate_plate4.tif,1,944.000,944,944
1974,G3_01_1_1_Chlorophyll_A_001_phosphate_plate4.tif,17,1119.059,944,1328
1975,G3_01_1_1_Chlorophyll_A_001_phosphate_plate4.tif,67,1110.925,944,1408
1976,G3_01_1_1_Chlorophyll_A_001_phosphate_plate4.tif,15,1182.933,992,1408
1977,G3_01_1_1_Chlorophyll_A_001_phosphate_plate4.tif,77,1135.584,944,1456
1978,G3_01_1_1_Chlorophyll_A_001_phosphate_plate4.tif,34,1148.706,944,1408
1979,G3_01_1_1_Chlorophyll_A_001_phosphate_plate4.tif,24,1055.333,960,1328
1980,G3_01_1_1_Chlorophyll_A_001_phosphate_plate4.tif,1,960.000,960,960
1981,G3_01_1_1_Chlorophyll_A_001_phosphate_plate4.tif,66,1047.273,944,1376
1982,G3_01_1_1_Chlorophyll_A_001_phosphate_plate4.tif,7,1024.000,944,1088
1983,G3_01_1_1_Chlorophyll_A_001_phosphate_plate4.tif,1,944.000,944,944
1984,G3_01_1_1_Chlorophyll_A_001_phosphate_plate4.tif,2,952.000,944,960
1985,G3_01_1_1_Chlorophyll_A_001_phosphate_plate4.tif,1,944.000,944,944
1986,G3_01_1_1_Chlorophyll_A_001_phosphate_plate4.tif,1,1008.000,1008,1008
1987,G3_01_1_1_Chlorophyll_A_001_phosphate_plate4.tif,2,968.000,944,992
1988,G3_01_1_1_Chlorophyll_A_001_phosphate_plate4.tif,5,979.200,944,1024
1989,G3_01_1_1_Chlorophyll_A_001_phosphate_plate4.tif,1,1024.000,1024,1024
1990,G3_01_1_1_Chlorophyll_A_001_phosphate_plate4.tif,1,960.000,960,960
1991,G3_01_1_1_Chlorophyll_A_001_phosphate_plate4.tif,1,944.000,944,944
1992,G3_01_1_1_Chlorophyll_A_001_phosphate_plate4.tif,1,944.000,944,944
1993,G3_01_1_1_Chlorophyll_A_001_phosphate_plate4.tif,1,944.000,944,944
1994,G3_01_1_1_Chlorophyll_A_001_phosphate_plate4.tif,1,976.000,976,976
1995,G3_01_1_1_Chlorophyll_A_001_phosphate_plate4.tif,45,1130.311,960,1408
1996,G3_01_1_1_Chlorophyll_A_001_phosphate_plate4.tif,1,1152.000,1152,1152
1997,G3_01_1_1_Chlorophyll_A_001_phosphate_plate4.tif,1,1136.000,1136,1136
1998,G3_01_1_1_Chlorophyll_A_001_phosphate_plate4.tif,1,976.000,976,976
1999,G3_01_1_1_Chlorophyll_A_001_phosphate_plate4.tif,1,1024.000,1024,1024
2000,G3_01_1_1_Chlorophyll_A_001_phosphate_plate4.tif,1,944.000,944,944
2001,G3_01_1_1_Chlorophyll_A_001_phosphate_plate4.tif,1,960.000,960,960
2002,G3_01_1_1_Chlorophyll_A_001_phosphate_plate4.tif,1,1008.000,1008,1008
2003,G3_01_1_1_Chlorophyll_A_001_phosphate_plate4.tif,1,992.000,992,992
2004,G3_01_1_1_Chlorophyll_A_001_phosphate_plate4.tif,1,960.000,960,960
2005,G3_01_1_1_Chlorophyll_A_001_phosphate_plate4.tif,1,944.000,944,944
2006,G3_01_1_1_Chlorophyll_A_001_phosphate_plate4.tif,1,992.000,992,992
2007,G3_01_1_1_Chlorophyll_A_001_phosphate_plate4.tif,1,960.000,960,960
2008,G3_01_1_1_Chlorophyll_A_001_phosphate_plate4.tif,1,1040.000,1040,1040
2009,G3_01_1_1_Chlorophyll_A_001_phosphate_plate4.tif,1,944.000,944,944
2010,G3_01_1_1_Chlorophyll_A_001_phosphate_plate4.tif,1,944.000,944,944
2011,G3_01_1_1_Chlorophyll_A_001_phosphate_plate4.tif,1,944.000,944,944
2012,G3_01_1_1_Chlorophyll_A_001_phosphate_plate4.tif,1,944.000,944,944
2013,G3_01_1_1_Chlorophyll_A_001_phosphate_plate4.tif,15,1086.933,944,1424
2014,G3_01_1_1_Chlorophyll_A_001_phosphate_plate4.tif,44,1104.727,944,1536
2015,G3_01_1_1_Chlorophyll_A_001_phosphate_plate4.tif,33,1124.364,960,1472
2016,G3_01_1_1_Chlorophyll_A_001_phosphate_plate4.tif,29,1088.552,944,1440
2017,G3_01_1_1_Chlorophyll_A_001_phosphate_plate4.tif,1,1120.000,1120,1120
2018,G3_01_1_1_Chlorophyll_A_001_phosphate_plate4.tif,1,976.000,976,976
2019,G3_01_1_1_Chlorophyll_A_001_phosphate_plate4.tif,1,960.000,960,960
2020,G3_01_1_1_Chlorophyll_A_001_phosphate_plate4.tif,1,1008.000,1008,1008
2021,G3_01_1_1_Chlorophyll_A_001_phosphate_plate4.tif,2,960.000,960,960
2022,G3_01_1_1_Chlorophyll_A_001_phosphate_plate4.tif,1,976.000,976,976
2023,G3_01_1_1_Chlorophyll_A_001_phosphate_plate4.tif,1,944.000,944,944
2024,G3_01_1_1_Chlorophyll_A_001_phosphate_plate4.tif,1,944.000,944,944
2025,G3_01_1_1_Chlorophyll_A_001_phosphate_plate4.tif,78,4891.692,944,24512
2026,G3_01_1_1_Chlorophyll_A_001_phosphate_plate4.tif,1,944.000,944,944
2027,G3_01_1_1_Chlorophyll_A_001_phosphate_plate4.tif,2,984.000,960,1008
2028,G3_01_1_1_Chlorophyll_A_001_phosphate_plate4.tif,52,1097.231,944,1376
2029,G3_01_1_1_Chlorophyll_A_001_phosphate_plate4.tif,59,1136.814,944,1456
2030,G3_01_1_1_Chlorophyll_A_001_phosphate_plate4.tif,57,1100.912,944,1424
2031,G3_01_1_1_Chlorophyll_A_001_phosphate_plate4.tif,57,1087.439,960,1280
2032,G3_01_1_1_Chlorophyll_A_001_phosphate_plate4.tif,43,1075.721,944,1296
2033,G3_01_1_1_Chlorophyll_A_001_phosphate_plate4.tif,6,989.333,944,1136
2034,G3_01_1_1_Chlorophyll_A_001_phosphate_plate4.tif,1,1008.000,1008,1008
2035,G3_01_1_1_Chlorophyll_A_001_phosphate_plate4.tif,1,1072.000,1072,1072
2036,G3_01_1_1_Chlorophyll_A_001_phosphate_plate4.tif,1,944.000,944,944
2037,G3_01_1_1_Chlorophyll_A_001_phosphate_plate4.tif,2,1032.000,1008,1056
2038,G3_01_1_1_Chlorophyll_A_001_phosphate_plate4.tif,1,976.000,976,976
2039,G3_01_1_1_Chlorophyll_A_001_phosphate_plate4.tif,2,968.000,960,976
2040,G3_01_1_1_Chlorophyll_A_001_phosphate_plate4.tif,3,1061.333,992,1168
2041,G3_01_1_1_Chlorophyll_A_001_phosphate_plate4.tif,1,960.000,960,960
2042,G3_01_1_1_Chlorophyll_A_001_phosphate_plate4.tif,1,1072.000,1072,1072
2043,G3_01_1_1_Chlorophyll_A_001_phosphate_plate4.tif,1,1008.000,1008,1008
2044,G3_01_1_1_Chlorophyll_A_001_phosphate_plate4.tif,1,1152.000,1152,1152
2045,G3_01_1_1_Chlorophyll_A_001_phosphate_plate4.tif,5,1004.800,944,1104
2046,G3_01_1_1_Chlorophyll_A_001_phosphate_plate4.tif,2,976.000,976,976
2047,G3_01_1_1_Chlorophyll_A_001_phosphate_plate4.tif,2,944.000,944,944
2048,G3_01_1_1_Chlorophyll_A_001_phosphate_plate4.tif,1,1040.000,1040,1040
2049,G3_01_1_1_Chlorophyll_A_001_phosphate_plate4.tif,1,976.000,976,976
2050,G3_01_1_1_Chlorophyll_A_001_phosphate_plate4.tif,1,944.000,944,944
2051,G3_01_1_1_Chlorophyll_A_001_phosphate_plate4.tif,1,944.000,944,944
2052,G3_01_1_1_Chlorophyll_A_001_phosphate_plate4.tif,59,1113.763,944,1536
2053,G3_01_1_1_Chlorophyll_A_001_phosphate_plate4.tif,35,1042.286,944,1248
2054,G3_01_1_1_Chlorophyll_A_001_phosphate_plate4.tif,2,968.000,944,992
2055,G3_01_1_1_Chlorophyll_A_001_phosphate_plate4.tif,2,1024.000,944,1104
2056,G3_01_1_1_Chlorophyll_A_001_phosphate_plate4.tif,1,944.000,944,944
2057,G3_01_1_1_Chlorophyll_A_001_phosphate_plate4.tif,1,960.000,960,960
2058,G3_01_1_1_Chlorophyll_A_001_phosphate_plate4.tif,1,944.000,944,944
2059,G3_01_1_1_Chlorophyll_A_001_phosphate_plate4.tif,1,960.000,960,960
2060,G3_01_1_1_Chlorophyll_A_001_phosphate_plate4.tif,1,944.000,944,944
2061,G3_01_1_1_Chlorophyll_A_001_phosphate_plate4.tif,2,1024.000,1008,1040
2062,G3_01_1_1_Chlorophyll_A_001_phosphate_plate4.tif,1,976.000,976,976
2063,G3_01_1_1_Chlorophyll_A_001_phosphate_plate4.tif,1,944.000,944,944
2064,G3_01_1_1_Chlorophyll_A_001_phosphate_plate4.tif,1,944.000,944,944
2065,G3_01_1_1_Chlorophyll_A_001_phosphate_plate4.tif,1,944.000,944,944
2066,G3_01_1_1_Chlorophyll_A_001_phosphate_plate4.tif,1,944.000,944,944
2067,G3_01_1_1_Chlorophyll_A_001_phosphate_plate4.tif,1,1008.000,1008,1008
2068,G3_01_1_1_Chlorophyll_A_001_phosphate_plate4.tif,1,960.000,960,960
2069,G3_01_1_1_Chlorophyll_A_001_phosphate_plate4.tif,2,976.000,944,1008
2070,G3_01_1_1_Chlorophyll_A_001_phosphate_plate4.tif,1,976.000,976,976
2071,G3_01_1_1_Chlorophyll_A_001_phosphate_plate4.tif,1,992.000,992,992
2072,G3_01_1_1_Chlorophyll_A_001_phosphate_plate4.tif,1,992.000,992,992
2073,G3_01_1_1_Chlorophyll_A_001_phosphate_plate4.tif,34,1093.176,944,1264
2074,G3_01_1_1_Chlorophyll_A_001_phosphate_plate4.tif,1,960.000,960,960
2075,G3_01_1_1_Chlorophyll_A_001_phosphate_plate4.tif,1,960.000,960,960
2076,G3_01_1_1_Chlorophyll_A_001_phosphate_plate4.tif,8,1058.000,944,1120
2077,G3_01_1_1_Chlorophyll_A_001_phosphate_plate4.tif,1,960.000,960,960
2078,G3_01_1_1_Chlorophyll_A_001_phosphate_plate4.tif,1,1056.000,1056,1056
2079,G3_01_1_1_Chlorophyll_A_001_phosphate_plate4.tif,1,976.000,976,976
2080,G3_01_1_1_Chlorophyll_A_001_phosphate_plate4.tif,3,949.333,944,960
2081,G3_01_1_1_Chlorophyll_A_001_phosphate_plate4.tif,2,1088.000,1040,1136
2082,G3_01_1_1_Chlorophyll_A_001_phosphate_plate4.tif,2,1120.000,1088,1152
2083,G3_01_1_1_Chlorophyll_A_001_phosphate_plate4.tif,1,944.000,944,944
2084,G3_01_1_1_Chlorophyll_A_001_phosphate_plate4.tif,1,1056.000,1056,1056
2085,G3_01_1_1_Chlorophyll_A_001_phosphate_plate4.tif,1,944.000,944,944
2086,G3_01_1_1_Chlorophyll_A_001_phosphate_plate4.tif,1,944.000,944,944
2087,G3_01_1_1_Chlorophyll_A_001_phosphate_plate4.tif,1,944.000,944,944
2088,G3_01_1_1_Chlorophyll_A_001_phosphate_plate4.tif,1,992.000,992,992
2089,G3_01_1_1_Chlorophyll_A_001_phosphate_plate4.tif,1,992.000,992,992
2090,G3_01_1_1_Chlorophyll_A_001_phosphate_plate4.tif,1,960.000,960,960
2091,G3_01_1_1_Chlorophyll_A_001_phosphate_plate4.tif,1,960.000,960,960
2092,G3_01_1_1_Chlorophyll_A_001_phosphate_plate4.tif,1,960.000,960,960
2093,G3_01_1_1_Chlorophyll_A_001_phosphate_plate4.tif,1,960.000,960,960
2094,G3_01_1_1_Chlorophyll_A_001_phosphate_plate4.tif,1,1040.000,1040,1040
2095,G3_01_1_1_Chlorophyll_A_001_phosphate_plate4.tif,34,1097.412,944,1376
2096,G3_01_1_1_Chlorophyll_A_001_phosphate_plate4.tif,23,1186.087,944,1456
2097,G3_01_1_1_Chlorophyll_A_001_phosphate_plate4.tif,27,1104.000,944,1376
2098,G3_01_1_1_Chlorophyll_A_001_phosphate_plate4.tif,31,1106.581,960,1376
2099,G3_01_1_1_Chlorophyll_A_001_phosphate_plate4.tif,25,1141.120,960,1344
2100,G3_01_1_1_Chlorophyll_A_001_phosphate_plate4.tif,24,1076.000,944,1184
2101,G3_01_1_1_Chlorophyll_A_001_phosphate_plate4.tif,34,1069.647,944,1472
2102,G3_01_1_1_Chlorophyll_A_001_phosphate_plate4.tif,1,1056.000,1056,1056
2103,G3_01_1_1_Chlorophyll_A_001_phosphate_plate4.tif,1,992.000,992,992
2104,G3_01_1_1_Chlorophyll_A_001_phosphate_plate4.tif,1,1024.000,1024,1024
2105,G3_01_1_1_Chlorophyll_A_001_phosphate_plate4.tif,1,944.000,944,944
2106,G3_01_1_1_Chlorophyll_A_001_phosphate_plate4.tif,3,1072.000,992,1184
2107,G3_01_1_1_Chlorophyll_A_001_phosphate_plate4.tif,1,976.000,976,976
2108,G3_01_1_1_Chlorophyll_A_001_phosphate_plate4.tif,1,1056.000,1056,1056
2109,G3_01_1_1_Chlorophyll_A_001_phosphate_plate4.tif,2,1040.000,1024,1056
2110,G3_01_1_1_Chlorophyll_A_001_phosphate_plate4.tif,2,984.000,976,992
2111,G3_01_1_1_Chlorophyll_A_001_phosphate_plate4.tif,1,1056.000,1056,1056
2112,G3_01_1_1_Chlorophyll_A_001_phosphate_plate4.tif,1,1024.000,1024,1024
2113,G3_01_1_1_Chlorophyll_A_001_phosphate_plate4.tif,1,944.000,944,944
2114,G3_01_1_1_Chlorophyll_A_001_phosphate_plate4.tif,2,1072.000,992,1152
2115,G3_01_1_1_Chlorophyll_A_001_phosphate_plate4.tif,1,1024.000,1024,1024
2116,G3_01_1_1_Chlorophyll_A_001_phosphate_plate4.tif,1,944.000,944,944
2117,G3_01_1_1_Chlorophyll_A_001_phosphate_plate4.tif,1,1056.000,1056,1056
2118,G3_01_1_1_Chlorophyll_A_001_phosphate_plate4.tif,1,1168.000,1168,1168
2119,G3_01_1_1_Chlorophyll_A_001_phosphate_plate4.tif,1,976.000,976,976
2120,G3_01_1_1_Chlorophyll_A_001_phosphate_plate4.tif,1,944.000,944,944
2121,G3_01_1_1_Chlorophyll_A_001_phosphate_plate4.tif,1,944.000,944,944
2122,G3_01_1_1_Chlorophyll_A_001_phosphate_plate4.tif,25,1121.920,944,1408
2123,G3_01_1_1_Chlorophyll_A_001_phosphate_plate4.tif,15,1139.200,944,1392
2124,G3_01_1_1_Chlorophyll_A_001_phosphate_plate4.tif,38,1119.579,944,1312
2125,G3_01_1_1_Chlorophyll_A_001_phosphate_plate4.tif,33,1147.152,960,1472
2126,G3_01_1_1_Chlorophyll_A_001_phosphate_plate4.tif,5,998.400,944,1056
2127,G3_01_1_1_Chlorophyll_A_001_phosphate_plate4.tif,5,1091.200,976,1360
2128,G3_01_1_1_Chlorophyll_A_001_phosphate_plate4.tif,1,1120.000,1120,1120
2129,G3_01_1_1_Chlorophyll_A_001_phosphate_plate4.tif,1,944.000,944,944
2130,G3_01_1_1_Chlorophyll_A_001_phosphate_plate4.tif,5,992.000,944,1088
2131,G3_01_1_1_Chlorophyll_A_001_phosphate_plate4.tif,1,1120.000,1120,1120
2132,G3_01_1_1_Chlorophyll_A_001_phosphate_plate4.tif,4,1028.000,944,1104
2133,G3_01_1_1_Chlorophyll_A_001_phosphate_plate4.tif,3,970.667,944,1008
2134,G3_01_1_1_Chlorophyll_A_001_phosphate_plate4.tif,1,944.000,944,944
2135,G3_01_1_1_Chlorophyll_A_001_phosphate_plate4.tif,96,4510.167,944,28128
2136,G3_01_1_1_Chlorophyll_A_001_phosphate_plate4.tif,1,960.000,960,960
2137,G3_01_1_1_Chlorophyll_A_001_phosphate_plate4.tif,1,976.000,976,976
2138,G3_01_1_1_Chlorophyll_A_001_phosphate_plate4.tif,1,960.000,960,960
2139,G3_01_1_1_Chlorophyll_A_001_phosphate_plate4.tif,1,976.000,976,976
2140,G3_01_1_1_Chlorophyll_A_001_phosphate_plate4.tif,1,960.000,960,960
2141,G3_01_1_1_Chlorophyll_A_001_phosphate_plate4.tif,110,4938.473,944,27088
2142,G3_01_1_1_Chlorophyll_A_001_phosphate_plate4.tif,1,1056.000,1056,1056
2143,G3_01_1_1_Chlorophyll_A_001_phosphate_plate4.tif,1,1008.000,1008,1008
2144,G3_01_1_1_Chlorophyll_A_001_phosphate_plate4.tif,1,944.000,944,944
2145,G3_01_1_1_Chlorophyll_A_001_phosphate_plate4.tif,1,1056.000,1056,1056
2146,G3_01_1_1_Chlorophyll_A_001_phosphate_plate4.tif,23,1090.087,944,1408
2147,G3_01_1_1_Chlorophyll_A_001_phosphate_plate4.tif,49,1082.122,944,1392
2148,G3_01_1_1_Chlorophyll_A_001_phosphate_plate4.tif,121,1096.066,944,1360
2149,G3_01_1_1_Chlorophyll_A_001_phosphate_plate4.tif,19,1044.211,944,1248
2150,G3_01_1_1_Chlorophyll_A_001_phosphate_plate4.tif,300,2867.253,944,33488
2151,G3_01_1_1_Chlorophyll_A_001_phosphate_plate4.tif,2,1056.000,1040,1072
2152,G3_01_1_1_Chlorophyll_A_001_phosphate_plate4.tif,3,1029.333,1024,1040
2153,G3_01_1_1_Chlorophyll_A_001_phosphate_plate4.tif,1,944.000,944,944
2154,G3_01_1_1_Chlorophyll_A_001_phosphate_plate4.tif,3,1034.667,960,1088
2155,G3_01_1_1_Chlorophyll_A_001_phosphate_plate4.tif,4,984.000,960,1008
2156,G3_01_1_1_Chlorophyll_A_001_phosphate_plate4.tif,1,960.000,960,960
2157,G3_01_1_1_Chlorophyll_A_001_phosphate_plate4.tif,2,1008.000,976,1040
2158,G3_01_1_1_Chlorophyll_A_001_phosphate_plate4.tif,1,992.000,992,992
2159,G3_01_1_1_Chlorophyll_A_001_phosphate_plate4.tif,1,944.000,944,944
2160,G3_01_1_1_Chlorophyll_A_001_phosphate_plate4.tif,1,960.000,960,960
2161,G3_01_1_1_Chlorophyll_A_001_phosphate_plate4.tif,1,960.000,960,960
2162,G3_01_1_1_Chlorophyll_A_001_phosphate_plate4.tif,1,1008.000,1008,1008
2163,G3_01_1_1_Chlorophyll_A_001_phosphate_plate4.tif,1,1072.000,1072,1072
2164,G3_01_1_1_Chlorophyll_A_001_phosphate_plate4.tif,1,1040.000,1040,1040
2165,G3_01_1_1_Chlorophyll_A_001_phosphate_plate4.tif,1,992.000,992,992
2166,G3_01_1_1_Chlorophyll_A_001_phosphate_plate4.tif,89,4385.978,960,26880
2167,G3_01_1_1_Chlorophyll_A_001_phosphate_plate4.tif,1,976.000,976,976
2168,G3_01_1_1_Chlorophyll_A_001_phosphate_plate4.tif,1,976.000,976,976
2169,G3_01_1_1_Chlorophyll_A_001_phosphate_plate4.tif,1,944.000,944,944
2170,G3_01_1_1_Chlorophyll_A_001_phosphate_plate4.tif,1,1008.000,1008,1008
2171,G3_01_1_1_Chlorophyll_A_001_phosphate_plate4.tif,96,4720.833,960,32336
2172,G3_01_1_1_Chlorophyll_A_001_phosphate_plate4.tif,1,960.000,960,960
2173,G3_01_1_1_Chlorophyll_A_001_phosphate_plate4.tif,1,1040.000,1040,1040
2174,G3_01_1_1_Chlorophyll_A_001_phosphate_plate4.tif,1,976.000,976,976
2175,G3_01_1_1_Chlorophyll_A_001_phosphate_plate4.tif,88,3929.455,944,15424
2176,G3_01_1_1_Chlorophyll_A_001_phosphate_plate4.tif,37,1090.595,944,1392
2177,G3_01_1_1_Chlorophyll_A_001_phosphate_plate4.tif,18,1125.333,944,1392
2178,G3_01_1_1_Chlorophyll_A_001_phosphate_plate4.tif,81,1127.111,944,1472
2179,G3_01_1_1_Chlorophyll_A_001_phosphate_plate4.tif,269,3496.089,944,43584
2180,G3_01_1_1_Chlorophyll_A_001_phosphate_plate4.tif,1,960.000,960,960
2181,G3_01_1_1_Chlorophyll_A_001_phosphate_plate4.tif,1,944.000,944,944
2182,G3_01_1_1_Chlorophyll_A_001_phosphate_plate4.tif,2,1040.000,1040,1040
2183,G3_01_1_1_Chlorophyll_A_001_phosphate_plate4.tif,1,1040.000,1040,1040
2184,G3_01_1_1_Chlorophyll_A_001_phosphate_plate4.tif,2,952.000,944,960
2185,G3_01_1_1_Chlorophyll_A_001_phosphate_plate4.tif,1,992.000,992,992
2186,G3_01_1_1_Chlorophyll_A_001_phosphate_plate4.tif,1,1024.000,1024,1024
2187,G3_01_1_1_Chlorophyll_A_001_phosphate_plate4.tif,1,944.000,944,944
2188,G3_01_1_1_Chlorophyll_A_001_phosphate_plate4.tif,1,944.000,944,944
2189,G3_01_1_1_Chlorophyll_A_001_phosphate_plate4.tif,1,1040.000,1040,1040
2190,G3_01_1_1_Chlorophyll_A_001_phosphate_plate4.tif,1,944.000,944,944
2191,G3_01_1_1_Chlorophyll_A_001_phosphate_plate4.tif,1,944.000,944,944
2192,G3_01_1_1_Chlorophyll_A_001_phosphate_plate4.tif,1,1008.000,1008,1008
2193,G3_01_1_1_Chlorophyll_A_001_phosphate_plate4.tif,1,992.000,992,992
2194,G3_01_1_1_Chlorophyll_A_001_phosphate_plate4.tif,1,944.000,944,944
2195,G3_01_1_1_Chlorophyll_A_001_phosphate_plate4.tif,1,944.000,944,944
2196,G3_01_1_1_Chlorophyll_A_001_phosphate_plate4.tif,1,944.000,944,944
2197,G3_01_1_1_Chlorophyll_A_001_phosphate_plate4.tif,1,992.000,992,992
2198,G3_01_1_1_Chlorophyll_A_001_phosphate_plate4.tif,1,1072.000,1072,1072
2199,G3_01_1_1_Chlorophyll_A_001_phosphate_plate4.tif,2,960.000,944,976
2200,G3_01_1_1_Chlorophyll_A_001_phosphate_plate4.tif,1,960.000,960,960
2201,G3_01_1_1_Chlorophyll_A_001_phosphate_plate4.tif,1,1072.000,1072,1072
2202,G3_01_1_1_Chlorophyll_A_001_phosphate_plate4.tif,484,2351.041,944,38416
2203,G3_01_1_1_Chlorophyll_A_001_phosphate_plate4.tif,14,1133.714,944,1392
2204,G3_01_1_1_Chlorophyll_A_001_phosphate_plate4.tif,13,1120.000,976,1376
2205,G3_01_1_1_Chlorophyll_A_001_phosphate_plate4.tif,36,1066.667,944,1328
2206,G3_01_1_1_Chlorophyll_A_001_phosphate_plate4.tif,43,1065.674,944,1392
2207,G3_01_1_1_Chlorophyll_A_001_phosphate_plate4.tif,27,1057.778,944,1200
2208,G3_01_1_1_Chlorophyll_A_001_phosphate_plate4.tif,1,1008.000,1008,1008
2209,G3_01_1_1_Chlorophyll_A_001_phosphate_plate4.tif,1,1104.000,1104,1104
2210,G3_01_1_1_Chlorophyll_A_001_phosphate_plate4.tif,1,944.000,944,944
2211,G3_01_1_1_Chlorophyll_A_001_phosphate_plate4.tif,1,944.000,944,944
2212,G3_01_1_1_Chlorophyll_A_001_phosphate_plate4.tif,1,944.000,944,944
2213,G3_01_1_1_Chlorophyll_A_001_phosphate_plate4.tif,1,960.000,960,960
2214,G3_01_1_1_Chlorophyll_A_001_phosphate_plate4.tif,1,944.000,944,944
2215,G3_01_1_1_Chlorophyll_A_001_phosphate_plate4.tif,1,944.000,944,944
2216,G3_01_1_1_Chlorophyll_A_001_phosphate_plate4.tif,1,960.000,960,960
2217,G3_01_1_1_Chlorophyll_A_001_phosphate_plate4.tif,1,976.000,976,976
2218,G3_01_1_1_Chlorophyll_A_001_phosphate_plate4.tif,1,1056.000,1056,1056
2219,G3_01_1_1_Chlorophyll_A_001_phosphate_plate4.tif,1,944.000,944,944
2220,G3_01_1_1_Chlorophyll_A_001_phosphate_plate4.tif,1,1056.000,1056,1056
2221,G3_01_1_1_Chlorophyll_A_001_phosphate_plate4.tif,1,1056.000,1056,1056
2222,G3_01_1_1_Chlorophyll_A_001_phosphate_plate4.tif,1,976.000,976,976
2223,G3_01_1_1_Chlorophyll_A_001_phosphate_plate4.tif,3,997.333,960,1024
2224,G3_01_1_1_Chlorophyll_A_001_phosphate_plate4.tif,1,1024.000,1024,1024
2225,G3_01_1_1_Chlorophyll_A_001_phosphate_plate4.tif,29,1094.621,944,1280
2226,G3_01_1_1_Chlorophyll_A_001_phosphate_plate4.tif,27,1050.074,944,1312
2227,G3_01_1_1_Chlorophyll_A_001_phosphate_plate4.tif,2,1032.000,1008,1056
2228,G3_01_1_1_Chlorophyll_A_001_phosphate_plate4.tif,3,1040.000,976,1104
2229,G3_01_1_1_Chlorophyll_A_001_phosphate_plate4.tif,1,1008.000,1008,1008
2230,G3_01_1_1_Chlorophyll_A_001_phosphate_plate4.tif,1,1120.000,1120,1120
2231,G3_01_1_1_Chlorophyll_A_001_phosphate_plate4.tif,1,1120.000,1120,1120
2232,G3_01_1_1_Chlorophyll_A_001_phosphate_plate4.tif,1,1120.000,1120,1120
2233,G3_01_1_1_Chlorophyll_A_001_phosphate_plate4.tif,1,960.000,960,960
2234,G3_01_1_1_Chlorophyll_A_001_phosphate_plate4.tif,1,1040.000,1040,1040
2235,G3_01_1_1_Chlorophyll_A_001_phosphate_plate4.tif,1,976.000,976,976
2236,G3_01_1_1_Chlorophyll_A_001_phosphate_plate4.tif,1,960.000,960,960
2237,G3_01_1_1_Chlorophyll_A_001_phosphate_plate4.tif,82,3446.634,944,22432
2238,G3_01_1_1_Chlorophyll_A_001_phosphate_plate4.tif,1,944.000,944,944
2239,G3_01_1_1_Chlorophyll_A_001_phosphate_plate4.tif,1,1024.000,1024,1024
2240,G3_01_1_1_Chlorophyll_A_001_phosphate_plate4.tif,1,1072.000,1072,1072
2241,G3_01_1_1_Chlorophyll_A_001_phosphate_plate4.tif,1,1120.000,1120,1120
2242,G3_01_1_1_Chlorophyll_A_001_phosphate_plate4.tif,1,1088.000,1088,1088
2243,G3_01_1_1_Chlorophyll_A_001_phosphate_plate4.tif,49,1119.020,944,1328
2244,G3_01_1_1_Chlorophyll_A_001_phosphate_plate4.tif,38,1087.579,944,1328
2245,G3_01_1_1_Chlorophyll_A_001_phosphate_plate4.tif,19,1103.158,960,1344
2246,G3_01_1_1_Chlorophyll_A_001_phosphate_plate4.tif,3,1098.667,1024,1168
2247,G3_01_1_1_Chlorophyll_A_001_phosphate_plate4.tif,1,1040.000,1040,1040
2248,G3_01_1_1_Chlorophyll_A_001_phosphate_plate4.tif,1,976.000,976,976
2249,G3_01_1_1_Chlorophyll_A_001_phosphate_plate4.tif,1,976.000,976,976
2250,G3_01_1_1_Chlorophyll_A_001_phosphate_plate4.tif,2,1088.000,1040,1136
2251,G3_01_1_1_Chlorophyll_A_001_phosphate_plate4.tif,1,1008.000,1008,1008
2252,G3_01_1_1_Chlorophyll_A_001_phosphate_plate4.tif,1,1008.000,1008,1008
2253,G3_01_1_1_Chlorophyll_A_001_phosphate_plate4.tif,1,1008.000,1008,1008
2254,G3_01_1_1_Chlorophyll_A_001_phosphate_plate4.tif,1,976.000,976,976
2255,G3_01_1_1_Chlorophyll_A_001_phosphate_plate4.tif,1,1040.000,1040,1040
2256,G3_01_1_1_Chlorophyll_A_001_phosphate_plate4.tif,1,1008.000,1008,1008
2257,G3_01_1_1_Chlorophyll_A_001_phosphate_plate4.tif,1,960.000,960,960
2258,G3_01_1_1_Chlorophyll_A_001_phosphate_plate4.tif,1,960.000,960,960
2259,G3_01_1_1_Chlorophyll_A_001_phosphate_plate4.tif,1,992.000,992,992
2260,G3_01_1_1_Chlorophyll_A_001_phosphate_plate4.tif,87,4132.414,944,29888
2261,G3_01_1_1_Chlorophyll_A_001_phosphate_plate4.tif,119,4814.387,944,31136
2262,G3_01_1_1_Chlorophyll_A_001_phosphate_plate4.tif,1,960.000,960,960
2263,G3_01_1_1_Chlorophyll_A_001_phosphate_plate4.tif,1,1008.000,1008,1008
2264,G3_01_1_1_Chlorophyll_A_001_phosphate_plate4.tif,1,1024.000,1024,1024
2265,G3_01_1_1_Chlorophyll_A_001_phosphate_plate4.tif,1,944.000,944,944
2266,G3_01_1_1_Chlorophyll_A_001_phosphate_plate4.tif,49,1135.347,944,1424
2267,G3_01_1_1_Chlorophyll_A_001_phosphate_plate4.tif,54,1110.222,944,1280
2268,G3_01_1_1_Chlorophyll_A_001_phosphate_plate4.tif,43,1104.744,944,1328
2269,G3_01_1_1_Chlorophyll_A_001_phosphate_plate4.tif,18,1141.333,944,1344
2270,G3_01_1_1_Chlorophyll_A_001_phosphate_plate4.tif,42,1114.667,944,1360
2271,G3_01_1_1_Chlorophyll_A_001_phosphate_plate4.tif,1,976.000,976,976
2272,G3_01_1_1_Chlorophyll_A_001_phosphate_plate4.tif,2,1008.000,992,1024
2273,G3_01_1_1_Chlorophyll_A_001_phosphate_plate4.tif,3,1034.667,944,1200
2274,G3_01_1_1_Chlorophyll_A_001_phosphate_plate4.tif,9,1031.111,960,1248
2275,G3_01_1_1_Chlorophyll_A_001_phosphate_plate4.tif,3,992.000,976,1024
2276,G3_01_1_1_Chlorophyll_A_001_phosphate_plate4.tif,1,944.000,944,944
2277,G3_01_1_1_Chlorophyll_A_001_phosphate_plate4.tif,4,996.000,944,1104
2278,G3_01_1_1_Chlorophyll_A_001_phosphate_plate4.tif,2,1016.000,976,1056
2279,G3_01_1_1_Chlorophyll_A_001_phosphate_plate4.tif,1,976.000,976,976
2280,G3_01_1_1_Chlorophyll_A_001_phosphate_plate4.tif,2,1024.000,992,1056
2281,G3_01_1_1_Chlorophyll_A_001_phosphate_plate4.tif,1,1008.000,1008,1008
2282,G3_01_1_1_Chlorophyll_A_001_phosphate_plate4.tif,1,992.000,992,992
2283,G3_01_1_1_Chlorophyll_A_001_phosphate_plate4.tif,1,1088.000,1088,1088
2284,G3_01_1_1_Chlorophyll_A_001_phosphate_plate4.tif,1,1040.000,1040,1040
2285,G3_01_1_1_Chlorophyll_A_001_phosphate_plate4.tif,1,1088.000,1088,1088
2286,G3_01_1_1_Chlorophyll_A_001_phosphate_plate4.tif,1,960.000,960,960
2287,G3_01_1_1_Chlorophyll_A_001_phosphate_plate4.tif,1,944.000,944,944
2288,G3_01_1_1_Chlorophyll_A_001_phosphate_plate4.tif,1,1024.000,1024,1024
2289,G3_01_1_1_Chlorophyll_A_001_phosphate_plate4.tif,73,3626.082,944,16048
2290,G3_01_1_1_Chlorophyll_A_001_phosphate_plate4.tif,88,5204.545,944,30208
2291,G3_01_1_1_Chlorophyll_A_001_phosphate_plate4.tif,1,960.000,960,960
2292,G3_01_1_1_Chlorophyll_A_001_phosphate_plate4.tif,24,1074.000,944,1408
2293,G3_01_1_1_Chlorophyll_A_001_phosphate_plate4.tif,13,1133.538,960,1296
2294,G3_01_1_1_Chlorophyll_A_001_phosphate_plate4.tif,10,1113.600,960,1280
2295,G3_01_1_1_Chlorophyll_A_001_phosphate_plate4.tif,17,1063.529,944,1248
2296,G3_01_1_1_Chlorophyll_A_001_phosphate_plate4.tif,1,976.000,976,976
2297,G3_01_1_1_Chlorophyll_A_001_phosphate_plate4.tif,2,1048.000,1040,1056
2298,G3_01_1_1_Chlorophyll_A_001_phosphate_plate4.tif,1,944.000,944,944
2299,G3_01_1_1_Chlorophyll_A_001_phosphate_plate4.tif,1,1008.000,1008,1008
2300,G3_01_1_1_Chlorophyll_A_001_phosphate_plate4.tif,4,1000.000,944,1056
2301,G3_01_1_1_Chlorophyll_A_001_phosphate_plate4.tif,1,1024.000,1024,1024
2302,G3_01_1_1_Chlorophyll_A_001_phosphate_plate4.tif,1,944.000,944,944
2303,G3_01_1_1_Chlorophyll_A_001_phosphate_plate4.tif,2,968.000,960,976
2304,G3_01_1_1_Chlorophyll_A_001_phosphate_plate4.tif,1,944.000,944,944
2305,G3_01_1_1_Chlorophyll_A_001_phosphate_plate4.tif,53,3324.679,944,12592
2306,G3_01_1_1_Chlorophyll_A_001_phosphate_plate4.tif,1,960.000,960,960
2307,G3_01_1_1_Chlorophyll_A_001_phosphate_plate4.tif,1,976.000,976,976
2308,G3_01_1_1_Chlorophyll_A_001_phosphate_plate4.tif,87,3908.782,944,26832
2309,G3_01_1_1_Chlorophyll_A_001_phosphate_plate4.tif,1,1008.000,1008,1008
2310,G3_01_1_1_Chlorophyll_A_001_phosphate_plate4.tif,2,976.000,944,1008
2311,G3_01_1_1_Chlorophyll_A_001_phosphate_plate4.tif,92,1110.261,944,1456
2312,G3_01_1_1_Chlorophyll_A_001_phosphate_plate4.tif,49,1133.714,944,1424
2313,G3_01_1_1_Chlorophyll_A_001_phosphate_plate4.tif,6,1034.667,960,1088
2314,G3_01_1_1_Chlorophyll_A_001_phosphate_plate4.tif,2,1048.000,1040,1056
2315,G3_01_1_1_Chlorophyll_A_001_phosphate_plate4.tif,1,992.000,992,992
2316,G3_01_1_1_Chlorophyll_A_001_phosphate_plate4.tif,3,949.333,944,960
2317,G3_01_1_1_Chlorophyll_A_001_phosphate_plate4.tif,1,1024.000,1024,1024
2318,G3_01_1_1_Chlorophyll_A_001_phosphate_plate4.tif,1,944.000,944,944
2319,G3_01_1_1_Chlorophyll_A_001_phosphate_plate4.tif,1,960.000,960,960
2320,G3_01_1_1_Chlorophyll_A_001_phosphate_plate4.tif,1,1088.000,1088,1088
2321,G3_01_1_1_Chlorophyll_A_001_phosphate_plate4.tif,2,1016.000,976,1056
2322,G3_01_1_1_Chlorophyll_A_001_phosphate_plate4.tif,1,976.000,976,976
2323,G3_01_1_1_Chlorophyll_A_001_phosphate_plate4.tif,1,960.000,960,960
2324,G3_01_1_1_Chlorophyll_A_001_phosphate_plate4.tif,1,992.000,992,992
2325,G3_01_1_1_Chlorophyll_A_001_phosphate_plate4.tif,1,1008.000,1008,1008
2326,G3_01_1_1_Chlorophyll_A_001_phosphate_plate4.tif,1,944.000,944,944
2327,G3_01_1_1_Chlorophyll_A_001_phosphate_plate4.tif,1,976.000,976,976
2328,G3_01_1_1_Chlorophyll_A_001_phosphate_plate4.tif,1,992.000,992,992
2329,G3_01_1_1_Chlorophyll_A_001_phosphate_plate4.tif,1,960.000,960,960
2330,G3_01_1_1_Chlorophyll_A_001_phosphate_plate4.tif,39,1144.615,944,1520
2331,G3_01_1_1_Chlorophyll_A_001_phosphate_plate4.tif,15,1126.400,944,1296
2332,G3_01_1_1_Chlorophyll_A_001_phosphate_plate4.tif,36,1070.222,944,1376
2333,G3_01_1_1_Chlorophyll_A_001_phosphate_plate4.tif,20,1084.000,960,1376
2334,G3_01_1_1_Chlorophyll_A_001_phosphate_plate4.tif,1,1024.000,1024,1024
2335,G3_01_1_1_Chlorophyll_A_001_phosphate_plate4.tif,2,1112.000,944,1280
2336,G3_01_1_1_Chlorophyll_A_001_phosphate_plate4.tif,4,968.000,960,976
2337,G3_01_1_1_Chlorophyll_A_001_phosphate_plate4.tif,1,976.000,976,976
2338,G3_01_1_1_Chlorophyll_A_001_phosphate_plate4.tif,1,1024.000,1024,1024
2339,G3_01_1_1_Chlorophyll_A_001_phosphate_plate4.tif,1,992.000,992,992
2340,G3_01_1_1_Chlorophyll_A_001_phosphate_plate4.tif,1,976.000,976,976
2341,G3_01_1_1_Chlorophyll_A_001_phosphate_plate4.tif,1,944.000,944,944
2342,G3_01_1_1_Chlorophyll_A_001_phosphate_plate4.tif,1,976.000,976,976
2343,G3_01_1_1_Chlorophyll_A_001_phosphate_plate4.tif,1,960.000,960,960
2344,G3_01_1_1_Chlorophyll_A_001_phosphate_plate4.tif,1,1024.000,1024,1024
2345,G3_01_1_1_Chlorophyll_A_001_phosphate_plate4.tif,1,960.000,960,960
2346,G3_01_1_1_Chlorophyll_A_001_phosphate_plate4.tif,1,1056.000,1056,1056
2347,G3_01_1_1_Chlorophyll_A_001_phosphate_plate4.tif,11,1048.727,944,1152
2348,G3_01_1_1_Chlorophyll_A_001_phosphate_plate4.tif,26,1124.308,944,1280
2349,G3_01_1_1_Chlorophyll_A_001_phosphate_plate4.tif,47,1053.957,944,1328
2350,G3_01_1_1_Chlorophyll_A_001_phosphate_plate4.tif,2,1024.000,1008,1040
2351,G3_01_1_1_Chlorophyll_A_001_phosphate_plate4.tif,1,1056.000,1056,1056
2352,G3_01_1_1_Chlorophyll_A_001_phosphate_plate4.tif,2,1000.000,944,1056
2353,G3_01_1_1_Chlorophyll_A_001_phosphate_plate4.tif,5,998.400,944,1104
2354,G3_01_1_1_Chlorophyll_A_001_phosphate_plate4.tif,1,1008.000,1008,1008
2355,G3_01_1_1_Chlorophyll_A_001_phosphate_plate4.tif,1,976.000,976,976
2356,G3_01_1_1_Chlorophyll_A_001_phosphate_plate4.tif,1,1040.000,1040,1040
2357,G3_01_1_1_Chlorophyll_A_001_phosphate_plate4.tif,1,976.000,976,976
2358,G3_01_1_1_Chlorophyll_A_001_phosphate_plate4.tif,1,1088.000,1088,1088
2359,G3_01_1_1_Chlorophyll_A_001_phosphate_plate4.tif,1,976.000,976,976
2360,G3_01_1_1_Chlorophyll_A_001_phosphate_plate4.tif,1,976.000,976,976
2361,G3_01_1_1_Chlorophyll_A_001_phosphate_plate4.tif,173,4187.468,944,23136
2362,G3_01_1_1_Chlorophyll_A_001_phosphate_plate4.tif,1,1152.000,1152,1152
2363,G3_01_1_1_Chlorophyll_A_001_phosphate_plate4.tif,2,1080.000,1040,1120
2364,G3_01_1_1_Chlorophyll_A_001_phosphate_plate4.tif,1,944.000,944,944
2365,G3_01_1_1_Chlorophyll_A_001_phosphate_plate4.tif,1,976.000,976,976
2366,G3_01_1_1_Chlorophyll_A_001_phosphate_plate4.tif,1,1008.000,1008,1008
2367,G3_01_1_1_Chlorophyll_A_001_phosphate_plate4.tif,1,960.000,960,960
2368,G3_01_1_1_Chlorophyll_A_001_phosphate_plate4.tif,1,960.000,960,960
2369,G3_01_1_1_Chlorophyll_A_001_phosphate_plate4.tif,137,5392.467,944,39120
2370,G3_01_1_1_Chlorophyll_A_001_phosphate_plate4.tif,35,1138.286,944,1312
2371,G3_01_1_1_Chlorophyll_A_001_phosphate_plate4.tif,45,1116.444,944,1376
2372,G3_01_1_1_Chlorophyll_A_001_phosphate_plate4.tif,6,1061.333,944,1168
2373,G3_01_1_1_Chlorophyll_A_001_phosphate_plate4.tif,1,976.000,976,976
2374,G3_01_1_1_Chlorophyll_A_001_phosphate_plate4.tif,1,944.000,944,944
2375,G3_01_1_1_Chlorophyll_A_001_phosphate_plate4.tif,2,1104.000,1056,1152
2376,G3_01_1_1_Chlorophyll_A_001_phosphate_plate4.tif,4,988.000,976,1008
2377,G3_01_1_1_Chlorophyll_A_001_phosphate_plate4.tif,1,960.000,960,960
2378,G3_01_1_1_Chlorophyll_A_001_phosphate_plate4.tif,1,944.000,944,944
2379,G3_01_1_1_Chlorophyll_A_001_phosphate_plate4.tif,2,1064.000,944,1184
2380,G3_01_1_1_Chlorophyll_A_001_phosphate_plate4.tif,1,992.000,992,992
2381,G3_01_1_1_Chlorophyll_A_001_phosphate_plate4.tif,1,992.000,992,992
2382,G3_01_1_1_Chlorophyll_A_001_phosphate_plate4.tif,1,960.000,960,960
2383,G3_01_1_1_Chlorophyll_A_001_phosphate_plate4.tif,1,960.000,960,960
2384,G3_01_1_1_Chlorophyll_A_001_phosphate_plate4.tif,1,1056.000,1056,1056
2385,G3_01_1_1_Chlorophyll_A_001_phosphate_plate4.tif,1,976.000,976,976
2386,G3_01_1_1_Chlorophyll_A_001_phosphate_plate4.tif,1,944.000,944,944
2387,G3_01_1_1_Chlorophyll_A_001_phosphate_plate4.tif,1,976.000,976,976
2388,G3_01_1_1_Chlorophyll_A_001_phosphate_plate4.tif,25,1113.600,944,1408
2389,G3_01_1_1_Chlorophyll_A_001_phosphate_plate4.tif,37,1075.027,944,1264
2390,G3_01_1_1_Chlorophyll_A_001_phosphate_plate4.tif,13,1113.846,960,1248
2391,G3_01_1_1_Chlorophyll_A_001_phosphate_plate4.tif,15,1110.400,960,1344
2392,G3_01_1_1_Chlorophyll_A_001_phosphate_plate4.tif,23,1080.348,944,1408
2393,G3_01_1_1_Chlorophyll_A_001_phosphate_plate4.tif,4,1004.000,944,1120
2394,G3_01_1_1_Chlorophyll_A_001_phosphate_plate4.tif,1,960.000,960,960
2395,G3_01_1_1_Chlorophyll_A_001_phosphate_plate4.tif,1,976.000,976,976
2396,G3_01_1_1_Chlorophyll_A_001_phosphate_plate4.tif,1,992.000,992,992
2397,G3_01_1_1_Chlorophyll_A_001_phosphate_plate4.tif,1,960.000,960,960
2398,G3_01_1_1_Chlorophyll_A_001_phosphate_plate4.tif,1,960.000,960,960
2399,G3_01_1_1_Chlorophyll_A_001_phosphate_plate4.tif,1,1072.000,1072,1072
2400,G3_01_1_1_Chlorophyll_A_001_phosphate_plate4.tif,1,976.000,976,976
2401,G3_01_1_1_Chlorophyll_A_001_phosphate_plate4.tif,1,1104.000,1104,1104
2402,G3_01_1_1_Chlorophyll_A_001_phosphate_plate4.tif,1,1184.000,1184,1184
2403,G3_01_1_1_Chlorophyll_A_001_phosphate_plate4.tif,1,1040.000,1040,1040
2404,G3_01_1_1_Chlorophyll_A_001_phosphate_plate4.tif,4,1000.000,960,1056
2405,G3_01_1_1_Chlorophyll_A_001_phosphate_plate4.tif,1,1024.000,1024,1024
2406,G3_01_1_1_Chlorophyll_A_001_phosphate_plate4.tif,1,976.000,976,976
2407,G3_01_1_1_Chlorophyll_A_001_phosphate_plate4.tif,1,976.000,976,976
2408,G3_01_1_1_Chlorophyll_A_001_phosphate_plate4.tif,22,1092.364,944,1280
2409,G3_01_1_1_Chlorophyll_A_001_phosphate_plate4.tif,37,1121.730,944,1344
2410,G3_01_1_1_Chlorophyll_A_001_phosphate_plate4.tif,22,1098.182,944,1296
2411,G3_01_1_1_Chlorophyll_A_001_phosphate_plate4.tif,2,992.000,944,1040
2412,G3_01_1_1_Chlorophyll_A_001_phosphate_plate4.tif,3,1056.000,960,1200
2413,G3_01_1_1_Chlorophyll_A_001_phosphate_plate4.tif,1,992.000,992,992
2414,G3_01_1_1_Chlorophyll_A_001_phosphate_plate4.tif,1,1056.000,1056,1056
2415,G3_01_1_1_Chlorophyll_A_001_phosphate_plate4.tif,1,1232.000,1232,1232
2416,G3_01_1_1_Chlorophyll_A_001_phosphate_plate4.tif,2,1008.000,944,1072
2417,G3_01_1_1_Chlorophyll_A_001_phosphate_plate4.tif,2,952.000,944,960
2418,G3_01_1_1_Chlorophyll_A_001_phosphate_plate4.tif,2,1008.000,944,1072
2419,G3_01_1_1_Chlorophyll_A_001_phosphate_plate4.tif,110,4011.491,944,36800
2420,G3_01_1_1_Chlorophyll_A_001_phosphate_plate4.tif,1,944.000,944,944
2421,G3_01_1_1_Chlorophyll_A_001_phosphate_plate4.tif,1,992.000,992,992
2422,G3_01_1_1_Chlorophyll_A_001_phosphate_plate4.tif,1,1024.000,1024,1024
2423,G3_01_1_1_Chlorophyll_A_001_phosphate_plate4.tif,1,960.000,960,960
2424,G3_01_1_1_Chlorophyll_A_001_phosphate_plate4.tif,2,960.000,944,976
2425,G3_01_1_1_Chlorophyll_A_001_phosphate_plate4.tif,1,960.000,960,960
2426,G3_01_1_1_Chlorophyll_A_001_phosphate_plate4.tif,1,1088.000,1088,1088
2427,G3_01_1_1_Chlorophyll_A_001_phosphate_plate4.tif,1,976.000,976,976
2428,G3_01_1_1_Chlorophyll_A_001_phosphate_plate4.tif,1,960.000,960,960
2429,G3_01_1_1_Chlorophyll_A_001_phosphate_plate4.tif,1,1024.000,1024,1024
2430,G3_01_1_1_Chlorophyll_A_001_phosphate_plate4.tif,1,1040.000,1040,1040
2431,G3_01_1_1_Chlorophyll_A_001_phosphate_plate4.tif,2,960.000,944,976
2432,G3_01_1_1_Chlorophyll_A_001_phosphate_plate4.tif,1,1040.000,1040,1040
2433,G3_01_1_1_Chlorophyll_A_001_phosphate_plate4.tif,39,1093.744,944,1296
2434,G3_01_1_1_Chlorophyll_A_001_phosphate_plate4.tif,24,1085.333,960,1248
2435,G3_01_1_1_Chlorophyll_A_001_phosphate_plate4.tif,71,1065.915,944,1328
2436,G3_01_1_1_Chlorophyll_A_001_phosphate_plate4.tif,5,1027.200,944,1168
2437,G3_01_1_1_Chlorophyll_A_001_phosphate_plate4.tif,42,1041.143,944,1280
2438,G3_01_1_1_Chlorophyll_A_001_phosphate_plate4.tif,1,1040.000,1040,1040
2439,G3_01_1_1_Chlorophyll_A_001_phosphate_plate4.tif,2,984.000,976,992
2440,G3_01_1_1_Chlorophyll_A_001_phosphate_plate4.tif,1,1024.000,1024,1024
2441,G3_01_1_1_Chlorophyll_A_001_phosphate_plate4.tif,1,1056.000,1056,1056
2442,G3_01_1_1_Chlorophyll_A_001_phosphate_plate4.tif,2,992.000,960,1024
2443,G3_01_1_1_Chlorophyll_A_001_phosphate_plate4.tif,1,976.000,976,976
2444,G3_01_1_1_Chlorophyll_A_001_phosphate_plate4.tif,5,1062.400,960,1120
2445,G3_01_1_1_Chlorophyll_A_001_phosphate_plate4.tif,1,976.000,976,976
2446,G3_01_1_1_Chlorophyll_A_001_phosphate_plate4.tif,1,1136.000,1136,1136
2447,G3_01_1_1_Chlorophyll_A_001_phosphate_plate4.tif,1,1056.000,1056,1056
2448,G3_01_1_1_Chlorophyll_A_001_phosphate_plate4.tif,2,968.000,960,976
2449,G3_01_1_1_Chlorophyll_A_001_phosphate_plate4.tif,1,944.000,944,944
2450,G3_01_1_1_Chlorophyll_A_001_phosphate_plate4.tif,1,1024.000,1024,1024
2451,G3_01_1_1_Chlorophyll_A_001_phosphate_plate4.tif,1,976.000,976,976
2452,G3_01_1_1_Chlorophyll_A_001_phosphate_plate4.tif,25,1094.400,944,1360
2453,G3_01_1_1_Chlorophyll_A_001_phosphate_plate4.tif,17,1100.235,960,1360
2454,G3_01_1_1_Chlorophyll_A_001_phosphate_plate4.tif,2,1024.000,1008,1040
2455,G3_01_1_1_Chlorophyll_A_001_phosphate_plate4.tif,4,992.000,944,1072
2456,G3_01_1_1_Chlorophyll_A_001_phosphate_plate4.tif,1,944.000,944,944
2457,G3_01_1_1_Chlorophyll_A_001_phosphate_plate4.tif,3,986.667,944,1040
2458,G3_01_1_1_Chlorophyll_A_001_phosphate_plate4.tif,1,1120.000,1120,1120
2459,G3_01_1_1_Chlorophyll_A_001_phosphate_plate4.tif,1,976.000,976,976
2460,G3_01_1_1_Chlorophyll_A_001_phosphate_plate4.tif,1,992.000,992,992
2461,G3_01_1_1_Chlorophyll_A_001_phosphate_plate4.tif,1,1072.000,1072,1072
2462,G3_01_1_1_Chlorophyll_A_001_phosphate_plate4.tif,1,1088.000,1088,1088
2463,G3_01_1_1_Chlorophyll_A_001_phosphate_plate4.tif,1,1088.000,1088,1088
2464,G3_01_1_1_Chlorophyll_A_001_phosphate_plate4.tif,1,976.000,976,976
2465,G3_01_1_1_Chlorophyll_A_001_phosphate_plate4.tif,1,960.000,960,960
2466,G3_01_1_1_Chlorophyll_A_001_phosphate_plate4.tif,1,944.000,944,944
2467,G3_01_1_1_Chlorophyll_A_001_phosphate_plate4.tif,1,976.000,976,976
2468,G3_01_1_1_Chlorophyll_A_001_phosphate_plate4.tif,1,944.000,944,944
2469,G3_01_1_1_Chlorophyll_A_001_phosphate_plate4.tif,1,944.000,944,944
2470,G3_01_1_1_Chlorophyll_A_001_phosphate_plate4.tif,17,1178.353,944,1680
2471,G3_01_1_1_Chlorophyll_A_001_phosphate_plate4.tif,32,1114.500,976,1472
2472,G3_01_1_1_Chlorophyll_A_001_phosphate_plate4.tif,30,1098.667,944,1264
2473,G3_01_1_1_Chlorophyll_A_001_phosphate_plate4.tif,34,1115.765,960,1376
2474,G3_01_1_1_Chlorophyll_A_001_phosphate_plate4.tif,40,1082.400,944,1264
2475,G3_01_1_1_Chlorophyll_A_001_phosphate_plate4.tif,58,1107.862,960,1392
2476,G3_01_1_1_Chlorophyll_A_001_phosphate_plate4.tif,93,1250.925,944,2832
2477,G3_01_1_1_Chlorophyll_A_001_phosphate_plate4.tif,1,1008.000,1008,1008
2478,G3_01_1_1_Chlorophyll_A_001_phosphate_plate4.tif,1,960.000,960,960
2479,G3_01_1_1_Chlorophyll_A_001_phosphate_plate4.tif,1,1008.000,1008,1008
2480,G3_01_1_1_Chlorophyll_A_001_phosphate_plate4.tif,3,986.667,976,992
2481,G3_01_1_1_Chlorophyll_A_001_phosphate_plate4.tif,1,944.000,944,944
2482,G3_01_1_1_Chlorophyll_A_001_phosphate_plate4.tif,1,1040.000,1040,1040
2483,G3_01_1_1_Chlorophyll_A_001_phosphate_plate4.tif,1,976.000,976,976
2484,G3_01_1_1_Chlorophyll_A_001_phosphate_plate4.tif,1,960.000,960,960
2485,G3_01_1_1_Chlorophyll_A_001_phosphate_plate4.tif,151,4147.497,944,37104
2486,G3_01_1_1_Chlorophyll_A_001_phosphate_plate4.tif,2,1032.000,992,1072
2487,G3_01_1_1_Chlorophyll_A_001_phosphate_plate4.tif,1,944.000,944,944
2488,G3_01_1_1_Chlorophyll_A_001_phosphate_plate4.tif,1,976.000,976,976
2489,G3_01_1_1_Chlorophyll_A_001_phosphate_plate4.tif,1,960.000,960,960
2490,G3_01_1_1_Chlorophyll_A_001_phosphate_plate4.tif,69,4713.739,944,25920
2491,G3_01_1_1_Chlorophyll_A_001_phosphate_plate4.tif,1,1008.000,1008,1008
2492,G3_01_1_1_Chlorophyll_A_001_phosphate_plate4.tif,1,944.000,944,944
2493,G3_01_1_1_Chlorophyll_A_001_phosphate_plate4.tif,28,1097.714,960,1328
2494,G3_01_1_1_Chlorophyll_A_001_phosphate_plate4.tif,12,1154.667,1024,1344
2495,G3_01_1_1_Chlorophyll_A_001_phosphate_plate4.tif,3,1013.333,944,1056
2496,G3_01_1_1_Chlorophyll_A_001_phosphate_plate4.tif,1,1040.000,1040,1040
2497,G3_01_1_1_Chlorophyll_A_001_phosphate_plate4.tif,8,1046.000,944,1232
2498,G3_01_1_1_Chlorophyll_A_001_phosphate_plate4.tif,1,992.000,992,992
2499,G3_01_1_1_Chlorophyll_A_001_phosphate_plate4.tif,1,1024.000,1024,1024
2500,G3_01_1_1_Chlorophyll_A_001_phosphate_plate4.tif,1,960.000,960,960
2501,G3_01_1_1_Chlorophyll_A_001_phosphate_plate4.tif,2,960.000,944,976
2502,G3_01_1_1_Chlorophyll_A_001_phosphate_plate4.tif,1,992.000,992,992
2503,G3_01_1_1_Chlorophyll_A_001_phosphate_plate4.tif,1,992.000,992,992
2504,G3_01_1_1_Chlorophyll_A_001_phosphate_plate4.tif,1,976.000,976,976
2505,G3_01_1_1_Chlorophyll_A_001_phosphate_plate4.tif,1,944.000,944,944
2506,G3_01_1_1_Chlorophyll_A_001_phosphate_plate4.tif,167,5194.922,944,31440
2507,G3_01_1_1_Chlorophyll_A_001_phosphate_plate4.tif,1,992.000,992,992
2508,G3_01_1_1_Chlorophyll_A_001_phosphate_plate4.tif,1,976.000,976,976
2509,G3_01_1_1_Chlorophyll_A_001_phosphate_plate4.tif,1,1072.000,1072,1072
2510,G3_01_1_1_Chlorophyll_A_001_phosphate_plate4.tif,3,954.667,944,976
2511,G3_01_1_1_Chlorophyll_A_001_phosphate_plate4.tif,89,4735.640,960,21648
2512,G3_01_1_1_Chlorophyll_A_001_phosphate_plate4.tif,11,1105.455,976,1216
2513,G3_01_1_1_Chlorophyll_A_001_phosphate_plate4.tif,269,2295.494,944,20368
2514,G3_01_1_1_Chlorophyll_A_001_phosphate_plate4.tif,34,1068.235,944,1232
2515,G3_01_1_1_Chlorophyll_A_001_phosphate_plate4.tif,1,976.000,976,976
2516,G3_01_1_1_Chlorophyll_A_001_phosphate_plate4.tif,6,989.333,960,1088
2517,G3_01_1_1_Chlorophyll_A_001_phosphate_plate4.tif,2,1048.000,960,1136
2518,G3_01_1_1_Chlorophyll_A_001_phosphate_plate4.tif,1,976.000,976,976
2519,G3_01_1_1_Chlorophyll_A_001_phosphate_plate4.tif,1,960.000,960,960
2520,G3_01_1_1_Chlorophyll_A_001_phosphate_plate4.tif,1,960.000,960,960
2521,G3_01_1_1_Chlorophyll_A_001_phosphate_plate4.tif,1,944.000,944,944
2522,G3_01_1_1_Chlorophyll_A_001_phosphate_plate4.tif,77,3620.987,944,15552
2523,G3_01_1_1_Chlorophyll_A_001_phosphate_plate4.tif,16,1113.000,960,1424
2524,G3_01_1_1_Chlorophyll_A_001_phosphate_plate4.tif,34,1101.647,944,1360
2525,G3_01_1_1_Chlorophyll_A_001_phosphate_plate4.tif,34,1100.706,944,1312
2526,G3_01_1_1_Chlorophyll_A_001_phosphate_plate4.tif,21,1122.286,944,1504
2527,G3_01_1_1_Chlorophyll_A_001_phosphate_plate4.tif,19,1083.789,960,1200
2528,G3_01_1_1_Chlorophyll_A_001_phosphate_plate4.tif,1,960.000,960,960
2529,G3_01_1_1_Chlorophyll_A_001_phosphate_plate4.tif,1,960.000,960,960
2530,G3_01_1_1_Chlorophyll_A_001_phosphate_plate4.tif,2,1008.000,976,1040
2531,G3_01_1_1_Chlorophyll_A_001_phosphate_plate4.tif,1,1136.000,1136,1136
2532,G3_01_1_1_Chlorophyll_A_001_phosphate_plate4.tif,1,976.000,976,976
2533,G3_01_1_1_Chlorophyll_A_001_phosphate_plate4.tif,1,1088.000,1088,1088
2534,G3_01_1_1_Chlorophyll_A_001_phosphate_plate4.tif,1,1040.000,1040,1040
2535,G3_01_1_1_Chlorophyll_A_001_phosphate_plate4.tif,1,1024.000,1024,1024
2536,G3_01_1_1_Chlorophyll_A_001_phosphate_plate4.tif,2,984.000,944,1024
2537,G3_01_1_1_Chlorophyll_A_001_phosphate_plate4.tif,70,1127.543,944,1424
2538,G3_01_1_1_Chlorophyll_A_001_phosphate_plate4.tif,39,1056.000,944,1280
2539,G3_01_1_1_Chlorophyll_A_001_phosphate_plate4.tif,1,976.000,976,976
2540,G3_01_1_1_Chlorophyll_A_001_phosphate_plate4.tif,1,1024.000,1024,1024
2541,G3_01_1_1_Chlorophyll_A_001_phosphate_plate4.tif,2,944.000,944,944
2542,G3_01_1_1_Chlorophyll_A_001_phosphate_plate4.tif,1,1104.000,1104,1104
2543,G3_01_1_1_Chlorophyll_A_001_phosphate_plate4.tif,2,1080.000,1008,1152
2544,G3_01_1_1_Chlorophyll_A_001_phosphate_plate4.tif,1,944.000,944,944
2545,G3_01_1_1_Chlorophyll_A_001_phosphate_plate4.tif,1,1008.000,1008,1008
2546,G3_01_1_1_Chlorophyll_A_001_phosphate_plate4.tif,1,1056.000,1056,1056
2547,G3_01_1_1_Chlorophyll_A_001_phosphate_plate4.tif,1,992.000,992,992
2548,G3_01_1_1_Chlorophyll_A_001_phosphate_plate4.tif,1,976.000,976,976
2549,G3_01_1_1_Chlorophyll_A_001_phosphate_plate4.tif,1,976.000,976,976
2550,G3_01_1_1_Chlorophyll_A_001_phosphate_plate4.tif,1,1024.000,1024,1024
2551,G3_01_1_1_Chlorophyll_A_001_phosphate_plate4.tif,1,1072.000,1072,1072
2552,G3_01_1_1_Chlorophyll_A_001_phosphate_plate4.tif,2,992.000,944,1040
2553,G3_01_1_1_Chlorophyll_A_001_phosphate_plate4.tif,2,1136.000,1088,1184
2554,G3_01_1_1_Chlorophyll_A_001_phosphate_plate4.tif,19,1104.000,960,1264
2555,G3_01_1_1_Chlorophyll_A_001_phosphate_plate4.tif,30,1089.600,944,1360
2556,G3_01_1_1_Chlorophyll_A_001_phosphate_plate4.tif,19,1088.842,944,1456
2557,G3_01_1_1_Chlorophyll_A_001_phosphate_plate4.tif,38,1072.842,944,1248
2558,G3_01_1_1_Chlorophyll_A_001_phosphate_plate4.tif,1,1104.000,1104,1104
2559,G3_01_1_1_Chlorophyll_A_001_phosphate_plate4.tif,1,944.000,944,944
2560,G3_01_1_1_Chlorophyll_A_001_phosphate_plate4.tif,1,960.000,960,960
2561,G3_01_1_1_Chlorophyll_A_001_phosphate_plate4.tif,1,976.000,976,976
2562,G3_01_1_1_Chlorophyll_A_001_phosphate_plate4.tif,1,1040.000,1040,1040
2563,G3_01_1_1_Chlorophyll_A_001_phosphate_plate4.tif,1,1040.000,1040,1040
2564,G3_01_1_1_Chlorophyll_A_001_phosphate_plate4.tif,1,976.000,976,976
2565,G3_01_1_1_Chlorophyll_A_001_phosphate_plate4.tif,1,1008.000,1008,1008
2566,G3_01_1_1_Chlorophyll_A_001_phosphate_plate4.tif,1,976.000,976,976
2567,G3_01_1_1_Chlorophyll_A_001_phosphate_plate4.tif,1,960.000,960,960
2568,G3_01_1_1_Chlorophyll_A_001_phosphate_plate4.tif,1,1056.000,1056,1056
2569,G3_01_1_1_Chlorophyll_A_001_phosphate_plate4.tif,1,960.000,960,960
2570,G3_01_1_1_Chlorophyll_A_001_phosphate_plate4.tif,1,944.000,944,944
2571,G3_01_1_1_Chlorophyll_A_001_phosphate_plate4.tif,2,1136.000,1088,1184
2572,G3_01_1_1_Chlorophyll_A_001_phosphate_plate4.tif,1,944.000,944,944
2573,G3_01_1_1_Chlorophyll_A_001_phosphate_plate4.tif,1,944.000,944,944
2574,G3_01_1_1_Chlorophyll_A_001_phosphate_plate4.tif,2,1096.000,1088,1104
2575,G3_01_1_1_Chlorophyll_A_001_phosphate_plate4.tif,2,1000.000,976,1024
2576,G3_01_1_1_Chlorophyll_A_001_phosphate_plate4.tif,1,944.000,944,944
2577,G3_01_1_1_Chlorophyll_A_001_phosphate_plate4.tif,1,976.000,976,976
2578,G3_01_1_1_Chlorophyll_A_001_phosphate_plate4.tif,1,1040.000,1040,1040
2579,G3_01_1_1_Chlorophyll_A_001_phosphate_plate4.tif,1,1024.000,1024,1024
2580,G3_01_1_1_Chlorophyll_A_001_phosphate_plate4.tif,1,944.000,944,944
2581,G3_01_1_1_Chlorophyll_A_001_phosphate_plate4.tif,20,1095.200,960,1392
2582,G3_01_1_1_Chlorophyll_A_001_phosphate_plate4.tif,307,2649.694,944,28544
2583,G3_01_1_1_Chlorophyll_A_001_phosphate_plate4.tif,22,1092.364,960,1344
2584,G3_01_1_1_Chlorophyll_A_001_phosphate_plate4.tif,51,1126.902,944,1488
2585,G3_01_1_1_Chlorophyll_A_001_phosphate_plate4.tif,56,1127.714,960,1520
2586,G3_01_1_1_Chlorophyll_A_001_phosphate_plate4.tif,28,1092.000,944,1296
2587,G3_01_1_1_Chlorophyll_A_001_phosphate_plate4.tif,34,1103.529,944,1248
2588,G3_01_1_1_Chlorophyll_A_001_phosphate_plate4.tif,126,2216.000,944,14048
2589,G3_01_1_1_Chlorophyll_A_001_phosphate_plate4.tif,1,976.000,976,976
2590,G3_01_1_1_Chlorophyll_A_001_phosphate_plate4.tif,1,992.000,992,992
2591,G3_01_1_1_Chlorophyll_A_001_phosphate_plate4.tif,4,1004.000,944,1072
2592,G3_01_1_1_Chlorophyll_A_001_phosphate_plate4.tif,1,976.000,976,976
2593,G3_01_1_1_Chlorophyll_A_001_phosphate_plate4.tif,1,944.000,944,944
2594,G3_01_1_1_Chlorophyll_A_001_phosphate_plate4.tif,2,992.000,960,1024
2595,G3_01_1_1_Chlorophyll_A_001_phosphate_plate4.tif,1,976.000,976,976
2596,G3_01_1_1_Chlorophyll_A_001_phosphate_plate4.tif,1,1040.000,1040,1040
2597,G3_01_1_1_Chlorophyll_A_001_phosphate_plate4.tif,5,1014.400,960,1056
2598,G3_01_1_1_Chlorophyll_A_001_phosphate_plate4.tif,3,1018.667,960,1056
2599,G3_01_1_1_Chlorophyll_A_001_phosphate_plate4.tif,1,1088.000,1088,1088
2600,G3_01_1_1_Chlorophyll_A_001_phosphate_plate4.tif,1,960.000,960,960
2601,G3_01_1_1_Chlorophyll_A_001_phosphate_plate4.tif,1,960.000,960,960
2602,G3_01_1_1_Chlorophyll_A_001_phosphate_plate4.tif,1,960.000,960,960
2603,G3_01_1_1_Chlorophyll_A_001_phosphate_plate4.tif,1,1024.000,1024,1024
2604,G3_01_1_1_Chlorophyll_A_001_phosphate_plate4.tif,1,1040.000,1040,1040
2605,G3_01_1_1_Chlorophyll_A_001_phosphate_plate4.tif,2,1080.000,976,1184
2606,G3_01_1_1_Chlorophyll_A_001_phosphate_plate4.tif,1,976.000,976,976
2607,G3_01_1_1_Chlorophyll_A_001_phosphate_plate4.tif,1,1040.000,1040,1040
2608,G3_01_1_1_Chlorophyll_A_001_phosphate_plate4.tif,1,960.000,960,960
2609,G3_01_1_1_Chlorophyll_A_001_phosphate_plate4.tif,1,1056.000,1056,1056
2610,G3_01_1_1_Chlorophyll_A_001_phosphate_plate4.tif,1,1024.000,1024,1024
2611,G3_01_1_1_Chlorophyll_A_001_phosphate_plate4.tif,10,1064.000,944,1232
2612,G3_01_1_1_Chlorophyll_A_001_phosphate_plate4.tif,25,1130.880,944,1504
2613,G3_01_1_1_Chlorophyll_A_001_phosphate_plate4.tif,40,1074.800,944,1328
2614,G3_01_1_1_Chlorophyll_A_001_phosphate_plate4.tif,1,944.000,944,944
2615,G3_01_1_1_Chlorophyll_A_001_phosphate_plate4.tif,2,992.000,976,1008
2616,G3_01_1_1_Chlorophyll_A_001_phosphate_plate4.tif,186,2951.226,944,18528
2617,G3_01_1_1_Chlorophyll_A_001_phosphate_plate4.tif,1,1024.000,1024,1024
2618,G3_01_1_1_Chlorophyll_A_001_phosphate_plate4.tif,1,1008.000,1008,1008
2619,G3_01_1_1_Chlorophyll_A_001_phosphate_plate4.tif,2,944.000,944,944
2620,G3_01_1_1_Chlorophyll_A_001_phosphate_plate4.tif,1,976.000,976,976
2621,G3_01_1_1_Chlorophyll_A_001_phosphate_plate4.tif,2,1024.000,976,1072
2622,G3_01_1_1_Chlorophyll_A_001_phosphate_plate4.tif,2,1048.000,1040,1056
2623,G3_01_1_1_Chlorophyll_A_001_phosphate_plate4.tif,108,4546.222,944,20560
2624,G3_01_1_1_Chlorophyll_A_001_phosphate_plate4.tif,2,1008.000,944,1072
2625,G3_01_1_1_Chlorophyll_A_001_phosphate_plate4.tif,1,992.000,992,992
2626,G3_01_1_1_Chlorophyll_A_001_phosphate_plate4.tif,1,1024.000,1024,1024
2627,G3_01_1_1_Chlorophyll_A_001_phosphate_plate4.tif,1,976.000,976,976
2628,G3_01_1_1_Chlorophyll_A_001_phosphate_plate4.tif,1,976.000,976,976
2629,G3_01_1_1_Chlorophyll_A_001_phosphate_plate4.tif,2,992.000,976,1008
2630,G3_01_1_1_Chlorophyll_A_001_phosphate_plate4.tif,1,1040.000,1040,1040
2631,G3_01_1_1_Chlorophyll_A_001_phosphate_plate4.tif,55,3247.127,944,13104
2632,G3_01_1_1_Chlorophyll_A_001_phosphate_plate4.tif,94,4097.191,944,23456
2633,G3_01_1_1_Chlorophyll_A_001_phosphate_plate4.tif,1,944.000,944,944
2634,G3_01_1_1_Chlorophyll_A_001_phosphate_plate4.tif,1,1024.000,1024,1024
2635,G3_01_1_1_Chlorophyll_A_001_phosphate_plate4.tif,8,1032.000,944,1168
2636,G3_01_1_1_Chlorophyll_A_001_phosphate_plate4.tif,1,976.000,976,976
2637,G3_01_1_1_Chlorophyll_A_001_phosphate_plate4.tif,1,992.000,992,992
2638,G3_01_1_1_Chlorophyll_A_001_phosphate_plate4.tif,1,976.000,976,976
2639,G3_01_1_1_Chlorophyll_A_001_phosphate_plate4.tif,1,992.000,992,992
2640,G3_01_1_1_Chlorophyll_A_001_phosphate_plate4.tif,1,960.000,960,960
2641,G3_01_1_1_Chlorophyll_A_001_phosphate_plate4.tif,3,1013.333,944,1088
2642,G3_01_1_1_Chlorophyll_A_001_phosphate_plate4.tif,1,960.000,960,960
2643,G3_01_1_1_Chlorophyll_A_001_phosphate_plate4.tif,1,960.000,960,960
2644,G3_01_1_1_Chlorophyll_A_001_phosphate_plate4.tif,149,5987.436,944,41312
2645,G3_01_1_1_Chlorophyll_A_001_phosphate_plate4.tif,1,960.000,960,960
2646,G3_01_1_1_Chlorophyll_A_001_phosphate_plate4.tif,275,4672.291,944,38320
2647,G3_01_1_1_Chlorophyll_A_001_phosphate_plate4.tif,1,944.000,944,944
2648,G3_01_1_1_Chlorophyll_A_001_phosphate_plate4.tif,86,4095.070,944,30304
2649,G3_01_1_1_Chlorophyll_A_001_phosphate_plate4.tif,16,1131.000,1008,1472
2650,G3_01_1_1_Chlorophyll_A_001_phosphate_plate4.tif,13,1089.231,960,1344
2651,G3_01_1_1_Chlorophyll_A_001_phosphate_plate4.tif,27,1129.481,960,1296
2652,G3_01_1_1_Chlorophyll_A_001_phosphate_plate4.tif,32,1069.500,944,1264
2653,G3_01_1_1_Chlorophyll_A_001_phosphate_plate4.tif,209,2124.249,944,23776
2654,G3_01_1_1_Chlorophyll_A_001_phosphate_plate4.tif,1,944.000,944,944
2655,G3_01_1_1_Chlorophyll_A_001_phosphate_plate4.tif,1,1072.000,1072,1072
2656,G3_01_1_1_Chlorophyll_A_001_phosphate_plate4.tif,1,960.000,960,960
2657,G3_01_1_1_Chlorophyll_A_001_phosphate_plate4.tif,4,1044.000,944,1152
2658,G3_01_1_1_Chlorophyll_A_001_phosphate_plate4.tif,1,944.000,944,944
2659,G3_01_1_1_Chlorophyll_A_001_phosphate_plate4.tif,1,960.000,960,960
2660,G3_01_1_1_Chlorophyll_A_001_phosphate_plate4.tif,1,976.000,976,976
2661,G3_01_1_1_Chlorophyll_A_001_phosphate_plate4.tif,3,1034.667,944,1152
2662,G3_01_1_1_Chlorophyll_A_001_phosphate_plate4.tif,1,960.000,960,960
2663,G3_01_1_1_Chlorophyll_A_001_phosphate_plate4.tif,1,1008.000,1008,1008
2664,G3_01_1_1_Chlorophyll_A_001_phosphate_plate4.tif,1,960.000,960,960
2665,G3_01_1_1_Chlorophyll_A_001_phosphate_plate4.tif,75,4097.280,944,18256
2666,G3_01_1_1_Chlorophyll_A_001_phosphate_plate4.tif,1,976.000,976,976
2667,G3_01_1_1_Chlorophyll_A_001_phosphate_plate4.tif,1,944.000,944,944
2668,G3_01_1_1_Chlorophyll_A_001_phosphate_plate4.tif,1,1056.000,1056,1056
2669,G3_01_1_1_Chlorophyll_A_001_phosphate_plate4.tif,18,1108.444,944,1344
2670,G3_01_1_1_Chlorophyll_A_001_phosphate_plate4.tif,4,1084.000,1008,1168
2671,G3_01_1_1_Chlorophyll_A_001_phosphate_plate4.tif,1,976.000,976,976
2672,G3_01_1_1_Chlorophyll_A_001_phosphate_plate4.tif,4,960.000,960,960
2673,G3_01_1_1_Chlorophyll_A_001_phosphate_plate4.tif,1,992.000,992,992
2674,G3_01_1_1_Chlorophyll_A_001_phosphate_plate4.tif,1,1072.000,1072,1072
2675,G3_01_1_1_Chlorophyll_A_001_phosphate_plate4.tif,1,1168.000,1168,1168
2676,G3_01_1_1_Chlorophyll_A_001_phosphate_plate4.tif,4,972.000,960,1008
2677,G3_01_1_1_Chlorophyll_A_001_phosphate_plate4.tif,1,992.000,992,992
2678,G3_01_1_1_Chlorophyll_A_001_phosphate_plate4.tif,1,960.000,960,960
2679,G3_01_1_1_Chlorophyll_A_001_phosphate_plate4.tif,1,976.000,976,976
2680,G3_01_1_1_Chlorophyll_A_001_phosphate_plate4.tif,1,944.000,944,944
2681,G3_01_1_1_Chlorophyll_A_001_phosphate_plate4.tif,1,976.000,976,976
2682,G3_01_1_1_Chlorophyll_A_001_phosphate_plate4.tif,1,960.000,960,960
2683,G3_01_1_1_Chlorophyll_A_001_phosphate_plate4.tif,1,1008.000,1008,1008
2684,G3_01_1_1_Chlorophyll_A_001_phosphate_plate4.tif,37,1099.676,960,1584
2685,G3_01_1_1_Chlorophyll_A_001_phosphate_plate4.tif,61,1086.164,944,1280
2686,G3_01_1_1_Chlorophyll_A_001_phosphate_plate4.tif,15,1118.933,960,1280
2687,G3_01_1_1_Chlorophyll_A_001_phosphate_plate4.tif,201,2129.592,944,16160
2688,G3_01_1_1_Chlorophyll_A_001_phosphate_plate4.tif,20,1095.200,944,1264
2689,G3_01_1_1_Chlorophyll_A_001_phosphate_plate4.tif,1,944.000,944,944
2690,G3_01_1_1_Chlorophyll_A_001_phosphate_plate4.tif,1,944.000,944,944
2691,G3_01_1_1_Chlorophyll_A_001_phosphate_plate4.tif,2,984.000,944,1024
2692,G3_01_1_1_Chlorophyll_A_001_phosphate_plate4.tif,1,960.000,960,960
2693,G3_01_1_1_Chlorophyll_A_001_phosphate_plate4.tif,1,1040.000,1040,1040
2694,G3_01_1_1_Chlorophyll_A_001_phosphate_plate4.tif,1,1008.000,1008,1008
2695,G3_01_1_1_Chlorophyll_A_001_phosphate_plate4.tif,1,960.000,960,960
2696,G3_01_1_1_Chlorophyll_A_001_phosphate_plate4.tif,1,992.000,992,992
2697,G3_01_1_1_Chlorophyll_A_001_phosphate_plate4.tif,1,976.000,976,976
2698,G3_01_1_1_Chlorophyll_A_001_phosphate_plate4.tif,1,976.000,976,976
2699,G3_01_1_1_Chlorophyll_A_001_phosphate_plate4.tif,1,1008.000,1008,1008
2700,G3_01_1_1_Chlorophyll_A_001_phosphate_plate4.tif,1,944.000,944,944
2701,G3_01_1_1_Chlorophyll_A_001_phosphate_plate4.tif,1,976.000,976,976
2702,G3_01_1_1_Chlorophyll_A_001_phosphate_plate4.tif,48,1093.333,960,1408
2703,G3_01_1_1_Chlorophyll_A_001_phosphate_plate4.tif,36,1067.556,944,1296
2704,G3_01_1_1_Chlorophyll_A_001_phosphate_plate4.tif,35,1052.343,944,1248
2705,G3_01_1_1_Chlorophyll_A_001_phosphate_plate4.tif,25,1058.560,960,1232
2706,G3_01_1_1_Chlorophyll_A_001_phosphate_plate4.tif,6,976.000,944,1056
2707,G3_01_1_1_Chlorophyll_A_001_phosphate_plate4.tif,2,1104.000,1088,1120
2708,G3_01_1_1_Chlorophyll_A_001_phosphate_plate4.tif,3,960.000,944,976
2709,G3_01_1_1_Chlorophyll_A_001_phosphate_plate4.tif,1,1056.000,1056,1056
2710,G3_01_1_1_Chlorophyll_A_001_phosphate_plate4.tif,1,960.000,960,960
2711,G3_01_1_1_Chlorophyll_A_001_phosphate_plate4.tif,1,1024.000,1024,1024
2712,G3_01_1_1_Chlorophyll_A_001_phosphate_plate4.tif,1,1040.000,1040,1040
2713,G3_01_1_1_Chlorophyll_A_001_phosphate_plate4.tif,1,976.000,976,976
2714,G3_01_1_1_Chlorophyll_A_001_phosphate_plate4.tif,2,944.000,944,944
2715,G3_01_1_1_Chlorophyll_A_001_phosphate_plate4.tif,1,1072.000,1072,1072
2716,G3_01_1_1_Chlorophyll_A_001_phosphate_plate4.tif,1,944.000,944,944
2717,G3_01_1_1_Chlorophyll_A_001_phosphate_plate4.tif,1,1008.000,1008,1008
2718,G3_01_1_1_Chlorophyll_A_001_phosphate_plate4.tif,2,1112.000,1088,1136
2719,G3_01_1_1_Chlorophyll_A_001_phosphate_plate4.tif,2,1064.000,944,1184
2720,G3_01_1_1_Chlorophyll_A_001_phosphate_plate4.tif,4,1024.000,960,1056
2721,G3_01_1_1_Chlorophyll_A_001_phosphate_plate4.tif,2,984.000,944,1024
2722,G3_01_1_1_Chlorophyll_A_001_phosphate_plate4.tif,1,944.000,944,944
2723,G3_01_1_1_Chlorophyll_A_001_phosphate_plate4.tif,84,4335.048,944,27456
2724,G3_01_1_1_Chlorophyll_A_001_phosphate_plate4.tif,1,960.000,960,960
2725,G3_01_1_1_Chlorophyll_A_001_phosphate_plate4.tif,2,952.000,944,960
2726,G3_01_1_1_Chlorophyll_A_001_phosphate_plate4.tif,1,1024.000,1024,1024
2727,G3_01_1_1_Chlorophyll_A_001_phosphate_plate4.tif,1,960.000,960,960
2728,G3_01_1_1_Chlorophyll_A_001_phosphate_plate4.tif,24,1134.000,960,1376
2729,G3_01_1_1_Chlorophyll_A_001_phosphate_plate4.tif,49,1145.143,944,1392
2730,G3_01_1_1_Chlorophyll_A_001_phosphate_plate4.tif,21,1052.190,944,1184
2731,G3_01_1_1_Chlorophyll_A_001_phosphate_plate4.tif,1,944.000,944,944
2732,G3_01_1_1_Chlorophyll_A_001_phosphate_plate4.tif,2,1008.000,976,1040
2733,G3_01_1_1_Chlorophyll_A_001_phosphate_plate4.tif,2,1008.000,944,1072
2734,G3_01_1_1_Chlorophyll_A_001_phosphate_plate4.tif,1,1072.000,1072,1072
2735,G3_01_1_1_Chlorophyll_A_001_phosphate_plate4.tif,1,976.000,976,976
2736,G3_01_1_1_Chlorophyll_A_001_phosphate_plate4.tif,1,1040.000,1040,1040
2737,G3_01_1_1_Chlorophyll_A_001_phosphate_plate4.tif,2,1000.000,944,1056
2738,G3_01_1_1_Chlorophyll_A_001_phosphate_plate4.tif,2,968.000,960,976
2739,G3_01_1_1_Chlorophyll_A_001_phosphate_plate4.tif,1,1168.000,1168,1168
2740,G3_01_1_1_Chlorophyll_A_001_phosphate_plate4.tif,1,992.000,992,992
2741,G3_01_1_1_Chlorophyll_A_001_phosphate_plate4.tif,1,944.000,944,944
2742,G3_01_1_1_Chlorophyll_A_001_phosphate_plate4.tif,1,992.000,992,992
2743,G3_01_1_1_Chlorophyll_A_001_phosphate_plate4.tif,1,1040.000,1040,1040
2744,G3_01_1_1_Chlorophyll_A_001_phosphate_plate4.tif,1,1104.000,1104,1104
2745,G3_01_1_1_Chlorophyll_A_001_phosphate_plate4.tif,1,1040.000,1040,1040
2746,G3_01_1_1_Chlorophyll_A_001_phosphate_plate4.tif,1,1040.000,1040,1040
2747,G3_01_1_1_Chlorophyll_A_001_phosphate_plate4.tif,1,960.000,960,960
2748,G3_01_1_1_Chlorophyll_A_001_phosphate_plate4.tif,22,1085.091,944,1264
2749,G3_01_1_1_Chlorophyll_A_001_phosphate_plate4.tif,27,1115.259,960,1408
2750,G3_01_1_1_Chlorophyll_A_001_phosphate_plate4.tif,40,1126.400,960,1408
2751,G3_01_1_1_Chlorophyll_A_001_phosphate_plate4.tif,24,1088.667,960,1296
2752,G3_01_1_1_Chlorophyll_A_001_phosphate_plate4.tif,5,1004.800,944,1104
2753,G3_01_1_1_Chlorophyll_A_001_phosphate_plate4.tif,1,1024.000,1024,1024
2754,G3_01_1_1_Chlorophyll_A_001_phosphate_plate4.tif,1,1040.000,1040,1040
2755,G3_01_1_1_Chlorophyll_A_001_phosphate_plate4.tif,2,952.000,944,960
2756,G3_01_1_1_Chlorophyll_A_001_phosphate_plate4.tif,1,976.000,976,976
2757,G3_01_1_1_Chlorophyll_A_001_phosphate_plate4.tif,24,1108.000,976,1376
2758,G3_01_1_1_Chlorophyll_A_001_phosphate_plate4.tif,87,1153.103,944,1568
2759,G3_01_1_1_Chlorophyll_A_001_phosphate_plate4.tif,34,1113.412,944,1312
2760,G3_01_1_1_Chlorophyll_A_001_phosphate_plate4.tif,176,2603.818,944,25040
2761,G3_01_1_1_Chlorophyll_A_001_phosphate_plate4.tif,1,944.000,944,944
2762,G3_01_1_1_Chlorophyll_A_001_phosphate_plate4.tif,1,1008.000,1008,1008
2763,G3_01_1_1_Chlorophyll_A_001_phosphate_plate4.tif,1,1024.000,1024,1024
2764,G3_01_1_1_Chlorophyll_A_001_phosphate_plate4.tif,2,1080.000,1024,1136
2765,G3_01_1_1_Chlorophyll_A_001_phosphate_plate4.tif,1,976.000,976,976
2766,G3_01_1_1_Chlorophyll_A_001_phosphate_plate4.tif,1,1040.000,1040,1040
2767,G3_01_1_1_Chlorophyll_A_001_phosphate_plate4.tif,2,992.000,960,1024
2768,G3_01_1_1_Chlorophyll_A_001_phosphate_plate4.tif,1,960.000,960,960
2769,G3_01_1_1_Chlorophyll_A_001_phosphate_plate4.tif,1,1072.000,1072,1072
2770,G3_01_1_1_Chlorophyll_A_001_phosphate_plate4.tif,3,954.667,944,976
2771,G3_01_1_1_Chlorophyll_A_001_phosphate_plate4.tif,1,960.000,960,960
2772,G3_01_1_1_Chlorophyll_A_001_phosphate_plate4.tif,1,960.000,960,960
2773,G3_01_1_1_Chlorophyll_A_001_phosphate_plate4.tif,1,1120.000,1120,1120
2774,G3_01_1_1_Chlorophyll_A_001_phosphate_plate4.tif,1,960.000,960,960
2775,G3_01_1_1_Chlorophyll_A_001_phosphate_plate4.tif,79,1107.443,944,1488
2776,G3_01_1_1_Chlorophyll_A_001_phosphate_plate4.tif,1,1152.000,1152,1152
2777,G3_01_1_1_Chlorophyll_A_001_phosphate_plate4.tif,1,1024.000,1024,1024
2778,G3_01_1_1_Chlorophyll_A_001_phosphate_plate4.tif,1,976.000,976,976
2779,G3_01_1_1_Chlorophyll_A_001_phosphate_plate4.tif,2,1072.000,1040,1104
2780,G3_01_1_1_Chlorophyll_A_001_phosphate_plate4.tif,1,944.000,944,944
2781,G3_01_1_1_Chlorophyll_A_001_phosphate_plate4.tif,1,944.000,944,944
2782,G3_01_1_1_Chlorophyll_A_001_phosphate_plate4.tif,2,1016.000,960,1072
2783,G3_01_1_1_Chlorophyll_A_001_phosphate_plate4.tif,1,1056.000,1056,1056
2784,G3_01_1_1_Chlorophyll_A_001_phosphate_plate4.tif,1,1056.000,1056,1056
2785,G3_01_1_1_Chlorophyll_A_001_phosphate_plate4.tif,2,1072.000,1024,1120
2786,G3_01_1_1_Chlorophyll_A_001_phosphate_plate4.tif,3,1040.000,944,1184
2787,G3_01_1_1_Chlorophyll_A_001_phosphate_plate4.tif,1,1056.000,1056,1056
2788,G3_01_1_1_Chlorophyll_A_001_phosphate_plate4.tif,1,944.000,944,944
2789,G3_01_1_1_Chlorophyll_A_001_phosphate_plate4.tif,1,944.000,944,944
2790,G3_01_1_1_Chlorophyll_A_001_phosphate_plate4.tif,1,1008.000,1008,1008
2791,G3_01_1_1_Chlorophyll_A_001_phosphate_plate4.tif,1,1008.000,1008,1008
2792,G3_01_1_1_Chlorophyll_A_001_phosphate_plate4.tif,1,944.000,944,944
2793,G3_01_1_1_Chlorophyll_A_001_phosphate_plate4.tif,1,992.000,992,992
2794,G3_01_1_1_Chlorophyll_A_001_phosphate_plate4.tif,1,976.000,976,976
2795,G3_01_1_1_Chlorophyll_A_001_phosphate_plate4.tif,72,1083.111,944,1408
2796,G3_01_1_1_Chlorophyll_A_001_phosphate_plate4.tif,12,1060.000,960,1216
2797,G3_01_1_1_Chlorophyll_A_001_phosphate_plate4.tif,36,1055.111,944,1296
2798,G3_01_1_1_Chlorophyll_A_001_phosphate_plate4.tif,1,1040.000,1040,1040
2799,G3_01_1_1_Chlorophyll_A_001_phosphate_plate4.tif,175,2302.080,944,20864
2800,G3_01_1_1_Chlorophyll_A_001_phosphate_plate4.tif,1,1056.000,1056,1056
2801,G3_01_1_1_Chlorophyll_A_001_phosphate_plate4.tif,3,965.333,944,1008
2802,G3_01_1_1_Chlorophyll_A_001_phosphate_plate4.tif,1,976.000,976,976
2803,G3_01_1_1_Chlorophyll_A_001_phosphate_plate4.tif,3,1024.000,992,1056
2804,G3_01_1_1_Chlorophyll_A_001_phosphate_plate4.tif,1,960.000,960,960
2805,G3_01_1_1_Chlorophyll_A_001_phosphate_plate4.tif,1,1136.000,1136,1136
2806,G3_01_1_1_Chlorophyll_A_001_phosphate_plate4.tif,1,1008.000,1008,1008
2807,G3_01_1_1_Chlorophyll_A_001_phosphate_plate4.tif,1,960.000,960,960
2808,G3_01_1_1_Chlorophyll_A_001_phosphate_plate4.tif,1,944.000,944,944
2809,G3_01_1_1_Chlorophyll_A_001_phosphate_plate4.tif,1,976.000,976,976
2810,G3_01_1_1_Chlorophyll_A_001_phosphate_plate4.tif,25,1111.040,960,1376
2811,G3_01_1_1_Chlorophyll_A_001_phosphate_plate4.tif,35,1087.543,944,1328
2812,G3_01_1_1_Chlorophyll_A_001_phosphate_plate4.tif,124,1133.935,944,1568
2813,G3_01_1_1_Chlorophyll_A_001_phosphate_plate4.tif,1,944.000,944,944
2814,G3_01_1_1_Chlorophyll_A_001_phosphate_plate4.tif,1,1040.000,1040,1040
2815,G3_01_1_1_Chlorophyll_A_001_phosphate_plate4.tif,2,1040.000,944,1136
2816,G3_01_1_1_Chlorophyll_A_001_phosphate_plate4.tif,1,992.000,992,992
2817,G3_01_1_1_Chlorophyll_A_001_phosphate_plate4.tif,2,976.000,976,976
2818,G3_01_1_1_Chlorophyll_A_001_phosphate_plate4.tif,1,944.000,944,944
2819,G3_01_1_1_Chlorophyll_A_001_phosphate_plate4.tif,1,960.000,960,960
2820,G3_01_1_1_Chlorophyll_A_001_phosphate_plate4.tif,1,1024.000,1024,1024
2821,G3_01_1_1_Chlorophyll_A_001_phosphate_plate4.tif,1,1008.000,1008,1008
2822,G3_01_1_1_Chlorophyll_A_001_phosphate_plate4.tif,1,944.000,944,944
2823,G3_01_1_1_Chlorophyll_A_001_phosphate_plate4.tif,1,976.000,976,976
2824,G3_01_1_1_Chlorophyll_A_001_phosphate_plate4.tif,1,976.000,976,976
2825,G3_01_1_1_Chlorophyll_A_001_phosphate_plate4.tif,82,4522.537,960,26432
2826,G3_01_1_1_Chlorophyll_A_001_phosphate_plate4.tif,40,1058.400,944,1376
2827,G3_01_1_1_Chlorophyll_A_001_phosphate_plate4.tif,17,1060.706,944,1296
2828,G3_01_1_1_Chlorophyll_A_001_phosphate_plate4.tif,2,1000.000,944,1056
2829,G3_01_1_1_Chlorophyll_A_001_phosphate_plate4.tif,3,1018.667,992,1040
2830,G3_01_1_1_Chlorophyll_A_001_phosphate_plate4.tif,1,1008.000,1008,1008
2831,G3_01_1_1_Chlorophyll_A_001_phosphate_plate4.tif,1,944.000,944,944
2832,G3_01_1_1_Chlorophyll_A_001_phosphate_plate4.tif,1,944.000,944,944
2833,G3_01_1_1_Chlorophyll_A_001_phosphate_plate4.tif,1,1056.000,1056,1056
2834,G3_01_1_1_Chlorophyll_A_001_phosphate_plate4.tif,1,976.000,976,976
2835,G3_01_1_1_Chlorophyll_A_001_phosphate_plate4.tif,1,976.000,976,976
2836,G3_01_1_1_Chlorophyll_A_001_phosphate_plate4.tif,1,1088.000,1088,1088
2837,G3_01_1_1_Chlorophyll_A_001_phosphate_plate4.tif,1,976.000,976,976
2838,G3_01_1_1_Chlorophyll_A_001_phosphate_plate4.tif,1,1152.000,1152,1152
2839,G3_01_1_1_Chlorophyll_A_001_phosphate_plate4.tif,91,5513.495,960,29536
2840,G3_01_1_1_Chlorophyll_A_001_phosphate_plate4.tif,1,944.000,944,944
2841,G3_01_1_1_Chlorophyll_A_001_phosphate_plate4.tif,8,1134.000,960,1280
2842,G3_01_1_1_Chlorophyll_A_001_phosphate_plate4.tif,35,1096.686,944,1376
2843,G3_01_1_1_Chlorophyll_A_001_phosphate_plate4.tif,30,1075.733,944,1248
2844,G3_01_1_1_Chlorophyll_A_001_phosphate_plate4.tif,3,1024.000,960,1088
2845,G3_01_1_1_Chlorophyll_A_001_phosphate_plate4.tif,2,1008.000,960,1056
2846,G3_01_1_1_Chlorophyll_A_001_phosphate_plate4.tif,1,960.000,960,960
2847,G3_01_1_1_Chlorophyll_A_001_phosphate_plate4.tif,2,968.000,960,976
2848,G3_01_1_1_Chlorophyll_A_001_phosphate_plate4.tif,1,976.000,976,976
2849,G3_01_1_1_Chlorophyll_A_001_phosphate_plate4.tif,1,944.000,944,944
2850,G3_01_1_1_Chlorophyll_A_001_phosphate_plate4.tif,1,960.000,960,960
2851,G3_01_1_1_Chlorophyll_A_001_phosphate_plate4.tif,1,1040.000,1040,1040
2852,G3_01_1_1_Chlorophyll_A_001_phosphate_plate4.tif,1,1168.000,1168,1168
2853,G3_01_1_1_Chlorophyll_A_001_phosphate_plate4.tif,1,976.000,976,976
2854,G3_01_1_1_Chlorophyll_A_001_phosphate_plate4.tif,1,1040.000,1040,1040
2855,G3_01_1_1_Chlorophyll_A_001_phosphate_plate4.tif,2,1072.000,1056,1088
2856,G3_01_1_1_Chlorophyll_A_001_phosphate_plate4.tif,1,944.000,944,944
2857,G3_01_1_1_Chlorophyll_A_001_phosphate_plate4.tif,1,960.000,960,960
2858,G3_01_1_1_Chlorophyll_A_001_phosphate_plate4.tif,76,5002.316,944,28880
2859,G3_01_1_1_Chlorophyll_A_001_phosphate_plate4.tif,1,960.000,960,960
2860,G3_01_1_1_Chlorophyll_A_001_phosphate_plate4.tif,2,944.000,944,944
2861,G3_01_1_1_Chlorophyll_A_001_phosphate_plate4.tif,1,1088.000,1088,1088
2862,G3_01_1_1_Chlorophyll_A_001_phosphate_plate4.tif,21,1112.381,976,1264
2863,G3_01_1_1_Chlorophyll_A_001_phosphate_plate4.tif,50,1120.640,944,1568
2864,G3_01_1_1_Chlorophyll_A_001_phosphate_plate4.tif,14,1137.143,1008,1360
2865,G3_01_1_1_Chlorophyll_A_001_phosphate_plate4.tif,29,1076.414,960,1216
2866,G3_01_1_1_Chlorophyll_A_001_phosphate_plate4.tif,2,976.000,944,1008
2867,G3_01_1_1_Chlorophyll_A_001_phosphate_plate4.tif,2,1000.000,960,1040
2868,G3_01_1_1_Chlorophyll_A_001_phosphate_plate4.tif,1,1008.000,1008,1008
2869,G3_01_1_1_Chlorophyll_A_001_phosphate_plate4.tif,114,3511.860,944,21168
2870,G3_01_1_1_Chlorophyll_A_001_phosphate_plate4.tif,1,1200.000,1200,1200
2871,G3_01_1_1_Chlorophyll_A_001_phosphate_plate4.tif,1,960.000,960,960
2872,G3_01_1_1_Chlorophyll_A_001_phosphate_plate4.tif,1,960.000,960,960
2873,G3_01_1_1_Chlorophyll_A_001_phosphate_plate4.tif,1,976.000,976,976
2874,G3_01_1_1_Chlorophyll_A_001_phosphate_plate4.tif,1,1040.000,1040,1040
2875,G3_01_1_1_Chlorophyll_A_001_phosphate_plate4.tif,1,944.000,944,944
2876,G3_01_1_1_Chlorophyll_A_001_phosphate_plate4.tif,82,4328.195,944,30080
2877,G3_01_1_1_Chlorophyll_A_001_phosphate_plate4.tif,1,944.000,944,944
2878,G3_01_1_1_Chlorophyll_A_001_phosphate_plate4.tif,70,1123.657,944,1520
2879,G3_01_1_1_Chlorophyll_A_001_phosphate_plate4.tif,2,1200.000,1072,1328
2880,G3_01_1_1_Chlorophyll_A_001_phosphate_plate4.tif,2,1048.000,1024,1072
2881,G3_01_1_1_Chlorophyll_A_001_phosphate_plate4.tif,1,992.000,992,992
2882,G3_01_1_1_Chlorophyll_A_001_phosphate_plate4.tif,1,1024.000,1024,1024
2883,G3_01_1_1_Chlorophyll_A_001_phosphate_plate4.tif,1,1008.000,1008,1008
2884,G3_01_1_1_Chlorophyll_A_001_phosphate_plate4.tif,1,1024.000,1024,1024
2885,G3_01_1_1_Chlorophyll_A_001_phosphate_plate4.tif,1,944.000,944,944
2886,G3_01_1_1_Chlorophyll_A_001_phosphate_plate4.tif,1,976.000,976,976
2887,G3_01_1_1_Chlorophyll_A_001_phosphate_plate4.tif,1,976.000,976,976
2888,G3_01_1_1_Chlorophyll_A_001_phosphate_plate4.tif,1,944.000,944,944
2889,G3_01_1_1_Chlorophyll_A_001_phosphate_plate4.tif,2,976.000,976,976
2890,G3_01_1_1_Chlorophyll_A_001_phosphate_plate4.tif,1,992.000,992,992
2891,G3_01_1_1_Chlorophyll_A_001_phosphate_plate4.tif,1,1024.000,1024,1024
2892,G3_01_1_1_Chlorophyll_A_001_phosphate_plate4.tif,1,992.000,992,992
2893,G3_01_1_1_Chlorophyll_A_001_phosphate_plate4.tif,1,1040.000,1040,1040
2894,G3_01_1_1_Chlorophyll_A_001_phosphate_plate4.tif,1,1168.000,1168,1168
2895,G3_01_1_1_Chlorophyll_A_001_phosphate_plate4.tif,82,1128.976,944,1376
2896,G3_01_1_1_Chlorophyll_A_001_phosphate_plate4.tif,22,1125.091,944,1248
2897,G3_01_1_1_Chlorophyll_A_001_phosphate_plate4.tif,21,1114.667,944,1408
2898,G3_01_1_1_Chlorophyll_A_001_phosphate_plate4.tif,20,1140.000,944,1440
2899,G3_01_1_1_Chlorophyll_A_001_phosphate_plate4.tif,1,1056.000,1056,1056
2900,G3_01_1_1_Chlorophyll_A_001_phosphate_plate4.tif,1,1104.000,1104,1104
2901,G3_01_1_1_Chlorophyll_A_001_phosphate_plate4.tif,1,1088.000,1088,1088
2902,G3_01_1_1_Chlorophyll_A_001_phosphate_plate4.tif,1,944.000,944,944
2903,G3_01_1_1_Chlorophyll_A_001_phosphate_plate4.tif,1,944.000,944,944
2904,G3_01_1_1_Chlorophyll_A_001_phosphate_plate4.tif,1,960.000,960,960
2905,G3_01_1_1_Chlorophyll_A_001_phosphate_plate4.tif,1,1104.000,1104,1104
2906,G3_01_1_1_Chlorophyll_A_001_phosphate_plate4.tif,1,976.000,976,976
2907,G3_01_1_1_Chlorophyll_A_001_phosphate_plate4.tif,1,944.000,944,944
2908,G3_01_1_1_Chlorophyll_A_001_phosphate_plate4.tif,60,1117.067,944,1456
2909,G3_01_1_1_Chlorophyll_A_001_phosphate_plate4.tif,42,1051.048,944,1296
2910,G3_01_1_1_Chlorophyll_A_001_phosphate_plate4.tif,9,1093.333,944,1248
2911,G3_01_1_1_Chlorophyll_A_001_phosphate_plate4.tif,2,992.000,960,1024
2912,G3_01_1_1_Chlorophyll_A_001_phosphate_plate4.tif,1,976.000,976,976
2913,G3_01_1_1_Chlorophyll_A_001_phosphate_plate4.tif,1,944.000,944,944
2914,G3_01_1_1_Chlorophyll_A_001_phosphate_plate4.tif,3,997.333,944,1056
2915,G3_01_1_1_Chlorophyll_A_001_phosphate_plate4.tif,1,1120.000,1120,1120
2916,G3_01_1_1_Chlorophyll_A_001_phosphate_plate4.tif,2,960.000,960,960
2917,G3_01_1_1_Chlorophyll_A_001_phosphate_plate4.tif,1,976.000,976,976
2918,G3_01_1_1_Chlorophyll_A_001_phosphate_plate4.tif,1,960.000,960,960
2919,G3_01_1_1_Chlorophyll_A_001_phosphate_plate4.tif,1,1088.000,1088,1088
2920,G3_01_1_1_Chlorophyll_A_001_phosphate_plate4.tif,1,992.000,992,992
2921,G3_01_1_1_Chlorophyll_A_001_phosphate_plate4.tif,1,944.000,944,944
2922,G3_01_1_1_Chlorophyll_A_001_phosphate_plate4.tif,10,1200.000,1088,1344
2923,G3_01_1_1_Chlorophyll_A_001_phosphate_plate4.tif,37,1126.054,976,1440
2924,G3_01_1_1_Chlorophyll_A_001_phosphate_plate4.tif,244,2637.574,944,28128
2925,G3_01_1_1_Chlorophyll_A_001_phosphate_plate4.tif,35,1083.429,944,1360
2926,G3_01_1_1_Chlorophyll_A_001_phosphate_plate4.tif,1,1008.000,1008,1008
2927,G3_01_1_1_Chlorophyll_A_001_phosphate_plate4.tif,1,1040.000,1040,1040
2928,G3_01_1_1_Chlorophyll_A_001_phosphate_plate4.tif,2,1136.000,1088,1184
2929,G3_01_1_1_Chlorophyll_A_001_phosphate_plate4.tif,2,1088.000,976,1200
2930,G3_01_1_1_Chlorophyll_A_001_phosphate_plate4.tif,1,1104.000,1104,1104
2931,G3_01_1_1_Chlorophyll_A_001_phosphate_plate4.tif,1,960.000,960,960
2932,G3_01_1_1_Chlorophyll_A_001_phosphate_plate4.tif,1,1056.000,1056,1056
2933,G3_01_1_1_Chlorophyll_A_001_phosphate_plate4.tif,1,960.000,960,960
2934,G3_01_1_1_Chlorophyll_A_001_phosphate_plate4.tif,1,944.000,944,944
2935,G3_01_1_1_Chlorophyll_A_001_phosphate_plate4.tif,1,960.000,960,960
2936,G3_01_1_1_Chlorophyll_A_001_phosphate_plate4.tif,1,960.000,960,960
2937,G3_01_1_1_Chlorophyll_A_001_phosphate_plate4.tif,3,976.000,944,1024
2938,G3_01_1_1_Chlorophyll_A_001_phosphate_plate4.tif,1,1008.000,1008,1008
2939,G3_01_1_1_Chlorophyll_A_001_phosphate_plate4.tif,1,1008.000,1008,1008
2940,G3_01_1_1_Chlorophyll_A_001_phosphate_plate4.tif,106,4894.792,944,27504
2941,G3_01_1_1_Chlorophyll_A_001_phosphate_plate4.tif,16,1066.000,944,1376
2942,G3_01_1_1_Chlorophyll_A_001_phosphate_plate4.tif,16,1149.000,992,1328
2943,G3_01_1_1_Chlorophyll_A_001_phosphate_plate4.tif,4,984.000,944,1056
2944,G3_01_1_1_Chlorophyll_A_001_phosphate_plate4.tif,1,1040.000,1040,1040
2945,G3_01_1_1_Chlorophyll_A_001_phosphate_plate4.tif,1,976.000,976,976
2946,G3_01_1_1_Chlorophyll_A_001_phosphate_plate4.tif,3,1018.667,944,1104
2947,G3_01_1_1_Chlorophyll_A_001_phosphate_plate4.tif,1,976.000,976,976
2948,G3_01_1_1_Chlorophyll_A_001_phosphate_plate4.tif,1,976.000,976,976
2949,G3_01_1_1_Chlorophyll_A_001_phosphate_plate4.tif,2,1008.000,944,1072
2950,G3_01_1_1_Chlorophyll_A_001_phosphate_plate4.tif,1,1040.000,1040,1040
2951,G3_01_1_1_Chlorophyll_A_001_phosphate_plate4.tif,1,1056.000,1056,1056
2952,G3_01_1_1_Chlorophyll_A_001_phosphate_plate4.tif,1,944.000,944,944
2953,G3_01_1_1_Chlorophyll_A_001_phosphate_plate4.tif,2,1032.000,960,1104
2954,G3_01_1_1_Chlorophyll_A_001_phosphate_plate4.tif,94,4988.596,944,41280
2955,G3_01_1_1_Chlorophyll_A_001_phosphate_plate4.tif,1,960.000,960,960
2956,G3_01_1_1_Chlorophyll_A_001_phosphate_plate4.tif,1,1008.000,1008,1008
2957,G3_01_1_1_Chlorophyll_A_001_phosphate_plate4.tif,1,944.000,944,944
2958,G3_01_1_1_Chlorophyll_A_001_phosphate_plate4.tif,1,992.000,992,992
2959,G3_01_1_1_Chlorophyll_A_001_phosphate_plate4.tif,31,1079.226,960,1312
2960,G3_01_1_1_Chlorophyll_A_001_phosphate_plate4.tif,20,1157.600,944,1472
2961,G3_01_1_1_Chlorophyll_A_001_phosphate_plate4.tif,43,1098.419,944,1360
2962,G3_01_1_1_Chlorophyll_A_001_phosphate_plate4.tif,219,2486.356,944,29856
2963,G3_01_1_1_Chlorophyll_A_001_phosphate_plate4.tif,1,976.000,976,976
2964,G3_01_1_1_Chlorophyll_A_001_phosphate_plate4.tif,1,944.000,944,944
2965,G3_01_1_1_Chlorophyll_A_001_phosphate_plate4.tif,3,997.333,976,1040
2966,G3_01_1_1_Chlorophyll_A_001_phosphate_plate4.tif,1,1008.000,1008,1008
2967,G3_01_1_1_Chlorophyll_A_001_phosphate_plate4.tif,1,1008.000,1008,1008
2968,G3_01_1_1_Chlorophyll_A_001_phosphate_plate4.tif,1,976.000,976,976
2969,G3_01_1_1_Chlorophyll_A_001_phosphate_plate4.tif,1,960.000,960,960
2970,G3_01_1_1_Chlorophyll_A_001_phosphate_plate4.tif,1,1088.000,1088,1088
2971,G3_01_1_1_Chlorophyll_A_001_phosphate_plate4.tif,5,988.800,944,1056
2972,G3_01_1_1_Chlorophyll_A_001_phosphate_plate4.tif,1,944.000,944,944
2973,G3_01_1_1_Chlorophyll_A_001_phosphate_plate4.tif,1,944.000,944,944
2974,G3_01_1_1_Chlorophyll_A_001_phosphate_plate4.tif,1,976.000,976,976
2975,G3_01_1_1_Chlorophyll_A_001_phosphate_plate4.tif,1,1008.000,1008,1008
2976,G3_01_1_1_Chlorophyll_A_001_phosphate_plate4.tif,1,976.000,976,976
2977,G3_01_1_1_Chlorophyll_A_001_phosphate_plate4.tif,1,944.000,944,944
2978,G3_01_1_1_Chlorophyll_A_001_phosphate_plate4.tif,1,1008.000,1008,1008
2979,G3_01_1_1_Chlorophyll_A_001_phosphate_plate4.tif,1,1056.000,1056,1056
2980,G3_01_1_1_Chlorophyll_A_001_phosphate_plate4.tif,1,1024.000,1024,1024
2981,G3_01_1_1_Chlorophyll_A_001_phosphate_plate4.tif,2,992.000,992,992
2982,G3_01_1_1_Chlorophyll_A_001_phosphate_plate4.tif,1,944.000,944,944
2983,G3_01_1_1_Chlorophyll_A_001_phosphate_plate4.tif,160,6391.300,944,43840
2984,G3_01_1_1_Chlorophyll_A_001_phosphate_plate4.tif,1,960.000,960,960
2985,G3_01_1_1_Chlorophyll_A_001_phosphate_plate4.tif,1,944.000,944,944
2986,G3_01_1_1_Chlorophyll_A_001_phosphate_plate4.tif,20,1134.400,960,1360
2987,G3_01_1_1_Chlorophyll_A_001_phosphate_plate4.tif,21,1084.190,944,1328
2988,G3_01_1_1_Chlorophyll_A_001_phosphate_plate4.tif,10,1068.800,976,1184
2989,G3_01_1_1_Chlorophyll_A_001_phosphate_plate4.tif,32,1047.000,944,1312
2990,G3_01_1_1_Chlorophyll_A_001_phosphate_plate4.tif,2,1080.000,1056,1104
2991,G3_01_1_1_Chlorophyll_A_001_phosphate_plate4.tif,11,1047.273,944,1184
2992,G3_01_1_1_Chlorophyll_A_001_phosphate_plate4.tif,46,1088.696,944,1360
2993,G3_01_1_1_Chlorophyll_A_001_phosphate_plate4.tif,2,1104.000,1008,1200
2994,G3_01_1_1_Chlorophyll_A_001_phosphate_plate4.tif,1,960.000,960,960
2995,G3_01_1_1_Chlorophyll_A_001_phosphate_plate4.tif,2,960.000,960,960
2996,G3_01_1_1_Chlorophyll_A_001_phosphate_plate4.tif,5,985.600,944,1056
2997,G3_01_1_1_Chlorophyll_A_001_phosphate_plate4.tif,1,960.000,960,960
2998,G3_01_1_1_Chlorophyll_A_001_phosphate_plate4.tif,1,944.000,944,944
2999,G3_01_1_1_Chlorophyll_A_001_phosphate_plate4.tif,1,944.000,944,944
3000,G3_01_1_1_Chlorophyll_A_001_phosphate_plate4.tif,1,992.000,992,992
3001,G3_01_1_1_Chlorophyll_A_001_phosphate_plate4.tif,1,1024.000,1024,1024
3002,G3_01_1_1_Chlorophyll_A_001_phosphate_plate4.tif,69,4158.377,944,27552
3003,G3_01_1_1_Chlorophyll_A_001_phosphate_plate4.tif,19,1109.895,944,1264
3004,G3_01_1_1_Chlorophyll_A_001_phosphate_plate4.tif,49,1130.776,944,1424
3005,G3_01_1_1_Chlorophyll_A_001_phosphate_plate4.tif,32,1054.500,944,1248
3006,G3_01_1_1_Chlorophyll_A_001_phosphate_plate4.tif,1,1072.000,1072,1072
3007,G3_01_1_1_Chlorophyll_A_001_phosphate_plate4.tif,5,1004.800,944,1152
3008,G3_01_1_1_Chlorophyll_A_001_phosphate_plate4.tif,1,960.000,960,960
3009,G3_01_1_1_Chlorophyll_A_001_phosphate_plate4.tif,1,1056.000,1056,1056
3010,G3_01_1_1_Chlorophyll_A_001_phosphate_plate4.tif,1,944.000,944,944
3011,G3_01_1_1_Chlorophyll_A_001_phosphate_plate4.tif,1,1008.000,1008,1008
3012,G3_01_1_1_Chlorophyll_A_001_phosphate_plate4.tif,1,1008.000,1008,1008
3013,G3_01_1_1_Chlorophyll_A_001_phosphate_plate4.tif,1,1008.000,1008,1008
3014,G3_01_1_1_Chlorophyll_A_001_phosphate_plate4.tif,1,992.000,992,992
3015,G3_01_1_1_Chlorophyll_A_001_phosphate_plate4.tif,1,944.000,944,944
3016,G3_01_1_1_Chlorophyll_A_001_phosphate_plate4.tif,1,992.000,992,992
3017,G3_01_1_1_Chlorophyll_A_001_phosphate_plate4.tif,1,944.000,944,944
3018,G3_01_1_1_Chlorophyll_A_001_phosphate_plate4.tif,1,960.000,960,960
3019,G3_01_1_1_Chlorophyll_A_001_phosphate_plate4.tif,1,960.000,960,960
3020,G3_01_1_1_Chlorophyll_A_001_phosphate_plate4.tif,1,960.000,960,960
3021,G3_01_1_1_Chlorophyll_A_001_phosphate_plate4.tif,1,960.000,960,960
3022,G3_01_1_1_Chlorophyll_A_001_phosphate_plate4.tif,1,1008.000,1008,1008
3023,G3_01_1_1_Chlorophyll_A_001_phosphate_plate4.tif,1,1040.000,1040,1040
3024,G3_01_1_1_Chlorophyll_A_001_phosphate_plate4.tif,1,1056.000,1056,1056
3025,G3_01_1_1_Chlorophyll_A_001_phosphate_plate4.tif,1,960.000,960,960
3026,G3_01_1_1_Chlorophyll_A_001_phosphate_plate4.tif,1,960.000,960,960
3027,G3_01_1_1_Chlorophyll_A_001_phosphate_plate4.tif,41,1159.415,944,1488
3028,G3_01_1_1_Chlorophyll_A_001_phosphate_plate4.tif,51,1088.000,944,1344
3029,G3_01_1_1_Chlorophyll_A_001_phosphate_plate4.tif,6,1002.667,944,1104
3030,G3_01_1_1_Chlorophyll_A_001_phosphate_plate4.tif,1,1104.000,1104,1104
3031,G3_01_1_1_Chlorophyll_A_001_phosphate_plate4.tif,1,1024.000,1024,1024
3032,G3_01_1_1_Chlorophyll_A_001_phosphate_plate4.tif,1,976.000,976,976
3033,G3_01_1_1_Chlorophyll_A_001_phosphate_plate4.tif,3,997.333,976,1008
3034,G3_01_1_1_Chlorophyll_A_001_phosphate_plate4.tif,1,1040.000,1040,1040
3035,G3_01_1_1_Chlorophyll_A_001_phosphate_plate4.tif,1,1104.000,1104,1104
3036,G3_01_1_1_Chlorophyll_A_001_phosphate_plate4.tif,99,4953.535,944,32240
3037,G3_01_1_1_Chlorophyll_A_001_phosphate_plate4.tif,3,997.333,960,1024
3038,G3_01_1_1_Chlorophyll_A_001_phosphate_plate4.tif,89,4296.629,944,19696
3039,G3_01_1_1_Chlorophyll_A_001_phosphate_plate4.tif,106,5481.208,944,34960
3040,G3_01_1_1_Chlorophyll_A_001_phosphate_plate4.tif,1,944.000,944,944
3041,G3_01_1_1_Chlorophyll_A_001_phosphate_plate4.tif,2,976.000,944,1008
3042,G3_01_1_1_Chlorophyll_A_001_phosphate_plate4.tif,1,944.000,944,944
3043,G3_01_1_1_Chlorophyll_A_001_phosphate_plate4.tif,5,1020.800,944,1104
3044,G3_01_1_1_Chlorophyll_A_001_phosphate_plate4.tif,1,1008.000,1008,1008
3045,G3_01_1_1_Chlorophyll_A_001_phosphate_plate4.tif,4,1004.000,944,1056
3046,G3_01_1_1_Chlorophyll_A_001_phosphate_plate4.tif,2,968.000,944,992
3047,G3_01_1_1_Chlorophyll_A_001_phosphate_plate4.tif,1,976.000,976,976
3048,G3_01_1_1_Chlorophyll_A_001_phosphate_plate4.tif,2,1056.000,992,1120
3049,G3_01_1_1_Chlorophyll_A_001_phosphate_plate4.tif,1,944.000,944,944
3050,G3_01_1_1_Chlorophyll_A_001_phosphate_plate4.tif,1,1024.000,1024,1024
3051,G3_01_1_1_Chlorophyll_A_001_phosphate_plate4.tif,1,1056.000,1056,1056
3052,G3_01_1_1_Chlorophyll_A_001_phosphate_plate4.tif,1,992.000,992,992
3053,G3_01_1_1_Chlorophyll_A_001_phosphate_plate4.tif,105,3519.848,944,17120
3054,G3_01_1_1_Chlorophyll_A_001_phosphate_plate4.tif,1,960.000,960,960
3055,G3_01_1_1_Chlorophyll_A_001_phosphate_plate4.tif,1,1024.000,1024,1024
3056,G3_01_1_1_Chlorophyll_A_001_phosphate_plate4.tif,1,1024.000,1024,1024
3057,G3_01_1_1_Chlorophyll_A_001_phosphate_plate4.tif,1,960.000,960,960
3058,G3_01_1_1_Chlorophyll_A_001_phosphate_plate4.tif,1,1040.000,1040,1040
3059,G3_01_1_1_Chlorophyll_A_001_phosphate_plate4.tif,1,1024.000,1024,1024
3060,G3_01_1_1_Chlorophyll_A_001_phosphate_plate4.tif,2,1040.000,1024,1056
3061,G3_01_1_1_Chlorophyll_A_001_phosphate_plate4.tif,1,944.000,944,944
3062,G3_01_1_1_Chlorophyll_A_001_phosphate_plate4.tif,2,1008.000,976,1040
3063,G3_01_1_1_Chlorophyll_A_001_phosphate_plate4.tif,135,6048.948,960,40240
3064,G3_01_1_1_Chlorophyll_A_001_phosphate_plate4.tif,1,1008.000,1008,1008
3065,G3_01_1_1_Chlorophyll_A_001_phosphate_plate4.tif,2,960.000,944,976
3066,G3_01_1_1_Chlorophyll_A_001_phosphate_plate4.tif,275,5295.244,944,33504
3067,G3_01_1_1_Chlorophyll_A_001_phosphate_plate4.tif,32,1105.500,960,1328
3068,G3_01_1_1_Chlorophyll_A_001_phosphate_plate4.tif,35,1117.714,960,1360
3069,G3_01_1_1_Chlorophyll_A_001_phosphate_plate4.tif,27,1109.926,944,1360
3070,G3_01_1_1_Chlorophyll_A_001_phosphate_plate4.tif,85,1141.271,944,1424
3071,G3_01_1_1_Chlorophyll_A_001_phosphate_plate4.tif,49,1122.612,944,1472
3072,G3_01_1_1_Chlorophyll_A_001_phosphate_plate4.tif,50,1138.560,960,1392
3073,G3_01_1_1_Chlorophyll_A_001_phosphate_plate4.tif,47,1164.255,960,1472
3074,G3_01_1_1_Chlorophyll_A_001_phosphate_plate4.tif,22,1025.455,944,1120
3075,G3_01_1_1_Chlorophyll_A_001_phosphate_plate4.tif,2,968.000,960,976
3076,G3_01_1_1_Chlorophyll_A_001_phosphate_plate4.tif,2,984.000,944,1024
3077,G3_01_1_1_Chlorophyll_A_001_phosphate_plate4.tif,1,1056.000,1056,1056
3078,G3_01_1_1_Chlorophyll_A_001_phosphate_plate4.tif,1,1104.000,1104,1104
3079,G3_01_1_1_Chlorophyll_A_001_phosphate_plate4.tif,2,952.000,944,960
3080,G3_01_1_1_Chlorophyll_A_001_phosphate_plate4.tif,1,1024.000,1024,1024
3081,G3_01_1_1_Chlorophyll_A_001_phosphate_plate4.tif,1,960.000,960,960
3082,G3_01_1_1_Chlorophyll_A_001_phosphate_plate4.tif,1,944.000,944,944
3083,G3_01_1_1_Chlorophyll_A_001_phosphate_plate4.tif,1,1024.000,1024,1024
3084,G3_01_1_1_Chlorophyll_A_001_phosphate_plate4.tif,1,976.000,976,976
3085,G3_01_1_1_Chlorophyll_A_001_phosphate_plate4.tif,1,1040.000,1040,1040
3086,G3_01_1_1_Chlorophyll_A_001_phosphate_plate4.tif,1,992.000,992,992
3087,G3_01_1_1_Chlorophyll_A_001_phosphate_plate4.tif,75,3221.973,944,14832
3088,G3_01_1_1_Chlorophyll_A_001_phosphate_plate4.tif,1,944.000,944,944
3089,G3_01_1_1_Chlorophyll_A_001_phosphate_plate4.tif,1,944.000,944,944
3090,G3_01_1_1_Chlorophyll_A_001_phosphate_plate4.tif,1,960.000,960,960
3091,G3_01_1_1_Chlorophyll_A_001_phosphate_plate4.tif,101,4197.069,944,21392
3092,G3_01_1_1_Chlorophyll_A_001_phosphate_plate4.tif,1,976.000,976,976
3093,G3_01_1_1_Chlorophyll_A_001_phosphate_plate4.tif,2,960.000,944,976
3094,G3_01_1_1_Chlorophyll_A_001_phosphate_plate4.tif,1,944.000,944,944
3095,G3_01_1_1_Chlorophyll_A_001_phosphate_plate4.tif,1,976.000,976,976
3096,G3_01_1_1_Chlorophyll_A_001_phosphate_plate4.tif,1,1008.000,1008,1008
3097,G3_01_1_1_Chlorophyll_A_001_phosphate_plate4.tif,51,1135.686,944,1440
3098,G3_01_1_1_Chlorophyll_A_001_phosphate_plate4.tif,32,1067.000,944,1248
3099,G3_01_1_1_Chlorophyll_A_001_phosphate_plate4.tif,46,1103.652,960,1376
3100,G3_01_1_1_Chlorophyll_A_001_phosphate_plate4.tif,1,1040.000,1040,1040
3101,G3_01_1_1_Chlorophyll_A_001_phosphate_plate4.tif,2,1016.000,992,1040
3102,G3_01_1_1_Chlorophyll_A_001_phosphate_plate4.tif,1,1136.000,1136,1136
3103,G3_01_1_1_Chlorophyll_A_001_phosphate_plate4.tif,3,1077.333,1008,1168
3104,G3_01_1_1_Chlorophyll_A_001_phosphate_plate4.tif,1,960.000,960,960
3105,G3_01_1_1_Chlorophyll_A_001_phosphate_plate4.tif,1,1024.000,1024,1024
3106,G3_01_1_1_Chlorophyll_A_001_phosphate_plate4.tif,1,976.000,976,976
3107,G3_01_1_1_Chlorophyll_A_001_phosphate_plate4.tif,113,5496.071,944,40416
3108,G3_01_1_1_Chlorophyll_A_001_phosphate_plate4.tif,1,960.000,960,960
3109,G3_01_1_1_Chlorophyll_A_001_phosphate_plate4.tif,1,1008.000,1008,1008
3110,G3_01_1_1_Chlorophyll_A_001_phosphate_plate4.tif,1,944.000,944,944
3111,G3_01_1_1_Chlorophyll_A_001_phosphate_plate4.tif,1,976.000,976,976
3112,G3_01_1_1_Chlorophyll_A_001_phosphate_plate4.tif,2,984.000,960,1008
3113,G3_01_1_1_Chlorophyll_A_001_phosphate_plate4.tif,1,960.000,960,960
3114,G3_01_1_1_Chlorophyll_A_001_phosphate_plate4.tif,12,1161.333,992,1392
3115,G3_01_1_1_Chlorophyll_A_001_phosphate_plate4.tif,233,2502.249,944,20288
3116,G3_01_1_1_Chlorophyll_A_001_phosphate_plate4.tif,23,1050.435,944,1232
3117,G3_01_1_1_Chlorophyll_A_001_phosphate_plate4.tif,179,2575.196,944,27520
3118,G3_01_1_1_Chlorophyll_A_001_phosphate_plate4.tif,3,965.333,944,1008
3119,G3_01_1_1_Chlorophyll_A_001_phosphate_plate4.tif,1,1024.000,1024,1024
3120,G3_01_1_1_Chlorophyll_A_001_phosphate_plate4.tif,4,996.000,960,1024
3121,G3_01_1_1_Chlorophyll_A_001_phosphate_plate4.tif,1,1024.000,1024,1024
3122,G3_01_1_1_Chlorophyll_A_001_phosphate_plate4.tif,1,1072.000,1072,1072
3123,G3_01_1_1_Chlorophyll_A_001_phosphate_plate4.tif,1,1040.000,1040,1040
3124,G3_01_1_1_Chlorophyll_A_001_phosphate_plate4.tif,1,1008.000,1008,1008
3125,G3_01_1_1_Chlorophyll_A_001_phosphate_plate4.tif,1,944.000,944,944
3126,G3_01_1_1_Chlorophyll_A_001_phosphate_plate4.tif,1,944.000,944,944
3127,G3_01_1_1_Chlorophyll_A_001_phosphate_plate4.tif,130,5047.508,944,30944
3128,G3_01_1_1_Chlorophyll_A_001_phosphate_plate4.tif,1,1088.000,1088,1088
3129,G3_01_1_1_Chlorophyll_A_001_phosphate_plate4.tif,1,1008.000,1008,1008
3130,G3_01_1_1_Chlorophyll_A_001_phosphate_plate4.tif,1,1040.000,1040,1040
3131,G3_01_1_1_Chlorophyll_A_001_phosphate_plate4.tif,1,1056.000,1056,1056
3132,G3_01_1_1_Chlorophyll_A_001_phosphate_plate4.tif,1,976.000,976,976
3133,G3_01_1_1_Chlorophyll_A_001_phosphate_plate4.tif,1,960.000,960,960
3134,G3_01_1_1_Chlorophyll_A_001_phosphate_plate4.tif,86,3907.349,944,22912
3135,G3_01_1_1_Chlorophyll_A_001_phosphate_plate4.tif,306,2577.830,944,28368
3136,G3_01_1_1_Chlorophyll_A_001_phosphate_plate4.tif,25,1092.480,944,1280
3137,G3_01_1_1_Chlorophyll_A_001_phosphate_plate4.tif,44,1084.727,944,1424
3138,G3_01_1_1_Chlorophyll_A_001_phosphate_plate4.tif,42,1063.238,944,1248
3139,G3_01_1_1_Chlorophyll_A_001_phosphate_plate4.tif,2,960.000,944,976
3140,G3_01_1_1_Chlorophyll_A_001_phosphate_plate4.tif,2,960.000,960,960
3141,G3_01_1_1_Chlorophyll_A_001_phosphate_plate4.tif,2,1048.000,1008,1088
3142,G3_01_1_1_Chlorophyll_A_001_phosphate_plate4.tif,1,960.000,960,960
3143,G3_01_1_1_Chlorophyll_A_001_phosphate_plate4.tif,2,960.000,960,960
3144,G3_01_1_1_Chlorophyll_A_001_phosphate_plate4.tif,1,1024.000,1024,1024
3145,G3_01_1_1_Chlorophyll_A_001_phosphate_plate4.tif,2,1048.000,1040,1056
3146,G3_01_1_1_Chlorophyll_A_001_phosphate_plate4.tif,1,1040.000,1040,1040
3147,G3_01_1_1_Chlorophyll_A_001_phosphate_plate4.tif,2,1144.000,960,1328
3148,G3_01_1_1_Chlorophyll_A_001_phosphate_plate4.tif,2,952.000,944,960
3149,G3_01_1_1_Chlorophyll_A_001_phosphate_plate4.tif,2,944.000,944,944
3150,G3_01_1_1_Chlorophyll_A_001_phosphate_plate4.tif,2,976.000,960,992
3151,G3_01_1_1_Chlorophyll_A_001_phosphate_plate4.tif,1,976.000,976,976
3152,G3_01_1_1_Chlorophyll_A_001_phosphate_plate4.tif,1,1040.000,1040,1040
3153,G3_01_1_1_Chlorophyll_A_001_phosphate_plate4.tif,1,1024.000,1024,1024
3154,G3_01_1_1_Chlorophyll_A_001_phosphate_plate4.tif,2,1088.000,944,1232
3155,G3_01_1_1_Chlorophyll_A_001_phosphate_plate4.tif,2,976.000,944,1008
3156,G3_01_1_1_Chlorophyll_A_001_phosphate_plate4.tif,2,968.000,944,992
3157,G3_01_1_1_Chlorophyll_A_001_phosphate_plate4.tif,1,960.000,960,960
3158,G3_01_1_1_Chlorophyll_A_001_phosphate_plate4.tif,1,992.000,992,992
3159,G3_01_1_1_Chlorophyll_A_001_phosphate_plate4.tif,1,960.000,960,960
3160,G3_01_1_1_Chlorophyll_A_001_phosphate_plate4.tif,1,976.000,976,976
3161,G3_01_1_1_Chlorophyll_A_001_phosphate_plate4.tif,344,5402.000,944,41760
3162,G3_01_1_1_Chlorophyll_A_001_phosphate_plate4.tif,1,944.000,944,944
3163,G3_01_1_1_Chlorophyll_A_001_phosphate_plate4.tif,1,944.000,944,944
3164,G3_01_1_1_Chlorophyll_A_001_phosphate_plate4.tif,22,1084.364,944,1408
3165,G3_01_1_1_Chlorophyll_A_001_phosphate_plate4.tif,28,1084.000,944,1312
3166,G3_01_1_1_Chlorophyll_A_001_phosphate_plate4.tif,269,2479.762,944,30896
3167,G3_01_1_1_Chlorophyll_A_001_phosphate_plate4.tif,20,1112.800,944,1440
3168,G3_01_1_1_Chlorophyll_A_001_phosphate_plate4.tif,5,1056.000,960,1232
3169,G3_01_1_1_Chlorophyll_A_001_phosphate_plate4.tif,14,1001.143,944,1104
3170,G3_01_1_1_Chlorophyll_A_001_phosphate_plate4.tif,15,1031.467,944,1184
3171,G3_01_1_1_Chlorophyll_A_001_phosphate_plate4.tif,3,960.000,944,976
3172,G3_01_1_1_Chlorophyll_A_001_phosphate_plate4.tif,2,976.000,944,1008
3173,G3_01_1_1_Chlorophyll_A_001_phosphate_plate4.tif,1,992.000,992,992
3174,G3_01_1_1_Chlorophyll_A_001_phosphate_plate4.tif,2,952.000,944,960
3175,G3_01_1_1_Chlorophyll_A_001_phosphate_plate4.tif,1,944.000,944,944
3176,G3_01_1_1_Chlorophyll_A_001_phosphate_plate4.tif,2,984.000,944,1024
3177,G3_01_1_1_Chlorophyll_A_001_phosphate_plate4.tif,1,1040.000,1040,1040
3178,G3_01_1_1_Chlorophyll_A_001_phosphate_plate4.tif,1,1056.000,1056,1056
3179,G3_01_1_1_Chlorophyll_A_001_phosphate_plate4.tif,1,944.000,944,944
3180,G3_01_1_1_Chlorophyll_A_001_phosphate_plate4.tif,1,1024.000,1024,1024
3181,G3_01_1_1_Chlorophyll_A_001_phosphate_plate4.tif,2,952.000,944,960
3182,G3_01_1_1_Chlorophyll_A_001_phosphate_plate4.tif,1,1008.000,1008,1008
3183,G3_01_1_1_Chlorophyll_A_001_phosphate_plate4.tif,1,1024.000,1024,1024
3184,G3_01_1_1_Chlorophyll_A_001_phosphate_plate4.tif,1,1056.000,1056,1056
3185,G3_01_1_1_Chlorophyll_A_001_phosphate_plate4.tif,1,960.000,960,960
3186,G3_01_1_1_Chlorophyll_A_001_phosphate_plate4.tif,1,1104.000,1104,1104
3187,G3_01_1_1_Chlorophyll_A_001_phosphate_plate4.tif,2,960.000,944,976
3188,G3_01_1_1_Chlorophyll_A_001_phosphate_plate4.tif,2,952.000,944,960
3189,G3_01_1_1_Chlorophyll_A_001_phosphate_plate4.tif,1,960.000,960,960
3190,G3_01_1_1_Chlorophyll_A_001_phosphate_plate4.tif,1,1072.000,1072,1072
3191,G3_01_1_1_Chlorophyll_A_001_phosphate_plate4.tif,1,960.000,960,960
3192,G3_01_1_1_Chlorophyll_A_001_phosphate_plate4.tif,18,1117.333,944,1312
3193,G3_01_1_1_Chlorophyll_A_001_phosphate_plate4.tif,24,1099.333,944,1376
3194,G3_01_1_1_Chlorophyll_A_001_phosphate_plate4.tif,187,3024.770,944,21312
3195,G3_01_1_1_Chlorophyll_A_001_phosphate_plate4.tif,13,1041.231,944,1312
3196,G3_01_1_1_Chlorophyll_A_001_phosphate_plate4.tif,1,1104.000,1104,1104
3197,G3_01_1_1_Chlorophyll_A_001_phosphate_plate4.tif,3,1056.000,960,1136
3198,G3_01_1_1_Chlorophyll_A_001_phosphate_plate4.tif,5,976.000,944,1040
3199,G3_01_1_1_Chlorophyll_A_001_phosphate_plate4.tif,1,1008.000,1008,1008
3200,G3_01_1_1_Chlorophyll_A_001_phosphate_plate4.tif,1,1008.000,1008,1008
3201,G3_01_1_1_Chlorophyll_A_001_phosphate_plate4.tif,9,999.111,944,1088
3202,G3_01_1_1_Chlorophyll_A_001_phosphate_plate4.tif,1,1040.000,1040,1040
3203,G3_01_1_1_Chlorophyll_A_001_phosphate_plate4.tif,2,944.000,944,944
3204,G3_01_1_1_Chlorophyll_A_001_phosphate_plate4.tif,1,944.000,944,944
3205,G3_01_1_1_Chlorophyll_A_001_phosphate_plate4.tif,1,1088.000,1088,1088
3206,G3_01_1_1_Chlorophyll_A_001_phosphate_plate4.tif,1,992.000,992,992
3207,G3_01_1_1_Chlorophyll_A_001_phosphate_plate4.tif,1,1120.000,1120,1120
3208,G3_01_1_1_Chlorophyll_A_001_phosphate_plate4.tif,1,1008.000,1008,1008
3209,G3_01_1_1_Chlorophyll_A_001_phosphate_plate4.tif,1,960.000,960,960
3210,G3_01_1_1_Chlorophyll_A_001_phosphate_plate4.tif,1,1088.000,1088,1088
3211,G3_01_1_1_Chlorophyll_A_001_phosphate_plate4.tif,1,976.000,976,976
3212,G3_01_1_1_Chlorophyll_A_001_phosphate_plate4.tif,1,944.000,944,944
3213,G3_01_1_1_Chlorophyll_A_001_phosphate_plate4.tif,2,952.000,944,960
3214,G3_01_1_1_Chlorophyll_A_001_phosphate_plate4.tif,28,1126.857,944,1408
3215,G3_01_1_1_Chlorophyll_A_001_phosphate_plate4.tif,518,2094.425,944,31792
3216,G3_01_1_1_Chlorophyll_A_001_phosphate_plate4.tif,4,972.000,944,1008
3217,G3_01_1_1_Chlorophyll_A_001_phosphate_plate4.tif,1,1040.000,1040,1040
3218,G3_01_1_1_Chlorophyll_A_001_phosphate_plate4.tif,1,1008.000,1008,1008
3219,G3_01_1_1_Chlorophyll_A_001_phosphate_plate4.tif,1,1024.000,1024,1024
3220,G3_01_1_1_Chlorophyll_A_001_phosphate_plate4.tif,1,1024.000,1024,1024
3221,G3_01_1_1_Chlorophyll_A_001_phosphate_plate4.tif,1,1040.000,1040,1040
3222,G3_01_1_1_Chlorophyll_A_001_phosphate_plate4.tif,1,1024.000,1024,1024
3223,G3_01_1_1_Chlorophyll_A_001_phosphate_plate4.tif,1,1008.000,1008,1008
3224,G3_01_1_1_Chlorophyll_A_001_phosphate_plate4.tif,1,1088.000,1088,1088
3225,G3_01_1_1_Chlorophyll_A_001_phosphate_plate4.tif,1,944.000,944,944
3226,G3_01_1_1_Chlorophyll_A_001_phosphate_plate4.tif,1,944.000,944,944
3227,G3_01_1_1_Chlorophyll_A_001_phosphate_plate4.tif,1,944.000,944,944
3228,G3_01_1_1_Chlorophyll_A_001_phosphate_plate4.tif,83,4329.639,944,23840
3229,G3_01_1_1_Chlorophyll_A_001_phosphate_plate4.tif,2,992.000,960,1024
3230,G3_01_1_1_Chlorophyll_A_001_phosphate_plate4.tif,1,1088.000,1088,1088
3231,G3_01_1_1_Chlorophyll_A_001_phosphate_plate4.tif,151,5754.490,944,35696
3232,G3_01_1_1_Chlorophyll_A_001_phosphate_plate4.tif,18,1121.778,944,1344
3233,G3_01_1_1_Chlorophyll_A_001_phosphate_plate4.tif,17,1080.471,960,1504
3234,G3_01_1_1_Chlorophyll_A_001_phosphate_plate4.tif,1,1056.000,1056,1056
3235,G3_01_1_1_Chlorophyll_A_001_phosphate_plate4.tif,1,1088.000,1088,1088
3236,G3_01_1_1_Chlorophyll_A_001_phosphate_plate4.tif,1,976.000,976,976
3237,G3_01_1_1_Chlorophyll_A_001_phosphate_plate4.tif,1,1008.000,1008,1008
3238,G3_01_1_1_Chlorophyll_A_001_phosphate_plate4.tif,1,1216.000,1216,1216
3239,G3_01_1_1_Chlorophyll_A_001_phosphate_plate4.tif,102,3358.275,944,21488
3240,G3_01_1_1_Chlorophyll_A_001_phosphate_plate4.tif,1,960.000,960,960
3241,G3_01_1_1_Chlorophyll_A_001_phosphate_plate4.tif,1,1024.000,1024,1024
3242,G3_01_1_1_Chlorophyll_A_001_phosphate_plate4.tif,2,1040.000,992,1088
3243,G3_01_1_1_Chlorophyll_A_001_phosphate_plate4.tif,1,1104.000,1104,1104
3244,G3_01_1_1_Chlorophyll_A_001_phosphate_plate4.tif,1,1056.000,1056,1056
3245,G3_01_1_1_Chlorophyll_A_001_phosphate_plate4.tif,86,4438.326,944,24608
3246,G3_01_1_1_Chlorophyll_A_001_phosphate_plate4.tif,1,976.000,976,976
3247,G3_01_1_1_Chlorophyll_A_001_phosphate_plate4.tif,1,960.000,960,960
3248,G3_01_1_1_Chlorophyll_A_001_phosphate_plate4.tif,83,1101.494,944,1472
3249,G3_01_1_1_Chlorophyll_A_001_phosphate_plate4.tif,1,1072.000,1072,1072
3250,G3_01_1_1_Chlorophyll_A_001_phosphate_plate4.tif,1,960.000,960,960
3251,G3_01_1_1_Chlorophyll_A_001_phosphate_plate4.tif,1,1040.000,1040,1040
3252,G3_01_1_1_Chlorophyll_A_001_phosphate_plate4.tif,1,944.000,944,944
3253,G3_01_1_1_Chlorophyll_A_001_phosphate_plate4.tif,1,1008.000,1008,1008
3254,G3_01_1_1_Chlorophyll_A_001_phosphate_plate4.tif,1,976.000,976,976
3255,G3_01_1_1_Chlorophyll_A_001_phosphate_plate4.tif,2,1024.000,960,1088
3256,G3_01_1_1_Chlorophyll_A_001_phosphate_plate4.tif,1,960.000,960,960
3257,G3_01_1_1_Chlorophyll_A_001_phosphate_plate4.tif,1,1024.000,1024,1024
3258,G3_01_1_1_Chlorophyll_A_001_phosphate_plate4.tif,1,976.000,976,976
3259,G3_01_1_1_Chlorophyll_A_001_phosphate_plate4.tif,68,3631.765,960,14368
3260,G3_01_1_1_Chlorophyll_A_001_phosphate_plate4.tif,41,1146.146,944,1616
3261,G3_01_1_1_Chlorophyll_A_001_phosphate_plate4.tif,10,1153.600,1040,1264
3262,G3_01_1_1_Chlorophyll_A_001_phosphate_plate4.tif,36,1142.222,944,1440
3263,G3_01_1_1_Chlorophyll_A_001_phosphate_plate4.tif,5,1036.800,976,1120
3264,G3_01_1_1_Chlorophyll_A_001_phosphate_plate4.tif,1,944.000,944,944
3265,G3_01_1_1_Chlorophyll_A_001_phosphate_plate4.tif,2,960.000,960,960
3266,G3_01_1_1_Chlorophyll_A_001_phosphate_plate4.tif,1,944.000,944,944
3267,G3_01_1_1_Chlorophyll_A_001_phosphate_plate4.tif,2,968.000,944,992
3268,G3_01_1_1_Chlorophyll_A_001_phosphate_plate4.tif,1,960.000,960,960
3269,G3_01_1_1_Chlorophyll_A_001_phosphate_plate4.tif,2,992.000,960,1024
3270,G3_01_1_1_Chlorophyll_A_001_phosphate_plate4.tif,1,944.000,944,944
3271,G3_01_1_1_Chlorophyll_A_001_phosphate_plate4.tif,1,944.000,944,944
3272,G3_01_1_1_Chlorophyll_A_001_phosphate_plate4.tif,1,1024.000,1024,1024
3273,G3_01_1_1_Chlorophyll_A_001_phosphate_plate4.tif,1,944.000,944,944
3274,G3_01_1_1_Chlorophyll_A_001_phosphate_plate4.tif,1,1072.000,1072,1072
3275,G3_01_1_1_Chlorophyll_A_001_phosphate_plate4.tif,1,992.000,992,992
3276,G3_01_1_1_Chlorophyll_A_001_phosphate_plate4.tif,89,4331.506,944,20336
3277,G3_01_1_1_Chlorophyll_A_001_phosphate_plate4.tif,1,1120.000,1120,1120
3278,G3_01_1_1_Chlorophyll_A_001_phosphate_plate4.tif,2,1000.000,960,1040
3279,G3_01_1_1_Chlorophyll_A_001_phosphate_plate4.tif,1,976.000,976,976
3280,G3_01_1_1_Chlorophyll_A_001_phosphate_plate4.tif,35,1699.657,944,5184
3281,G3_01_1_1_Chlorophyll_A_001_phosphate_plate4.tif,18,1152.000,960,1424
3282,G3_01_1_1_Chlorophyll_A_001_phosphate_plate4.tif,46,1070.957,944,1312
3283,G3_01_1_1_Chlorophyll_A_001_phosphate_plate4.tif,8,1002.000,944,1104
3284,G3_01_1_1_Chlorophyll_A_001_phosphate_plate4.tif,5,1065.600,944,1248
3285,G3_01_1_1_Chlorophyll_A_001_phosphate_plate4.tif,1,976.000,976,976
3286,G3_01_1_1_Chlorophyll_A_001_phosphate_plate4.tif,1,1040.000,1040,1040
3287,G3_01_1_1_Chlorophyll_A_001_phosphate_plate4.tif,1,944.000,944,944
3288,G3_01_1_1_Chlorophyll_A_001_phosphate_plate4.tif,233,5339.262,944,39776
3289,G3_01_1_1_Chlorophyll_A_001_phosphate_plate4.tif,1,1152.000,1152,1152
3290,G3_01_1_1_Chlorophyll_A_001_phosphate_plate4.tif,2,1040.000,1040,1040
3291,G3_01_1_1_Chlorophyll_A_001_phosphate_plate4.tif,1,1040.000,1040,1040
3292,G3_01_1_1_Chlorophyll_A_001_phosphate_plate4.tif,1,944.000,944,944
3293,G3_01_1_1_Chlorophyll_A_001_phosphate_plate4.tif,1,992.000,992,992
3294,G3_01_1_1_Chlorophyll_A_001_phosphate_plate4.tif,1,1040.000,1040,1040
3295,G3_01_1_1_Chlorophyll_A_001_phosphate_plate4.tif,2,944.000,944,944
3296,G3_01_1_1_Chlorophyll_A_001_phosphate_plate4.tif,1,944.000,944,944
3297,G3_01_1_1_Chlorophyll_A_001_phosphate_plate4.tif,1,976.000,976,976
3298,G3_01_1_1_Chlorophyll_A_001_phosphate_plate4.tif,1,992.000,992,992
3299,G3_01_1_1_Chlorophyll_A_001_phosphate_plate4.tif,1,960.000,960,960
3300,G3_01_1_1_Chlorophyll_A_001_phosphate_plate4.tif,30,1072.000,944,1328
3301,G3_01_1_1_Chlorophyll_A_001_phosphate_plate4.tif,6,1032.000,960,1104
3302,G3_01_1_1_Chlorophyll_A_001_phosphate_plate4.tif,22,1056.000,944,1264
3303,G3_01_1_1_Chlorophyll_A_001_phosphate_plate4.tif,9,976.000,944,1088
3304,G3_01_1_1_Chlorophyll_A_001_phosphate_plate4.tif,1,960.000,960,960
3305,G3_01_1_1_Chlorophyll_A_001_phosphate_plate4.tif,1,944.000,944,944
3306,G3_01_1_1_Chlorophyll_A_001_phosphate_plate4.tif,1,944.000,944,944
3307,G3_01_1_1_Chlorophyll_A_001_phosphate_plate4.tif,3,1013.333,960,1072
3308,G3_01_1_1_Chlorophyll_A_001_phosphate_plate4.tif,1,1008.000,1008,1008
3309,G3_01_1_1_Chlorophyll_A_001_phosphate_plate4.tif,2,968.000,944,992
3310,G3_01_1_1_Chlorophyll_A_001_phosphate_plate4.tif,2,1024.000,1008,1040
3311,G3_01_1_1_Chlorophyll_A_001_phosphate_plate4.tif,1,960.000,960,960
3312,G3_01_1_1_Chlorophyll_A_001_phosphate_plate4.tif,2,1000.000,944,1056
3313,G3_01_1_1_Chlorophyll_A_001_phosphate_plate4.tif,2,960.000,960,960
3314,G3_01_1_1_Chlorophyll_A_001_phosphate_plate4.tif,1,992.000,992,992
3315,G3_01_1_1_Chlorophyll_A_001_phosphate_plate4.tif,2,976.000,976,976
3316,G3_01_1_1_Chlorophyll_A_001_phosphate_plate4.tif,1,1024.000,1024,1024
3317,G3_01_1_1_Chlorophyll_A_001_phosphate_plate4.tif,1,992.000,992,992
3318,G3_01_1_1_Chlorophyll_A_001_phosphate_plate4.tif,1,944.000,944,944
3319,G3_01_1_1_Chlorophyll_A_001_phosphate_plate4.tif,1,944.000,944,944
3320,G3_01_1_1_Chlorophyll_A_001_phosphate_plate4.tif,1,1104.000,1104,1104
3321,G3_01_1_1_Chlorophyll_A_001_phosphate_plate4.tif,1,1072.000,1072,1072
3322,G3_01_1_1_Chlorophyll_A_001_phosphate_plate4.tif,1,976.000,976,976
3323,G3_01_1_1_Chlorophyll_A_001_phosphate_plate4.tif,1,1008.000,1008,1008
3324,G3_01_1_1_Chlorophyll_A_001_phosphate_plate4.tif,1,1008.000,1008,1008
3325,G3_01_1_1_Chlorophyll_A_001_phosphate_plate4.tif,52,1122.769,944,1392
3326,G3_01_1_1_Chlorophyll_A_001_phosphate_plate4.tif,40,1060.400,944,1248
3327,G3_01_1_1_Chlorophyll_A_001_phosphate_plate4.tif,51,1025.882,944,1184
3328,G3_01_1_1_Chlorophyll_A_001_phosphate_plate4.tif,9,993.778,944,1136
3329,G3_01_1_1_Chlorophyll_A_001_phosphate_plate4.tif,1,1120.000,1120,1120
3330,G3_01_1_1_Chlorophyll_A_001_phosphate_plate4.tif,1,992.000,992,992
3331,G3_01_1_1_Chlorophyll_A_001_phosphate_plate4.tif,1,1072.000,1072,1072
3332,G3_01_1_1_Chlorophyll_A_001_phosphate_plate4.tif,2,968.000,960,976
3333,G3_01_1_1_Chlorophyll_A_001_phosphate_plate4.tif,1,992.000,992,992
3334,G3_01_1_1_Chlorophyll_A_001_phosphate_plate4.tif,2,960.000,960,960
3335,G3_01_1_1_Chlorophyll_A_001_phosphate_plate4.tif,1,960.000,960,960
3336,G3_01_1_1_Chlorophyll_A_001_phosphate_plate4.tif,2,1016.000,992,1040
3337,G3_01_1_1_Chlorophyll_A_001_phosphate_plate4.tif,2,1048.000,1024,1072
3338,G3_01_1_1_Chlorophyll_A_001_phosphate_plate4.tif,1,1008.000,1008,1008
3339,G3_01_1_1_Chlorophyll_A_001_phosphate_plate4.tif,1,960.000,960,960
3340,G3_01_1_1_Chlorophyll_A_001_phosphate_plate4.tif,1,960.000,960,960
3341,G3_01_1_1_Chlorophyll_A_001_phosphate_plate4.tif,1,1088.000,1088,1088
3342,G3_01_1_1_Chlorophyll_A_001_phosphate_plate4.tif,57,1163.228,944,1584
3343,G3_01_1_1_Chlorophyll_A_001_phosphate_plate4.tif,83,1137.157,944,1440
3344,G3_01_1_1_Chlorophyll_A_001_phosphate_plate4.tif,2,976.000,944,1008
3345,G3_01_1_1_Chlorophyll_A_001_phosphate_plate4.tif,1,944.000,944,944
3346,G3_01_1_1_Chlorophyll_A_001_phosphate_plate4.tif,1,1184.000,1184,1184
3347,G3_01_1_1_Chlorophyll_A_001_phosphate_plate4.tif,1,960.000,960,960
3348,G3_01_1_1_Chlorophyll_A_001_phosphate_plate4.tif,2,992.000,960,1024
3349,G3_01_1_1_Chlorophyll_A_001_phosphate_plate4.tif,1,944.000,944,944
3350,G3_01_1_1_Chlorophyll_A_001_phosphate_plate4.tif,1,1120.000,1120,1120
3351,G3_01_1_1_Chlorophyll_A_001_phosphate_plate4.tif,1,992.000,992,992
3352,G3_01_1_1_Chlorophyll_A_001_phosphate_plate4.tif,1,1008.000,1008,1008
3353,G3_01_1_1_Chlorophyll_A_001_phosphate_plate4.tif,1,1088.000,1088,1088
3354,G3_01_1_1_Chlorophyll_A_001_phosphate_plate4.tif,1,1056.000,1056,1056
3355,G3_01_1_1_Chlorophyll_A_001_phosphate_plate4.tif,72,1036.889,944,1312
3356,G3_01_1_1_Chlorophyll_A_001_phosphate_plate4.tif,16,1019.000,944,1104
3357,G3_01_1_1_Chlorophyll_A_001_phosphate_plate4.tif,1,1024.000,1024,1024
3358,G3_01_1_1_Chlorophyll_A_001_phosphate_plate4.tif,1,1152.000,1152,1152
3359,G3_01_1_1_Chlorophyll_A_001_phosphate_plate4.tif,4,992.000,944,1088
3360,G3_01_1_1_Chlorophyll_A_001_phosphate_plate4.tif,2,960.000,960,960
3361,G3_01_1_1_Chlorophyll_A_001_phosphate_plate4.tif,1,1040.000,1040,1040
3362,G3_01_1_1_Chlorophyll_A_001_phosphate_plate4.tif,3,1013.333,944,1072
3363,G3_01_1_1_Chlorophyll_A_001_phosphate_plate4.tif,1,976.000,976,976
3364,G3_01_1_1_Chlorophyll_A_001_phosphate_plate4.tif,1,960.000,960,960
3365,G3_01_1_1_Chlorophyll_A_001_phosphate_plate4.tif,1,1024.000,1024,1024
3366,G3_01_1_1_Chlorophyll_A_001_phosphate_plate4.tif,2,1024.000,992,1056
3367,G3_01_1_1_Chlorophyll_A_001_phosphate_plate4.tif,2,1032.000,960,1104
3368,G3_01_1_1_Chlorophyll_A_001_phosphate_plate4.tif,1,976.000,976,976
3369,G3_01_1_1_Chlorophyll_A_001_phosphate_plate4.tif,1,944.000,944,944
3370,G3_01_1_1_Chlorophyll_A_001_phosphate_plate4.tif,1,944.000,944,944
3371,G3_01_1_1_Chlorophyll_A_001_phosphate_plate4.tif,1,1072.000,1072,1072
3372,G3_01_1_1_Chlorophyll_A_001_phosphate_plate4.tif,1,1008.000,1008,1008
3373,G3_01_1_1_Chlorophyll_A_001_phosphate_plate4.tif,2,968.000,944,992
3374,G3_01_1_1_Chlorophyll_A_001_phosphate_plate4.tif,1,960.000,960,960
3375,G3_01_1_1_Chlorophyll_A_001_phosphate_plate4.tif,1,976.000,976,976
3376,G3_01_1_1_Chlorophyll_A_001_phosphate_plate4.tif,15,1120.000,992,1392
3377,G3_01_1_1_Chlorophyll_A_001_phosphate_plate4.tif,9,1066.667,944,1200
3378,G3_01_1_1_Chlorophyll_A_001_phosphate_plate4.tif,6,973.333,944,1056
3379,G3_01_1_1_Chlorophyll_A_001_phosphate_plate4.tif,1,992.000,992,992
3380,G3_01_1_1_Chlorophyll_A_001_phosphate_plate4.tif,1,976.000,976,976
3381,G3_01_1_1_Chlorophyll_A_001_phosphate_plate4.tif,1,1040.000,1040,1040
3382,G3_01_1_1_Chlorophyll_A_001_phosphate_plate4.tif,1,1040.000,1040,1040
3383,G3_01_1_1_Chlorophyll_A_001_phosphate_plate4.tif,1,976.000,976,976
3384,G3_01_1_1_Chlorophyll_A_001_phosphate_plate4.tif,2,952.000,944,960
3385,G3_01_1_1_Chlorophyll_A_001_phosphate_plate4.tif,1,944.000,944,944
3386,G3_01_1_1_Chlorophyll_A_001_phosphate_plate4.tif,1,976.000,976,976
3387,G3_01_1_1_Chlorophyll_A_001_phosphate_plate4.tif,1,976.000,976,976
3388,G3_01_1_1_Chlorophyll_A_001_phosphate_plate4.tif,1,944.000,944,944
3389,G3_01_1_1_Chlorophyll_A_001_phosphate_plate4.tif,2,992.000,976,1008
3390,G3_01_1_1_Chlorophyll_A_001_phosphate_plate4.tif,1,960.000,960,960
3391,G3_01_1_1_Chlorophyll_A_001_phosphate_plate4.tif,1,944.000,944,944
3392,G3_01_1_1_Chlorophyll_A_001_phosphate_plate4.tif,1,976.000,976,976
3393,G3_01_1_1_Chlorophyll_A_001_phosphate_plate4.tif,1,1184.000,1184,1184
3394,G3_01_1_1_Chlorophyll_A_001_phosphate_plate4.tif,137,6499.270,944,45424
3395,G3_01_1_1_Chlorophyll_A_001_phosphate_plate4.tif,1,944.000,944,944
3396,G3_01_1_1_Chlorophyll_A_001_phosphate_plate4.tif,1,992.000,992,992
3397,G3_01_1_1_Chlorophyll_A_001_phosphate_plate4.tif,289,2522.021,944,26592
3398,G3_01_1_1_Chlorophyll_A_001_phosphate_plate4.tif,3,1050.667,960,1136
3399,G3_01_1_1_Chlorophyll_A_001_phosphate_plate4.tif,2,984.000,960,1008
3400,G3_01_1_1_Chlorophyll_A_001_phosphate_plate4.tif,1,1120.000,1120,1120
3401,G3_01_1_1_Chlorophyll_A_001_phosphate_plate4.tif,2,1000.000,992,1008
3402,G3_01_1_1_Chlorophyll_A_001_phosphate_plate4.tif,1,1104.000,1104,1104
3403,G3_01_1_1_Chlorophyll_A_001_phosphate_plate4.tif,1,1008.000,1008,1008
3404,G3_01_1_1_Chlorophyll_A_001_phosphate_plate4.tif,2,984.000,960,1008
3405,G3_01_1_1_Chlorophyll_A_001_phosphate_plate4.tif,1,976.000,976,976
3406,G3_01_1_1_Chlorophyll_A_001_phosphate_plate4.tif,1,976.000,976,976
3407,G3_01_1_1_Chlorophyll_A_001_phosphate_plate4.tif,1,944.000,944,944
3408,G3_01_1_1_Chlorophyll_A_001_phosphate_plate4.tif,2,1000.000,992,1008
3409,G3_01_1_1_Chlorophyll_A_001_phosphate_plate4.tif,2,968.000,960,976
3410,G3_01_1_1_Chlorophyll_A_001_phosphate_plate4.tif,1,1088.000,1088,1088
3411,G3_01_1_1_Chlorophyll_A_001_phosphate_plate4.tif,1,944.000,944,944
3412,G3_01_1_1_Chlorophyll_A_001_phosphate_plate4.tif,2,1128.000,1072,1184
3413,G3_01_1_1_Chlorophyll_A_001_phosphate_plate4.tif,1,1152.000,1152,1152
3414,G3_01_1_1_Chlorophyll_A_001_phosphate_plate4.tif,1,1072.000,1072,1072
3415,G3_01_1_1_Chlorophyll_A_001_phosphate_plate4.tif,10,1478.400,944,2112
3416,G3_01_1_1_Chlorophyll_A_001_phosphate_plate4.tif,1,944.000,944,944
3417,G3_01_1_1_Chlorophyll_A_001_phosphate_plate4.tif,12,1082.667,944,1248
3418,G3_01_1_1_Chlorophyll_A_001_phosphate_plate4.tif,1,992.000,992,992
3419,G3_01_1_1_Chlorophyll_A_001_phosphate_plate4.tif,1,960.000,960,960
3420,G3_01_1_1_Chlorophyll_A_001_phosphate_plate4.tif,1,960.000,960,960
3421,G3_01_1_1_Chlorophyll_A_001_phosphate_plate4.tif,1,944.000,944,944
3422,G3_01_1_1_Chlorophyll_A_001_phosphate_plate4.tif,1,1024.000,1024,1024
3423,G3_01_1_1_Chlorophyll_A_001_phosphate_plate4.tif,1,944.000,944,944
3424,G3_01_1_1_Chlorophyll_A_001_phosphate_plate4.tif,1,960.000,960,960
3425,G3_01_1_1_Chlorophyll_A_001_phosphate_plate4.tif,1,992.000,992,992
3426,G3_01_1_1_Chlorophyll_A_001_phosphate_plate4.tif,1,960.000,960,960
3427,G3_01_1_1_Chlorophyll_A_001_phosphate_plate4.tif,1,944.000,944,944
3428,G3_01_1_1_Chlorophyll_A_001_phosphate_plate4.tif,1,944.000,944,944
3429,G3_01_1_1_Chlorophyll_A_001_phosphate_plate4.tif,1,1008.000,1008,1008
3430,G3_01_1_1_Chlorophyll_A_001_phosphate_plate4.tif,21,1153.524,960,1520
3431,G3_01_1_1_Chlorophyll_A_001_phosphate_plate4.tif,19,1076.211,976,1328
3432,G3_01_1_1_Chlorophyll_A_001_phosphate_plate4.tif,27,1098.074,944,1376
3433,G3_01_1_1_Chlorophyll_A_001_phosphate_plate4.tif,1,976.000,976,976
3434,G3_01_1_1_Chlorophyll_A_001_phosphate_plate4.tif,1,1008.000,1008,1008
3435,G3_01_1_1_Chlorophyll_A_001_phosphate_plate4.tif,1,1072.000,1072,1072
3436,G3_01_1_1_Chlorophyll_A_001_phosphate_plate4.tif,1,1008.000,1008,1008
3437,G3_01_1_1_Chlorophyll_A_001_phosphate_plate4.tif,1,1008.000,1008,1008
3438,G3_01_1_1_Chlorophyll_A_001_phosphate_plate4.tif,1,976.000,976,976
3439,G3_01_1_1_Chlorophyll_A_001_phosphate_plate4.tif,1,976.000,976,976
3440,G3_01_1_1_Chlorophyll_A_001_phosphate_plate4.tif,1,992.000,992,992
3441,G3_01_1_1_Chlorophyll_A_001_phosphate_plate4.tif,1,992.000,992,992
3442,G3_01_1_1_Chlorophyll_A_001_phosphate_plate4.tif,1,992.000,992,992
3443,G3_01_1_1_Chlorophyll_A_001_phosphate_plate4.tif,1,992.000,992,992
3444,G3_01_1_1_Chlorophyll_A_001_phosphate_plate4.tif,1,1040.000,1040,1040
3445,G3_01_1_1_Chlorophyll_A_001_phosphate_plate4.tif,1,1056.000,1056,1056
3446,G3_01_1_1_Chlorophyll_A_001_phosphate_plate4.tif,39,1065.026,944,1328
3447,G3_01_1_1_Chlorophyll_A_001_phosphate_plate4.tif,179,2496.715,944,24800
3448,G3_01_1_1_Chlorophyll_A_001_phosphate_plate4.tif,1,1088.000,1088,1088
3449,G3_01_1_1_Chlorophyll_A_001_phosphate_plate4.tif,1,1040.000,1040,1040
3450,G3_01_1_1_Chlorophyll_A_001_phosphate_plate4.tif,2,992.000,960,1024
3451,G3_01_1_1_Chlorophyll_A_001_phosphate_plate4.tif,1,944.000,944,944
3452,G3_01_1_1_Chlorophyll_A_001_phosphate_plate4.tif,1,1040.000,1040,1040
3453,G3_01_1_1_Chlorophyll_A_001_phosphate_plate4.tif,1,1024.000,1024,1024
3454,G3_01_1_1_Chlorophyll_A_001_phosphate_plate4.tif,1,1008.000,1008,1008
3455,G3_01_1_1_Chlorophyll_A_001_phosphate_plate4.tif,1,992.000,992,992
3456,G3_01_1_1_Chlorophyll_A_001_phosphate_plate4.tif,1,944.000,944,944
3457,G3_01_1_1_Chlorophyll_A_001_phosphate_plate4.tif,1,944.000,944,944
3458,G3_01_1_1_Chlorophyll_A_001_phosphate_plate4.tif,1,1024.000,1024,1024
3459,G3_01_1_1_Chlorophyll_A_001_phosphate_plate4.tif,1,976.000,976,976
3460,G3_01_1_1_Chlorophyll_A_001_phosphate_plate4.tif,1,1040.000,1040,1040
3461,G3_01_1_1_Chlorophyll_A_001_phosphate_plate4.tif,2,976.000,944,1008
3462,G3_01_1_1_Chlorophyll_A_001_phosphate_plate4.tif,1,944.000,944,944
3463,G3_01_1_1_Chlorophyll_A_001_phosphate_plate4.tif,1,992.000,992,992
3464,G3_01_1_1_Chlorophyll_A_001_phosphate_plate4.tif,1,960.000,960,960
3465,G3_01_1_1_Chlorophyll_A_001_phosphate_plate4.tif,1,960.000,960,960
3466,G3_01_1_1_Chlorophyll_A_001_phosphate_plate4.tif,1,992.000,992,992
3467,G3_01_1_1_Chlorophyll_A_001_phosphate_plate4.tif,1,944.000,944,944
3468,G3_01_1_1_Chlorophyll_A_001_phosphate_plate4.tif,1,1008.000,1008,1008
3469,G3_01_1_1_Chlorophyll_A_001_phosphate_plate4.tif,1,992.000,992,992
3470,G3_01_1_1_Chlorophyll_A_001_phosphate_plate4.tif,2,960.000,944,976
3471,G3_01_1_1_Chlorophyll_A_001_phosphate_plate4.tif,53,1136.906,944,1408
3472,G3_01_1_1_Chlorophyll_A_001_phosphate_plate4.tif,61,1153.049,944,1568
3473,G3_01_1_1_Chlorophyll_A_001_phosphate_plate4.tif,23,1112.348,944,1424
3474,G3_01_1_1_Chlorophyll_A_001_phosphate_plate4.tif,16,1136.000,976,1408
3475,G3_01_1_1_Chlorophyll_A_001_phosphate_plate4.tif,28,1078.857,944,1456
3476,G3_01_1_1_Chlorophyll_A_001_phosphate_plate4.tif,1,1184.000,1184,1184
3477,G3_01_1_1_Chlorophyll_A_001_phosphate_plate4.tif,2,1104.000,1088,1120
3478,G3_01_1_1_Chlorophyll_A_001_phosphate_plate4.tif,1,944.000,944,944
3479,G3_01_1_1_Chlorophyll_A_001_phosphate_plate4.tif,1,960.000,960,960
3480,G3_01_1_1_Chlorophyll_A_001_phosphate_plate4.tif,7,1001.143,960,1088
3481,G3_01_1_1_Chlorophyll_A_001_phosphate_plate4.tif,1,944.000,944,944
3482,G3_01_1_1_Chlorophyll_A_001_phosphate_plate4.tif,1,1072.000,1072,1072
3483,G3_01_1_1_Chlorophyll_A_001_phosphate_plate4.tif,1,1136.000,1136,1136
3484,G3_01_1_1_Chlorophyll_A_001_phosphate_plate4.tif,1,1008.000,1008,1008
3485,G3_01_1_1_Chlorophyll_A_001_phosphate_plate4.tif,1,960.000,960,960
3486,G3_01_1_1_Chlorophyll_A_001_phosphate_plate4.tif,1,944.000,944,944
3487,G3_01_1_1_Chlorophyll_A_001_phosphate_plate4.tif,1,976.000,976,976
3488,G3_01_1_1_Chlorophyll_A_001_phosphate_plate4.tif,1,1024.000,1024,1024
3489,G3_01_1_1_Chlorophyll_A_001_phosphate_plate4.tif,1,960.000,960,960
3490,G3_01_1_1_Chlorophyll_A_001_phosphate_plate4.tif,1,1056.000,1056,1056
3491,G3_01_1_1_Chlorophyll_A_001_phosphate_plate4.tif,1,976.000,976,976
3492,G3_01_1_1_Chlorophyll_A_001_phosphate_plate4.tif,1,976.000,976,976
3493,G3_01_1_1_Chlorophyll_A_001_phosphate_plate4.tif,124,5694.194,944,32656
3494,G3_01_1_1_Chlorophyll_A_001_phosphate_plate4.tif,1,944.000,944,944
3495,G3_01_1_1_Chlorophyll_A_001_phosphate_plate4.tif,25,1172.480,976,1392
3496,G3_01_1_1_Chlorophyll_A_001_phosphate_plate4.tif,13,1142.154,960,1424
3497,G3_01_1_1_Chlorophyll_A_001_phosphate_plate4.tif,168,2542.476,944,14992
3498,G3_01_1_1_Chlorophyll_A_001_phosphate_plate4.tif,2,1040.000,976,1104
3499,G3_01_1_1_Chlorophyll_A_001_phosphate_plate4.tif,11,1029.818,960,1104
3500,G3_01_1_1_Chlorophyll_A_001_phosphate_plate4.tif,3,1072.000,976,1216
3501,G3_01_1_1_Chlorophyll_A_001_phosphate_plate4.tif,1,1008.000,1008,1008
3502,G3_01_1_1_Chlorophyll_A_001_phosphate_plate4.tif,1,944.000,944,944
3503,G3_01_1_1_Chlorophyll_A_001_phosphate_plate4.tif,1,1008.000,1008,1008
3504,G3_01_1_1_Chlorophyll_A_001_phosphate_plate4.tif,1,960.000,960,960
3505,G3_01_1_1_Chlorophyll_A_001_phosphate_plate4.tif,1,1008.000,1008,1008
3506,G3_01_1_1_Chlorophyll_A_001_phosphate_plate4.tif,1,976.000,976,976
3507,G3_01_1_1_Chlorophyll_A_001_phosphate_plate4.tif,1,960.000,960,960
3508,G3_01_1_1_Chlorophyll_A_001_phosphate_plate4.tif,1,1088.000,1088,1088
3509,G3_01_1_1_Chlorophyll_A_001_phosphate_plate4.tif,1,960.000,960,960
3510,G3_01_1_1_Chlorophyll_A_001_phosphate_plate4.tif,1,1008.000,1008,1008
3511,G3_01_1_1_Chlorophyll_A_001_phosphate_plate4.tif,1,1024.000,1024,1024
3512,G3_01_1_1_Chlorophyll_A_001_phosphate_plate4.tif,28,1102.857,960,1280
3513,G3_01_1_1_Chlorophyll_A_001_phosphate_plate4.tif,51,1080.471,944,1408
3514,G3_01_1_1_Chlorophyll_A_001_phosphate_plate4.tif,75,1127.893,944,1472
3515,G3_01_1_1_Chlorophyll_A_001_phosphate_plate4.tif,36,1125.333,960,1280
3516,G3_01_1_1_Chlorophyll_A_001_phosphate_plate4.tif,1,944.000,944,944
3517,G3_01_1_1_Chlorophyll_A_001_phosphate_plate4.tif,13,994.462,944,1120
3518,G3_01_1_1_Chlorophyll_A_001_phosphate_plate4.tif,3,970.667,960,976
3519,G3_01_1_1_Chlorophyll_A_001_phosphate_plate4.tif,2,1024.000,976,1072
3520,G3_01_1_1_Chlorophyll_A_001_phosphate_plate4.tif,3,1018.667,960,1056
3521,G3_01_1_1_Chlorophyll_A_001_phosphate_plate4.tif,1,976.000,976,976
3522,G3_01_1_1_Chlorophyll_A_001_phosphate_plate4.tif,1,992.000,992,992
3523,G3_01_1_1_Chlorophyll_A_001_phosphate_plate4.tif,1,1088.000,1088,1088
3524,G3_01_1_1_Chlorophyll_A_001_phosphate_plate4.tif,1,1088.000,1088,1088
3525,G3_01_1_1_Chlorophyll_A_001_phosphate_plate4.tif,1,960.000,960,960
3526,G3_01_1_1_Chlorophyll_A_001_phosphate_plate4.tif,4,968.000,944,976
3527,G3_01_1_1_Chlorophyll_A_001_phosphate_plate4.tif,1,1040.000,1040,1040
3528,G3_01_1_1_Chlorophyll_A_001_phosphate_plate4.tif,1,1024.000,1024,1024
3529,G3_01_1_1_Chlorophyll_A_001_phosphate_plate4.tif,1,944.000,944,944
3530,G3_01_1_1_Chlorophyll_A_001_phosphate_plate4.tif,1,960.000,960,960
3531,G3_01_1_1_Chlorophyll_A_001_phosphate_plate4.tif,1,960.000,960,960
3532,G3_01_1_1_Chlorophyll_A_001_phosphate_plate4.tif,62,3890.065,960,20192
3533,G3_01_1_1_Chlorophyll_A_001_phosphate_plate4.tif,1,976.000,976,976
3534,G3_01_1_1_Chlorophyll_A_001_phosphate_plate4.tif,24,1095.333,944,1328
3535,G3_01_1_1_Chlorophyll_A_001_phosphate_plate4.tif,51,1117.490,944,1536
3536,G3_01_1_1_Chlorophyll_A_001_phosphate_plate4.tif,47,1137.702,960,1456
3537,G3_01_1_1_Chlorophyll_A_001_phosphate_plate4.tif,28,1105.714,944,1296
3538,G3_01_1_1_Chlorophyll_A_001_phosphate_plate4.tif,34,1088.000,944,1328
3539,G3_01_1_1_Chlorophyll_A_001_phosphate_plate4.tif,2,1048.000,976,1120
3540,G3_01_1_1_Chlorophyll_A_001_phosphate_plate4.tif,1,1008.000,1008,1008
3541,G3_01_1_1_Chlorophyll_A_001_phosphate_plate4.tif,1,960.000,960,960
3542,G3_01_1_1_Chlorophyll_A_001_phosphate_plate4.tif,2,1016.000,1008,1024
3543,G3_01_1_1_Chlorophyll_A_001_phosphate_plate4.tif,3,1050.667,944,1200
3544,G3_01_1_1_Chlorophyll_A_001_phosphate_plate4.tif,1,1152.000,1152,1152
3545,G3_01_1_1_Chlorophyll_A_001_phosphate_plate4.tif,1,1040.000,1040,1040
3546,G3_01_1_1_Chlorophyll_A_001_phosphate_plate4.tif,1,944.000,944,944
3547,G3_01_1_1_Chlorophyll_A_001_phosphate_plate4.tif,5,1017.600,944,1088
3548,G3_01_1_1_Chlorophyll_A_001_phosphate_plate4.tif,1,1088.000,1088,1088
3549,G3_01_1_1_Chlorophyll_A_001_phosphate_plate4.tif,2,1008.000,944,1072
3550,G3_01_1_1_Chlorophyll_A_001_phosphate_plate4.tif,1,1056.000,1056,1056
3551,G3_01_1_1_Chlorophyll_A_001_phosphate_plate4.tif,1,976.000,976,976
3552,G3_01_1_1_Chlorophyll_A_001_phosphate_plate4.tif,2,952.000,944,960
3553,G3_01_1_1_Chlorophyll_A_001_phosphate_plate4.tif,2,1072.000,1056,1088
3554,G3_01_1_1_Chlorophyll_A_001_phosphate_plate4.tif,1,1136.000,1136,1136
3555,G3_01_1_1_Chlorophyll_A_001_phosphate_plate4.tif,1,1040.000,1040,1040
3556,G3_01_1_1_Chlorophyll_A_001_phosphate_plate4.tif,1,976.000,976,976
3557,G3_01_1_1_Chlorophyll_A_001_phosphate_plate4.tif,1,960.000,960,960
3558,G3_01_1_1_Chlorophyll_A_001_phosphate_plate4.tif,1,960.000,960,960
3559,G3_01_1_1_Chlorophyll_A_001_phosphate_plate4.tif,1,944.000,944,944
3560,G3_01_1_1_Chlorophyll_A_001_phosphate_plate4.tif,1,1008.000,1008,1008
3561,G3_01_1_1_Chlorophyll_A_001_phosphate_plate4.tif,1,1088.000,1088,1088
3562,G3_01_1_1_Chlorophyll_A_001_phosphate_plate4.tif,1,944.000,944,944
3563,G3_01_1_1_Chlorophyll_A_001_phosphate_plate4.tif,2,1032.000,944,1120
3564,G3_01_1_1_Chlorophyll_A_001_phosphate_plate4.tif,2,992.000,944,1040
3565,G3_01_1_1_Chlorophyll_A_001_phosphate_plate4.tif,3,992.000,960,1008
3566,G3_01_1_1_Chlorophyll_A_001_phosphate_plate4.tif,1,992.000,992,992
3567,G3_01_1_1_Chlorophyll_A_001_phosphate_plate4.tif,2,968.000,944,992
3568,G3_01_1_1_Chlorophyll_A_001_phosphate_plate4.tif,1,1024.000,1024,1024
3569,G3_01_1_1_Chlorophyll_A_001_phosphate_plate4.tif,1,1024.000,1024,1024
3570,G3_01_1_1_Chlorophyll_A_001_phosphate_plate4.tif,2,1000.000,992,1008
3571,G3_01_1_1_Chlorophyll_A_001_phosphate_plate4.tif,1,1024.000,1024,1024
3572,G3_01_1_1_Chlorophyll_A_001_phosphate_plate4.tif,1,1088.000,1088,1088
3573,G3_01_1_1_Chlorophyll_A_001_phosphate_plate4.tif,1,1088.000,1088,1088
3574,G3_01_1_1_Chlorophyll_A_001_phosphate_plate4.tif,1,960.000,960,960
3575,G3_01_1_1_Chlorophyll_A_001_phosphate_plate4.tif,1,976.000,976,976
3576,G3_01_1_1_Chlorophyll_A_001_phosphate_plate4.tif,1,1008.000,1008,1008
3577,G3_01_1_1_Chlorophyll_A_001_phosphate_plate4.tif,2,1016.000,960,1072
3578,G3_01_1_1_Chlorophyll_A_001_phosphate_plate4.tif,4,968.000,944,976
3579,G3_01_1_1_Chlorophyll_A_001_phosphate_plate4.tif,1,1008.000,1008,1008
3580,G3_01_1_1_Chlorophyll_A_001_phosphate_plate4.tif,1,1088.000,1088,1088
3581,G3_01_1_1_Chlorophyll_A_001_phosphate_plate4.tif,1,992.000,992,992
3582,G3_01_1_1_Chlorophyll_A_001_phosphate_plate4.tif,1,992.000,992,992
3583,G3_01_1_1_Chlorophyll_A_001_phosphate_plate4.tif,24,1122.000,960,1328
3584,G3_01_1_1_Chlorophyll_A_001_phosphate_plate4.tif,86,1160.186,944,1472
3585,G3_01_1_1_Chlorophyll_A_001_phosphate_plate4.tif,39,1099.077,944,1360
3586,G3_01_1_1_Chlorophyll_A_001_phosphate_plate4.tif,33,1109.333,944,1344
3587,G3_01_1_1_Chlorophyll_A_001_phosphate_plate4.tif,45,1108.267,944,1392
3588,G3_01_1_1_Chlorophyll_A_001_phosphate_plate4.tif,1,1104.000,1104,1104
3589,G3_01_1_1_Chlorophyll_A_001_phosphate_plate4.tif,18,1021.333,944,1248
3590,G3_01_1_1_Chlorophyll_A_001_phosphate_plate4.tif,1,1088.000,1088,1088
3591,G3_01_1_1_Chlorophyll_A_001_phosphate_plate4.tif,1,1088.000,1088,1088
3592,G3_01_1_1_Chlorophyll_A_001_phosphate_plate4.tif,1,960.000,960,960
3593,G3_01_1_1_Chlorophyll_A_001_phosphate_plate4.tif,2,1016.000,944,1088
3594,G3_01_1_1_Chlorophyll_A_001_phosphate_plate4.tif,1,1008.000,1008,1008
3595,G3_01_1_1_Chlorophyll_A_001_phosphate_plate4.tif,1,976.000,976,976
3596,G3_01_1_1_Chlorophyll_A_001_phosphate_plate4.tif,1,1072.000,1072,1072
3597,G3_01_1_1_Chlorophyll_A_001_phosphate_plate4.tif,1,944.000,944,944
3598,G3_01_1_1_Chlorophyll_A_001_phosphate_plate4.tif,1,944.000,944,944
3599,G3_01_1_1_Chlorophyll_A_001_phosphate_plate4.tif,1,944.000,944,944
3600,G3_01_1_1_Chlorophyll_A_001_phosphate_plate4.tif,1,1008.000,1008,1008
3601,G3_01_1_1_Chlorophyll_A_001_phosphate_plate4.tif,1,944.000,944,944
3602,G3_01_1_1_Chlorophyll_A_001_phosphate_plate4.tif,1,992.000,992,992
3603,G3_01_1_1_Chlorophyll_A_001_phosphate_plate4.tif,3,1136.000,1088,1232
3604,G3_01_1_1_Chlorophyll_A_001_phosphate_plate4.tif,2,984.000,960,1008
3605,G3_01_1_1_Chlorophyll_A_001_phosphate_plate4.tif,1,960.000,960,960
3606,G3_01_1_1_Chlorophyll_A_001_phosphate_plate4.tif,403,2310.988,944,27792
3607,G3_01_1_1_Chlorophyll_A_001_phosphate_plate4.tif,73,1140.384,944,1440
3608,G3_01_1_1_Chlorophyll_A_001_phosphate_plate4.tif,65,1119.015,944,1568
3609,G3_01_1_1_Chlorophyll_A_001_phosphate_plate4.tif,13,1078.154,960,1248
3610,G3_01_1_1_Chlorophyll_A_001_phosphate_plate4.tif,47,1086.638,944,1456
3611,G3_01_1_1_Chlorophyll_A_001_phosphate_plate4.tif,10,1062.400,944,1152
3612,G3_01_1_1_Chlorophyll_A_001_phosphate_plate4.tif,15,1017.600,944,1296
3613,G3_01_1_1_Chlorophyll_A_001_phosphate_plate4.tif,2,952.000,944,960
3614,G3_01_1_1_Chlorophyll_A_001_phosphate_plate4.tif,1,1056.000,1056,1056
3615,G3_01_1_1_Chlorophyll_A_001_phosphate_plate4.tif,1,944.000,944,944
3616,G3_01_1_1_Chlorophyll_A_001_phosphate_plate4.tif,4,1008.000,976,1040
3617,G3_01_1_1_Chlorophyll_A_001_phosphate_plate4.tif,1,944.000,944,944
3618,G3_01_1_1_Chlorophyll_A_001_phosphate_plate4.tif,1,976.000,976,976
3619,G3_01_1_1_Chlorophyll_A_001_phosphate_plate4.tif,1,1024.000,1024,1024
3620,G3_01_1_1_Chlorophyll_A_001_phosphate_plate4.tif,1,960.000,960,960
3621,G3_01_1_1_Chlorophyll_A_001_phosphate_plate4.tif,2,984.000,976,992
3622,G3_01_1_1_Chlorophyll_A_001_phosphate_plate4.tif,1,960.000,960,960
3623,G3_01_1_1_Chlorophyll_A_001_phosphate_plate4.tif,1,960.000,960,960
3624,G3_01_1_1_Chlorophyll_A_001_phosphate_plate4.tif,1,1024.000,1024,1024
3625,G3_01_1_1_Chlorophyll_A_001_phosphate_plate4.tif,1,1072.000,1072,1072
3626,G3_01_1_1_Chlorophyll_A_001_phosphate_plate4.tif,1,976.000,976,976
3627,G3_01_1_1_Chlorophyll_A_001_phosphate_plate4.tif,1,976.000,976,976
3628,G3_01_1_1_Chlorophyll_A_001_phosphate_plate4.tif,1,976.000,976,976
3629,G3_01_1_1_Chlorophyll_A_001_phosphate_plate4.tif,1,1104.000,1104,1104
3630,G3_01_1_1_Chlorophyll_A_001_phosphate_plate4.tif,28,1129.143,960,1392
3631,G3_01_1_1_Chlorophyll_A_001_phosphate_plate4.tif,1,1008.000,1008,1008
3632,G3_01_1_1_Chlorophyll_A_001_phosphate_plate4.tif,8,984.000,944,1040
3633,G3_01_1_1_Chlorophyll_A_001_phosphate_plate4.tif,1,1072.000,1072,1072
3634,G3_01_1_1_Chlorophyll_A_001_phosphate_plate4.tif,5,1017.600,960,1120
3635,G3_01_1_1_Chlorophyll_A_001_phosphate_plate4.tif,1,976.000,976,976
3636,G3_01_1_1_Chlorophyll_A_001_phosphate_plate4.tif,1,992.000,992,992
3637,G3_01_1_1_Chlorophyll_A_001_phosphate_plate4.tif,1,1136.000,1136,1136
3638,G3_01_1_1_Chlorophyll_A_001_phosphate_plate4.tif,1,1008.000,1008,1008
3639,G3_01_1_1_Chlorophyll_A_001_phosphate_plate4.tif,2,968.000,960,976
3640,G3_01_1_1_Chlorophyll_A_001_phosphate_plate4.tif,1,944.000,944,944
3641,G3_01_1_1_Chlorophyll_A_001_phosphate_plate4.tif,1,992.000,992,992
3642,G3_01_1_1_Chlorophyll_A_001_phosphate_plate4.tif,2,976.000,960,992
3643,G3_01_1_1_Chlorophyll_A_001_phosphate_plate4.tif,2,1008.000,992,1024
3644,G3_01_1_1_Chlorophyll_A_001_phosphate_plate4.tif,1,1072.000,1072,1072
3645,G3_01_1_1_Chlorophyll_A_001_phosphate_plate4.tif,1,1040.000,1040,1040
3646,G3_01_1_1_Chlorophyll_A_001_phosphate_plate4.tif,1,944.000,944,944
3647,G3_01_1_1_Chlorophyll_A_001_phosphate_plate4.tif,1,1008.000,1008,1008
3648,G3_01_1_1_Chlorophyll_A_001_phosphate_plate4.tif,1,944.000,944,944
3649,G3_01_1_1_Chlorophyll_A_001_phosphate_plate4.tif,1,992.000,992,992
3650,G3_01_1_1_Chlorophyll_A_001_phosphate_plate4.tif,1,960.000,960,960
3651,G3_01_1_1_Chlorophyll_A_001_phosphate_plate4.tif,1,992.000,992,992
3652,G3_01_1_1_Chlorophyll_A_001_phosphate_plate4.tif,1,944.000,944,944
3653,G3_01_1_1_Chlorophyll_A_001_phosphate_plate4.tif,1,944.000,944,944
3654,G3_01_1_1_Chlorophyll_A_001_phosphate_plate4.tif,1,976.000,976,976
3655,G3_01_1_1_Chlorophyll_A_001_phosphate_plate4.tif,7,1126.857,1008,1232
3656,G3_01_1_1_Chlorophyll_A_001_phosphate_plate4.tif,19,1116.632,992,1392
3657,G3_01_1_1_Chlorophyll_A_001_phosphate_plate4.tif,25,1061.760,944,1280
3658,G3_01_1_1_Chlorophyll_A_001_phosphate_plate4.tif,10,1006.400,944,1120
3659,G3_01_1_1_Chlorophyll_A_001_phosphate_plate4.tif,1,992.000,992,992
3660,G3_01_1_1_Chlorophyll_A_001_phosphate_plate4.tif,3,1024.000,1024,1024
3661,G3_01_1_1_Chlorophyll_A_001_phosphate_plate4.tif,1,944.000,944,944
3662,G3_01_1_1_Chlorophyll_A_001_phosphate_plate4.tif,1,992.000,992,992
3663,G3_01_1_1_Chlorophyll_A_001_phosphate_plate4.tif,1,1120.000,1120,1120
3664,G3_01_1_1_Chlorophyll_A_001_phosphate_plate4.tif,1,1008.000,1008,1008
3665,G3_01_1_1_Chlorophyll_A_001_phosphate_plate4.tif,1,1056.000,1056,1056
3666,G3_01_1_1_Chlorophyll_A_001_phosphate_plate4.tif,1,976.000,976,976
3667,G3_01_1_1_Chlorophyll_A_001_phosphate_plate4.tif,125,4748.928,944,27152
3668,G3_01_1_1_Chlorophyll_A_001_phosphate_plate4.tif,1,1104.000,1104,1104
3669,G3_01_1_1_Chlorophyll_A_001_phosphate_plate4.tif,1,960.000,960,960
3670,G3_01_1_1_Chlorophyll_A_001_phosphate_plate4.tif,1,944.000,944,944
3671,G3_01_1_1_Chlorophyll_A_001_phosphate_plate4.tif,1,960.000,960,960
3672,G3_01_1_1_Chlorophyll_A_001_phosphate_plate4.tif,1,960.000,960,960
3673,G3_01_1_1_Chlorophyll_A_001_phosphate_plate4.tif,1,976.000,976,976
3674,G3_01_1_1_Chlorophyll_A_001_phosphate_plate4.tif,1,960.000,960,960
3675,G3_01_1_1_Chlorophyll_A_001_phosphate_plate4.tif,1,1024.000,1024,1024
3676,G3_01_1_1_Chlorophyll_A_001_phosphate_plate4.tif,2,952.000,944,960
3677,G3_01_1_1_Chlorophyll_A_001_phosphate_plate4.tif,1,1104.000,1104,1104
3678,G3_01_1_1_Chlorophyll_A_001_phosphate_plate4.tif,1,1056.000,1056,1056
3679,G3_01_1_1_Chlorophyll_A_001_phosphate_plate4.tif,3,992.000,944,1024
3680,G3_01_1_1_Chlorophyll_A_001_phosphate_plate4.tif,1,1088.000,1088,1088
3681,G3_01_1_1_Chlorophyll_A_001_phosphate_plate4.tif,1,944.000,944,944
3682,G3_01_1_1_Chlorophyll_A_001_phosphate_plate4.tif,1,976.000,976,976
3683,G3_01_1_1_Chlorophyll_A_001_phosphate_plate4.tif,1,1040.000,1040,1040
3684,G3_01_1_1_Chlorophyll_A_001_phosphate_plate4.tif,1,960.000,960,960
3685,G3_01_1_1_Chlorophyll_A_001_phosphate_plate4.tif,1,944.000,944,944
3686,G3_01_1_1_Chlorophyll_A_001_phosphate_plate4.tif,1,1008.000,1008,1008
3687,G3_01_1_1_Chlorophyll_A_001_phosphate_plate4.tif,67,4314.985,944,25968
3688,G3_01_1_1_Chlorophyll_A_001_phosphate_plate4.tif,1,960.000,960,960
3689,G3_01_1_1_Chlorophyll_A_001_phosphate_plate4.tif,53,1126.340,944,1424
3690,G3_01_1_1_Chlorophyll_A_001_phosphate_plate4.tif,33,1113.212,944,1360
3691,G3_01_1_1_Chlorophyll_A_001_phosphate_plate4.tif,54,1057.185,944,1312
3692,G3_01_1_1_Chlorophyll_A_001_phosphate_plate4.tif,3,1008.000,960,1040
3693,G3_01_1_1_Chlorophyll_A_001_phosphate_plate4.tif,1,1024.000,1024,1024
3694,G3_01_1_1_Chlorophyll_A_001_phosphate_plate4.tif,2,1016.000,1008,1024
3695,G3_01_1_1_Chlorophyll_A_001_phosphate_plate4.tif,1,960.000,960,960
3696,G3_01_1_1_Chlorophyll_A_001_phosphate_plate4.tif,1,1072.000,1072,1072
3697,G3_01_1_1_Chlorophyll_A_001_phosphate_plate4.tif,1,1008.000,1008,1008
3698,G3_01_1_1_Chlorophyll_A_001_phosphate_plate4.tif,1,944.000,944,944
3699,G3_01_1_1_Chlorophyll_A_001_phosphate_plate4.tif,1,960.000,960,960
3700,G3_01_1_1_Chlorophyll_A_001_phosphate_plate4.tif,1,1072.000,1072,1072
3701,G3_01_1_1_Chlorophyll_A_001_phosphate_plate4.tif,2,1016.000,944,1088
3702,G3_01_1_1_Chlorophyll_A_001_phosphate_plate4.tif,1,1040.000,1040,1040
3703,G3_01_1_1_Chlorophyll_A_001_phosphate_plate4.tif,1,976.000,976,976
3704,G3_01_1_1_Chlorophyll_A_001_phosphate_plate4.tif,1,944.000,944,944
3705,G3_01_1_1_Chlorophyll_A_001_phosphate_plate4.tif,1,976.000,976,976
3706,G3_01_1_1_Chlorophyll_A_001_phosphate_plate4.tif,1,944.000,944,944
3707,G3_01_1_1_Chlorophyll_A_001_phosphate_plate4.tif,2,944.000,944,944
3708,G3_01_1_1_Chlorophyll_A_001_phosphate_plate4.tif,1,1120.000,1120,1120
3709,G3_01_1_1_Chlorophyll_A_001_phosphate_plate4.tif,1,1024.000,1024,1024
3710,G3_01_1_1_Chlorophyll_A_001_phosphate_plate4.tif,1,976.000,976,976
3711,G3_01_1_1_Chlorophyll_A_001_phosphate_plate4.tif,2,1024.000,960,1088
3712,G3_01_1_1_Chlorophyll_A_001_phosphate_plate4.tif,1,1072.000,1072,1072
3713,G3_01_1_1_Chlorophyll_A_001_phosphate_plate4.tif,1,976.000,976,976
3714,G3_01_1_1_Chlorophyll_A_001_phosphate_plate4.tif,1,960.000,960,960
3715,G3_01_1_1_Chlorophyll_A_001_phosphate_plate4.tif,1,1136.000,1136,1136
3716,G3_01_1_1_Chlorophyll_A_001_phosphate_plate4.tif,75,4335.147,944,30672
3717,G3_01_1_1_Chlorophyll_A_001_phosphate_plate4.tif,1,992.000,992,992
3718,G3_01_1_1_Chlorophyll_A_001_phosphate_plate4.tif,1,1008.000,1008,1008
3719,G3_01_1_1_Chlorophyll_A_001_phosphate_plate4.tif,1,992.000,992,992
3720,G3_01_1_1_Chlorophyll_A_001_phosphate_plate4.tif,248,2811.613,944,31008
3721,G3_01_1_1_Chlorophyll_A_001_phosphate_plate4.tif,1,992.000,992,992
3722,G3_01_1_1_Chlorophyll_A_001_phosphate_plate4.tif,1,1056.000,1056,1056
3723,G3_01_1_1_Chlorophyll_A_001_phosphate_plate4.tif,1,1008.000,1008,1008
3724,G3_01_1_1_Chlorophyll_A_001_phosphate_plate4.tif,1,1008.000,1008,1008
3725,G3_01_1_1_Chlorophyll_A_001_phosphate_plate4.tif,1,960.000,960,960
3726,G3_01_1_1_Chlorophyll_A_001_phosphate_plate4.tif,1,944.000,944,944
3727,G3_01_1_1_Chlorophyll_A_001_phosphate_plate4.tif,1,1040.000,1040,1040
3728,G3_01_1_1_Chlorophyll_A_001_phosphate_plate4.tif,1,992.000,992,992
3729,G3_01_1_1_Chlorophyll_A_001_phosphate_plate4.tif,1,976.000,976,976
3730,G3_01_1_1_Chlorophyll_A_001_phosphate_plate4.tif,1,1040.000,1040,1040
3731,G3_01_1_1_Chlorophyll_A_001_phosphate_plate4.tif,1,944.000,944,944
3732,G3_01_1_1_Chlorophyll_A_001_phosphate_plate4.tif,1,960.000,960,960
3733,G3_01_1_1_Chlorophyll_A_001_phosphate_plate4.tif,2,952.000,944,960
3734,G3_01_1_1_Chlorophyll_A_001_phosphate_plate4.tif,12,1168.000,1040,1360
3735,G3_01_1_1_Chlorophyll_A_001_phosphate_plate4.tif,7,1053.714,960,1152
3736,G3_01_1_1_Chlorophyll_A_001_phosphate_plate4.tif,2,1024.000,992,1056
3737,G3_01_1_1_Chlorophyll_A_001_phosphate_plate4.tif,1,1040.000,1040,1040
3738,G3_01_1_1_Chlorophyll_A_001_phosphate_plate4.tif,1,1120.000,1120,1120
3739,G3_01_1_1_Chlorophyll_A_001_phosphate_plate4.tif,1,992.000,992,992
3740,G3_01_1_1_Chlorophyll_A_001_phosphate_plate4.tif,1,976.000,976,976
3741,G3_01_1_1_Chlorophyll_A_001_phosphate_plate4.tif,1,1056.000,1056,1056
3742,G3_01_1_1_Chlorophyll_A_001_phosphate_plate4.tif,1,992.000,992,992
3743,G3_01_1_1_Chlorophyll_A_001_phosphate_plate4.tif,1,944.000,944,944
3744,G3_01_1_1_Chlorophyll_A_001_phosphate_plate4.tif,3,970.667,944,992
3745,G3_01_1_1_Chlorophyll_A_001_phosphate_plate4.tif,1,1008.000,1008,1008
3746,G3_01_1_1_Chlorophyll_A_001_phosphate_plate4.tif,1,960.000,960,960
3747,G3_01_1_1_Chlorophyll_A_001_phosphate_plate4.tif,1,944.000,944,944
3748,G3_01_1_1_Chlorophyll_A_001_phosphate_plate4.tif,1,1088.000,1088,1088
3749,G3_01_1_1_Chlorophyll_A_001_phosphate_plate4.tif,1,1024.000,1024,1024
3750,G3_01_1_1_Chlorophyll_A_001_phosphate_plate4.tif,2,992.000,960,1024
3751,G3_01_1_1_Chlorophyll_A_001_phosphate_plate4.tif,1,944.000,944,944
3752,G3_01_1_1_Chlorophyll_A_001_phosphate_plate4.tif,1,960.000,960,960
3753,G3_01_1_1_Chlorophyll_A_001_phosphate_plate4.tif,1,1008.000,1008,1008
3754,G3_01_1_1_Chlorophyll_A_001_phosphate_plate4.tif,1,992.000,992,992
3755,G3_01_1_1_Chlorophyll_A_001_phosphate_plate4.tif,1,1120.000,1120,1120
3756,G3_01_1_1_Chlorophyll_A_001_phosphate_plate4.tif,1,944.000,944,944
3757,G3_01_1_1_Chlorophyll_A_001_phosphate_plate4.tif,1,960.000,960,960
3758,G3_01_1_1_Chlorophyll_A_001_phosphate_plate4.tif,53,1128.453,944,1456
3759,G3_01_1_1_Chlorophyll_A_001_phosphate_plate4.tif,17,1164.235,944,1344
3760,G3_01_1_1_Chlorophyll_A_001_phosphate_plate4.tif,57,1072.561,944,1376
3761,G3_01_1_1_Chlorophyll_A_001_phosphate_plate4.tif,83,1082.217,944,1312
3762,G3_01_1_1_Chlorophyll_A_001_phosphate_plate4.tif,1,1152.000,1152,1152
3763,G3_01_1_1_Chlorophyll_A_001_phosphate_plate4.tif,14,1022.857,944,1184
3764,G3_01_1_1_Chlorophyll_A_001_phosphate_plate4.tif,1,1104.000,1104,1104
3765,G3_01_1_1_Chlorophyll_A_001_phosphate_plate4.tif,1,992.000,992,992
3766,G3_01_1_1_Chlorophyll_A_001_phosphate_plate4.tif,1,992.000,992,992
3767,G3_01_1_1_Chlorophyll_A_001_phosphate_plate4.tif,1,1024.000,1024,1024
3768,G3_01_1_1_Chlorophyll_A_001_phosphate_plate4.tif,3,986.667,944,1056
3769,G3_01_1_1_Chlorophyll_A_001_phosphate_plate4.tif,1,1024.000,1024,1024
3770,G3_01_1_1_Chlorophyll_A_001_phosphate_plate4.tif,1,944.000,944,944
3771,G3_01_1_1_Chlorophyll_A_001_phosphate_plate4.tif,1,944.000,944,944
3772,G3_01_1_1_Chlorophyll_A_001_phosphate_plate4.tif,1,1008.000,1008,1008
3773,G3_01_1_1_Chlorophyll_A_001_phosphate_plate4.tif,4,1048.000,960,1104
3774,G3_01_1_1_Chlorophyll_A_001_phosphate_plate4.tif,1,1104.000,1104,1104
3775,G3_01_1_1_Chlorophyll_A_001_phosphate_plate4.tif,1,960.000,960,960
3776,G3_01_1_1_Chlorophyll_A_001_phosphate_plate4.tif,1,976.000,976,976
3777,G3_01_1_1_Chlorophyll_A_001_phosphate_plate4.tif,98,5031.673,960,28208
3778,G3_01_1_1_Chlorophyll_A_001_phosphate_plate4.tif,1,944.000,944,944
3779,G3_01_1_1_Chlorophyll_A_001_phosphate_plate4.tif,1,1024.000,1024,1024
3780,G3_01_1_1_Chlorophyll_A_001_phosphate_plate4.tif,1,976.000,976,976
3781,G3_01_1_1_Chlorophyll_A_001_phosphate_plate4.tif,57,3020.351,944,12080
3782,G3_01_1_1_Chlorophyll_A_001_phosphate_plate4.tif,30,1118.400,944,1488
3783,G3_01_1_1_Chlorophyll_A_001_phosphate_plate4.tif,23,1088.000,944,1408
3784,G3_01_1_1_Chlorophyll_A_001_phosphate_plate4.tif,4,980.000,944,1008
3785,G3_01_1_1_Chlorophyll_A_001_phosphate_plate4.tif,1,1040.000,1040,1040
3786,G3_01_1_1_Chlorophyll_A_001_phosphate_plate4.tif,1,1008.000,1008,1008
3787,G3_01_1_1_Chlorophyll_A_001_phosphate_plate4.tif,1,976.000,976,976
3788,G3_01_1_1_Chlorophyll_A_001_phosphate_plate4.tif,1,944.000,944,944
3789,G3_01_1_1_Chlorophyll_A_001_phosphate_plate4.tif,1,1008.000,1008,1008
3790,G3_01_1_1_Chlorophyll_A_001_phosphate_plate4.tif,1,1104.000,1104,1104
3791,G3_01_1_1_Chlorophyll_A_001_phosphate_plate4.tif,1,960.000,960,960
3792,G3_01_1_1_Chlorophyll_A_001_phosphate_plate4.tif,1,976.000,976,976
3793,G3_01_1_1_Chlorophyll_A_001_phosphate_plate4.tif,1,976.000,976,976
3794,G3_01_1_1_Chlorophyll_A_001_phosphate_plate4.tif,1,944.000,944,944
3795,G3_01_1_1_Chlorophyll_A_001_phosphate_plate4.tif,2,1056.000,1008,1104
3796,G3_01_1_1_Chlorophyll_A_001_phosphate_plate4.tif,1,944.000,944,944
3797,G3_01_1_1_Chlorophyll_A_001_phosphate_plate4.tif,1,960.000,960,960
3798,G3_01_1_1_Chlorophyll_A_001_phosphate_plate4.tif,1,960.000,960,960
3799,G3_01_1_1_Chlorophyll_A_001_phosphate_plate4.tif,21,1152.762,944,1680
3800,G3_01_1_1_Chlorophyll_A_001_phosphate_plate4.tif,20,1153.600,976,1312
3801,G3_01_1_1_Chlorophyll_A_001_phosphate_plate4.tif,1,1104.000,1104,1104
3802,G3_01_1_1_Chlorophyll_A_001_phosphate_plate4.tif,4,992.000,944,1024
3803,G3_01_1_1_Chlorophyll_A_001_phosphate_plate4.tif,3,1008.000,960,1056
3804,G3_01_1_1_Chlorophyll_A_001_phosphate_plate4.tif,1,960.000,960,960
3805,G3_01_1_1_Chlorophyll_A_001_phosphate_plate4.tif,5,1100.800,1040,1184
3806,G3_01_1_1_Chlorophyll_A_001_phosphate_plate4.tif,1,960.000,960,960
3807,G3_01_1_1_Chlorophyll_A_001_phosphate_plate4.tif,1,992.000,992,992
3808,G3_01_1_1_Chlorophyll_A_001_phosphate_plate4.tif,2,944.000,944,944
3809,G3_01_1_1_Chlorophyll_A_001_phosphate_plate4.tif,1,944.000,944,944
3810,G3_01_1_1_Chlorophyll_A_001_phosphate_plate4.tif,6,997.333,944,1056
3811,G3_01_1_1_Chlorophyll_A_001_phosphate_plate4.tif,1,976.000,976,976
3812,G3_01_1_1_Chlorophyll_A_001_phosphate_plate4.tif,2,976.000,960,992
3813,G3_01_1_1_Chlorophyll_A_001_phosphate_plate4.tif,1,1152.000,1152,1152
3814,G3_01_1_1_Chlorophyll_A_001_phosphate_plate4.tif,1,944.000,944,944
3815,G3_01_1_1_Chlorophyll_A_001_phosphate_plate4.tif,69,3868.754,944,14400
3816,G3_01_1_1_Chlorophyll_A_001_phosphate_plate4.tif,59,1143.593,944,1552
3817,G3_01_1_1_Chlorophyll_A_001_phosphate_plate4.tif,16,1100.000,944,1424
3818,G3_01_1_1_Chlorophyll_A_001_phosphate_plate4.tif,2,960.000,960,960
3819,G3_01_1_1_Chlorophyll_A_001_phosphate_plate4.tif,1,944.000,944,944
3820,G3_01_1_1_Chlorophyll_A_001_phosphate_plate4.tif,6,1042.667,944,1216
3821,G3_01_1_1_Chlorophyll_A_001_phosphate_plate4.tif,11,1015.273,944,1216
3822,G3_01_1_1_Chlorophyll_A_001_phosphate_plate4.tif,1,976.000,976,976
3823,G3_01_1_1_Chlorophyll_A_001_phosphate_plate4.tif,1,960.000,960,960
3824,G3_01_1_1_Chlorophyll_A_001_phosphate_plate4.tif,1,960.000,960,960
3825,G3_01_1_1_Chlorophyll_A_001_phosphate_plate4.tif,1,976.000,976,976
3826,G3_01_1_1_Chlorophyll_A_001_phosphate_plate4.tif,1,1056.000,1056,1056
3827,G3_01_1_1_Chlorophyll_A_001_phosphate_plate4.tif,1,960.000,960,960
3828,G3_01_1_1_Chlorophyll_A_001_phosphate_plate4.tif,4,1040.000,944,1120
3829,G3_01_1_1_Chlorophyll_A_001_phosphate_plate4.tif,2,952.000,944,960
3830,G3_01_1_1_Chlorophyll_A_001_phosphate_plate4.tif,1,944.000,944,944
3831,G3_01_1_1_Chlorophyll_A_001_phosphate_plate4.tif,24,1142.000,976,1424
3832,G3_01_1_1_Chlorophyll_A_001_phosphate_plate4.tif,14,1145.143,960,1424
3833,G3_01_1_1_Chlorophyll_A_001_phosphate_plate4.tif,22,1120.727,944,1264
3834,G3_01_1_1_Chlorophyll_A_001_phosphate_plate4.tif,248,2274.194,960,24160
3835,G3_01_1_1_Chlorophyll_A_001_phosphate_plate4.tif,43,1096.558,944,1424
3836,G3_01_1_1_Chlorophyll_A_001_phosphate_plate4.tif,40,1088.800,944,1328
3837,G3_01_1_1_Chlorophyll_A_001_phosphate_plate4.tif,2,1032.000,1024,1040
3838,G3_01_1_1_Chlorophyll_A_001_phosphate_plate4.tif,1,960.000,960,960
3839,G3_01_1_1_Chlorophyll_A_001_phosphate_plate4.tif,1,1024.000,1024,1024
3840,G3_01_1_1_Chlorophyll_A_001_phosphate_plate4.tif,1,1008.000,1008,1008
3841,G3_01_1_1_Chlorophyll_A_001_phosphate_plate4.tif,3,997.333,944,1088
3842,G3_01_1_1_Chlorophyll_A_001_phosphate_plate4.tif,1,944.000,944,944
3843,G3_01_1_1_Chlorophyll_A_001_phosphate_plate4.tif,1,1056.000,1056,1056
3844,G3_01_1_1_Chlorophyll_A_001_phosphate_plate4.tif,1,960.000,960,960
3845,G3_01_1_1_Chlorophyll_A_001_phosphate_plate4.tif,1,960.000,960,960
3846,G3_01_1_1_Chlorophyll_A_001_phosphate_plate4.tif,1,976.000,976,976
3847,G3_01_1_1_Chlorophyll_A_001_phosphate_plate4.tif,1,960.000,960,960
3848,G3_01_1_1_Chlorophyll_A_001_phosphate_plate4.tif,1,1088.000,1088,1088
3849,G3_01_1_1_Chlorophyll_A_001_phosphate_plate4.tif,1,976.000,976,976
3850,G3_01_1_1_Chlorophyll_A_001_phosphate_plate4.tif,1,960.000,960,960
3851,G3_01_1_1_Chlorophyll_A_001_phosphate_plate4.tif,18,1136.889,944,1328
3852,G3_01_1_1_Chlorophyll_A_001_phosphate_plate4.tif,32,1187.000,944,1520
3853,G3_01_1_1_Chlorophyll_A_001_phosphate_plate4.tif,527,3205.283,944,42544
3854,G3_01_1_1_Chlorophyll_A_001_phosphate_plate4.tif,27,1109.926,944,1344
3855,G3_01_1_1_Chlorophyll_A_001_phosphate_plate4.tif,1,944.000,944,944
3856,G3_01_1_1_Chlorophyll_A_001_phosphate_plate4.tif,1,960.000,960,960
3857,G3_01_1_1_Chlorophyll_A_001_phosphate_plate4.tif,8,1006.000,944,1072
3858,G3_01_1_1_Chlorophyll_A_001_phosphate_plate4.tif,1,1024.000,1024,1024
3859,G3_01_1_1_Chlorophyll_A_001_phosphate_plate4.tif,1,1008.000,1008,1008
3860,G3_01_1_1_Chlorophyll_A_001_phosphate_plate4.tif,2,1072.000,1056,1088
3861,G3_01_1_1_Chlorophyll_A_001_phosphate_plate4.tif,1,1072.000,1072,1072
3862,G3_01_1_1_Chlorophyll_A_001_phosphate_plate4.tif,1,960.000,960,960
3863,G3_01_1_1_Chlorophyll_A_001_phosphate_plate4.tif,1,1104.000,1104,1104
3864,G3_01_1_1_Chlorophyll_A_001_phosphate_plate4.tif,419,6062.434,944,46192
3865,G3_01_1_1_Chlorophyll_A_001_phosphate_plate4.tif,1,944.000,944,944
3866,G3_01_1_1_Chlorophyll_A_001_phosphate_plate4.tif,90,4432.000,944,23808
3867,G3_01_1_1_Chlorophyll_A_001_phosphate_plate4.tif,1,944.000,944,944
3868,G3_01_1_1_Chlorophyll_A_001_phosphate_plate4.tif,1,1040.000,1040,1040
3869,G3_01_1_1_Chlorophyll_A_001_phosphate_plate4.tif,1,1072.000,1072,1072
3870,G3_01_1_1_Chlorophyll_A_001_phosphate_plate4.tif,1,1024.000,1024,1024
3871,G3_01_1_1_Chlorophyll_A_001_phosphate_plate4.tif,93,5225.118,944,33824
3872,G3_01_1_1_Chlorophyll_A_001_phosphate_plate4.tif,48,1139.333,944,1456
3873,G3_01_1_1_Chlorophyll_A_001_phosphate_plate4.tif,82,1076.683,944,1424
3874,G3_01_1_1_Chlorophyll_A_001_phosphate_plate4.tif,159,2961.509,944,25392
3875,G3_01_1_1_Chlorophyll_A_001_phosphate_plate4.tif,2,976.000,976,976
3876,G3_01_1_1_Chlorophyll_A_001_phosphate_plate4.tif,1,944.000,944,944
3877,G3_01_1_1_Chlorophyll_A_001_phosphate_plate4.tif,2,968.000,960,976
3878,G3_01_1_1_Chlorophyll_A_001_phosphate_plate4.tif,1,1008.000,1008,1008
3879,G3_01_1_1_Chlorophyll_A_001_phosphate_plate4.tif,1,944.000,944,944
3880,G3_01_1_1_Chlorophyll_A_001_phosphate_plate4.tif,1,1024.000,1024,1024
3881,G3_01_1_1_Chlorophyll_A_001_phosphate_plate4.tif,1,1008.000,1008,1008
3882,G3_01_1_1_Chlorophyll_A_001_phosphate_plate4.tif,1,944.000,944,944
3883,G3_01_1_1_Chlorophyll_A_001_phosphate_plate4.tif,1,960.000,960,960
3884,G3_01_1_1_Chlorophyll_A_001_phosphate_plate4.tif,1,1056.000,1056,1056
3885,G3_01_1_1_Chlorophyll_A_001_phosphate_plate4.tif,1,944.000,944,944
3886,G3_01_1_1_Chlorophyll_A_001_phosphate_plate4.tif,1,960.000,960,960
3887,G3_01_1_1_Chlorophyll_A_001_phosphate_plate4.tif,14,1094.857,960,1408
3888,G3_01_1_1_Chlorophyll_A_001_phosphate_plate4.tif,37,1094.486,944,1376
3889,G3_01_1_1_Chlorophyll_A_001_phosphate_plate4.tif,18,1033.778,944,1200
3890,G3_01_1_1_Chlorophyll_A_001_phosphate_plate4.tif,5,972.800,944,1056
3891,G3_01_1_1_Chlorophyll_A_001_phosphate_plate4.tif,1,1008.000,1008,1008
3892,G3_01_1_1_Chlorophyll_A_001_phosphate_plate4.tif,1,960.000,960,960
3893,G3_01_1_1_Chlorophyll_A_001_phosphate_plate4.tif,1,1040.000,1040,1040
3894,G3_01_1_1_Chlorophyll_A_001_phosphate_plate4.tif,1,960.000,960,960
3895,G3_01_1_1_Chlorophyll_A_001_phosphate_plate4.tif,109,3699.963,944,18288
3896,G3_01_1_1_Chlorophyll_A_001_phosphate_plate4.tif,1,1056.000,1056,1056
3897,G3_01_1_1_Chlorophyll_A_001_phosphate_plate4.tif,1,976.000,976,976
3898,G3_01_1_1_Chlorophyll_A_001_phosphate_plate4.tif,1,944.000,944,944
3899,G3_01_1_1_Chlorophyll_A_001_phosphate_plate4.tif,1,976.000,976,976
3900,G3_01_1_1_Chlorophyll_A_001_phosphate_plate4.tif,2,1064.000,960,1168
3901,G3_01_1_1_Chlorophyll_A_001_phosphate_plate4.tif,2,1016.000,976,1056
3902,G3_01_1_1_Chlorophyll_A_001_phosphate_plate4.tif,1,1040.000,1040,1040
3903,G3_01_1_1_Chlorophyll_A_001_phosphate_plate4.tif,2,1000.000,976,1024
3904,G3_01_1_1_Chlorophyll_A_001_phosphate_plate4.tif,1,1008.000,1008,1008
3905,G3_01_1_1_Chlorophyll_A_001_phosphate_plate4.tif,2,952.000,944,960
3906,G3_01_1_1_Chlorophyll_A_001_phosphate_plate4.tif,5,992.000,960,1040
3907,G3_01_1_1_Chlorophyll_A_001_phosphate_plate4.tif,1,992.000,992,992
3908,G3_01_1_1_Chlorophyll_A_001_phosphate_plate4.tif,1,960.000,960,960
3909,G3_01_1_1_Chlorophyll_A_001_phosphate_plate4.tif,1,960.000,960,960
3910,G3_01_1_1_Chlorophyll_A_001_phosphate_plate4.tif,1,944.000,944,944
3911,G3_01_1_1_Chlorophyll_A_001_phosphate_plate4.tif,1,944.000,944,944
3912,G3_01_1_1_Chlorophyll_A_001_phosphate_plate4.tif,83,2860.723,944,12160
3913,G3_01_1_1_Chlorophyll_A_001_phosphate_plate4.tif,1,1008.000,1008,1008
3914,G3_01_1_1_Chlorophyll_A_001_phosphate_plate4.tif,1,960.000,960,960
3915,G3_01_1_1_Chlorophyll_A_001_phosphate_plate4.tif,114,5055.860,960,27456
3916,G3_01_1_1_Chlorophyll_A_001_phosphate_plate4.tif,1,992.000,992,992
3917,G3_01_1_1_Chlorophyll_A_001_phosphate_plate4.tif,1,960.000,960,960
3918,G3_01_1_1_Chlorophyll_A_001_phosphate_plate4.tif,1,1040.000,1040,1040
3919,G3_01_1_1_Chlorophyll_A_001_phosphate_plate4.tif,4,1072.000,976,1216
3920,G3_01_1_1_Chlorophyll_A_001_phosphate_plate4.tif,16,1123.000,944,1312
3921,G3_01_1_1_Chlorophyll_A_001_phosphate_plate4.tif,25,1132.160,944,1568
3922,G3_01_1_1_Chlorophyll_A_001_phosphate_plate4.tif,1,992.000,992,992
3923,G3_01_1_1_Chlorophyll_A_001_phosphate_plate4.tif,1,1072.000,1072,1072
3924,G3_01_1_1_Chlorophyll_A_001_phosphate_plate4.tif,12,1017.333,944,1072
3925,G3_01_1_1_Chlorophyll_A_001_phosphate_plate4.tif,5,1020.800,944,1152
3926,G3_01_1_1_Chlorophyll_A_001_phosphate_plate4.tif,2,984.000,960,1008
3927,G3_01_1_1_Chlorophyll_A_001_phosphate_plate4.tif,1,1088.000,1088,1088
3928,G3_01_1_1_Chlorophyll_A_001_phosphate_plate4.tif,2,984.000,944,1024
3929,G3_01_1_1_Chlorophyll_A_001_phosphate_plate4.tif,1,1072.000,1072,1072
3930,G3_01_1_1_Chlorophyll_A_001_phosphate_plate4.tif,1,976.000,976,976
3931,G3_01_1_1_Chlorophyll_A_001_phosphate_plate4.tif,1,1072.000,1072,1072
3932,G3_01_1_1_Chlorophyll_A_001_phosphate_plate4.tif,1,1008.000,1008,1008
3933,G3_01_1_1_Chlorophyll_A_001_phosphate_plate4.tif,1,976.000,976,976
3934,G3_01_1_1_Chlorophyll_A_001_phosphate_plate4.tif,1,960.000,960,960
3935,G3_01_1_1_Chlorophyll_A_001_phosphate_plate4.tif,1,944.000,944,944
3936,G3_01_1_1_Chlorophyll_A_001_phosphate_plate4.tif,1,944.000,944,944
3937,G3_01_1_1_Chlorophyll_A_001_phosphate_plate4.tif,1,960.000,960,960
3938,G3_01_1_1_Chlorophyll_A_001_phosphate_plate4.tif,45,1149.511,944,1408
3939,G3_01_1_1_Chlorophyll_A_001_phosphate_plate4.tif,37,1126.054,976,1456
3940,G3_01_1_1_Chlorophyll_A_001_phosphate_plate4.tif,37,1085.838,944,1376
3941,G3_01_1_1_Chlorophyll_A_001_phosphate_plate4.tif,27,1063.704,944,1216
3942,G3_01_1_1_Chlorophyll_A_001_phosphate_plate4.tif,4,1024.000,960,1152
3943,G3_01_1_1_Chlorophyll_A_001_phosphate_plate4.tif,4,1012.000,944,1072
3944,G3_01_1_1_Chlorophyll_A_001_phosphate_plate4.tif,1,1008.000,1008,1008
3945,G3_01_1_1_Chlorophyll_A_001_phosphate_plate4.tif,1,944.000,944,944
3946,G3_01_1_1_Chlorophyll_A_001_phosphate_plate4.tif,1,976.000,976,976
3947,G3_01_1_1_Chlorophyll_A_001_phosphate_plate4.tif,4,1036.000,960,1184
3948,G3_01_1_1_Chlorophyll_A_001_phosphate_plate4.tif,2,976.000,944,1008
3949,G3_01_1_1_Chlorophyll_A_001_phosphate_plate4.tif,1,976.000,976,976
3950,G3_01_1_1_Chlorophyll_A_001_phosphate_plate4.tif,1,960.000,960,960
3951,G3_01_1_1_Chlorophyll_A_001_phosphate_plate4.tif,1,976.000,976,976
3952,G3_01_1_1_Chlorophyll_A_001_phosphate_plate4.tif,1,976.000,976,976
3953,G3_01_1_1_Chlorophyll_A_001_phosphate_plate4.tif,1,960.000,960,960
3954,G3_01_1_1_Chlorophyll_A_001_phosphate_plate4.tif,1,1008.000,1008,1008
3955,G3_01_1_1_Chlorophyll_A_001_phosphate_plate4.tif,1,1008.000,1008,1008
3956,G3_01_1_1_Chlorophyll_A_001_phosphate_plate4.tif,1,1024.000,1024,1024
3957,G3_01_1_1_Chlorophyll_A_001_phosphate_plate4.tif,1,992.000,992,992
3958,G3_01_1_1_Chlorophyll_A_001_phosphate_plate4.tif,2,960.000,960,960
3959,G3_01_1_1_Chlorophyll_A_001_phosphate_plate4.tif,1,944.000,944,944
3960,G3_01_1_1_Chlorophyll_A_001_phosphate_plate4.tif,1,960.000,960,960
3961,G3_01_1_1_Chlorophyll_A_001_phosphate_plate4.tif,1,1024.000,1024,1024
3962,G3_01_1_1_Chlorophyll_A_001_phosphate_plate4.tif,1,1072.000,1072,1072
3963,G3_01_1_1_Chlorophyll_A_001_phosphate_plate4.tif,110,5741.818,944,38864
3964,G3_01_1_1_Chlorophyll_A_001_phosphate_plate4.tif,62,1081.806,944,1344
3965,G3_01_1_1_Chlorophyll_A_001_phosphate_plate4.tif,340,3080.282,944,43120
3966,G3_01_1_1_Chlorophyll_A_001_phosphate_plate4.tif,1,1008.000,1008,1008
3967,G3_01_1_1_Chlorophyll_A_001_phosphate_plate4.tif,1,1024.000,1024,1024
3968,G3_01_1_1_Chlorophyll_A_001_phosphate_plate4.tif,1,944.000,944,944
3969,G3_01_1_1_Chlorophyll_A_001_phosphate_plate4.tif,1,992.000,992,992
3970,G3_01_1_1_Chlorophyll_A_001_phosphate_plate4.tif,1,944.000,944,944
3971,G3_01_1_1_Chlorophyll_A_001_phosphate_plate4.tif,1,944.000,944,944
3972,G3_01_1_1_Chlorophyll_A_001_phosphate_plate4.tif,1,944.000,944,944
3973,G3_01_1_1_Chlorophyll_A_001_phosphate_plate4.tif,1,1120.000,1120,1120
3974,G3_01_1_1_Chlorophyll_A_001_phosphate_plate4.tif,1,1008.000,1008,1008
3975,G3_01_1_1_Chlorophyll_A_001_phosphate_plate4.tif,1,960.000,960,960
3976,G3_01_1_1_Chlorophyll_A_001_phosphate_plate4.tif,1,1008.000,1008,1008
3977,G3_01_1_1_Chlorophyll_A_001_phosphate_plate4.tif,1,1024.000,1024,1024
3978,G3_01_1_1_Chlorophyll_A_001_phosphate_plate4.tif,40,1099.200,944,1376
3979,G3_01_1_1_Chlorophyll_A_001_phosphate_plate4.tif,2,1192.000,1136,1248
3980,G3_01_1_1_Chlorophyll_A_001_phosphate_plate4.tif,24,1126.667,944,1504
3981,G3_01_1_1_Chlorophyll_A_001_phosphate_plate4.tif,47,1090.043,944,1376
3982,G3_01_1_1_Chlorophyll_A_001_phosphate_plate4.tif,2,1032.000,976,1088
3983,G3_01_1_1_Chlorophyll_A_001_phosphate_plate4.tif,2,1024.000,1008,1040
3984,G3_01_1_1_Chlorophyll_A_001_phosphate_plate4.tif,1,1024.000,1024,1024
3985,G3_01_1_1_Chlorophyll_A_001_phosphate_plate4.tif,2,976.000,944,1008
3986,G3_01_1_1_Chlorophyll_A_001_phosphate_plate4.tif,2,992.000,960,1024
3987,G3_01_1_1_Chlorophyll_A_001_phosphate_plate4.tif,1,960.000,960,960
3988,G3_01_1_1_Chlorophyll_A_001_phosphate_plate4.tif,1,944.000,944,944
3989,G3_01_1_1_Chlorophyll_A_001_phosphate_plate4.tif,1,1056.000,1056,1056
3990,G3_01_1_1_Chlorophyll_A_001_phosphate_plate4.tif,35,1145.143,960,1408
3991,G3_01_1_1_Chlorophyll_A_001_phosphate_plate4.tif,29,1121.103,944,1360
3992,G3_01_1_1_Chlorophyll_A_001_phosphate_plate4.tif,24,1118.667,944,1344
3993,G3_01_1_1_Chlorophyll_A_001_phosphate_plate4.tif,47,1084.936,944,1392
3994,G3_01_1_1_Chlorophyll_A_001_phosphate_plate4.tif,1,960.000,960,960
3995,G3_01_1_1_Chlorophyll_A_001_phosphate_plate4.tif,3,1008.000,976,1040
3996,G3_01_1_1_Chlorophyll_A_001_phosphate_plate4.tif,2,1040.000,960,1120
3997,G3_01_1_1_Chlorophyll_A_001_phosphate_plate4.tif,1,960.000,960,960
3998,G3_01_1_1_Chlorophyll_A_001_phosphate_plate4.tif,5,1020.800,944,1072
3999,G3_01_1_1_Chlorophyll_A_001_phosphate_plate4.tif,1,1008.000,1008,1008
4000,G3_01_1_1_Chlorophyll_A_001_phosphate_plate4.tif,1,944.000,944,944
4001,G3_01_1_1_Chlorophyll_A_001_phosphate_plate4.tif,1,976.000,976,976
4002,G3_01_1_1_Chlorophyll_A_001_phosphate_plate4.tif,1,992.000,992,992
4003,G3_01_1_1_Chlorophyll_A_001_phosphate_plate4.tif,1,960.000,960,960
4004,G3_01_1_1_Chlorophyll_A_001_phosphate_plate4.tif,1,1024.000,1024,1024
4005,G3_01_1_1_Chlorophyll_A_001_phosphate_plate4.tif,1,944.000,944,944
4006,G3_01_1_1_Chlorophyll_A_001_phosphate_plate4.tif,1,960.000,960,960
4007,G3_01_1_1_Chlorophyll_A_001_phosphate_plate4.tif,1,960.000,960,960
4008,G3_01_1_1_Chlorophyll_A_001_phosphate_plate4.tif,1,944.000,944,944
4009,G3_01_1_1_Chlorophyll_A_001_phosphate_plate4.tif,2,952.000,944,960
4010,G3_01_1_1_Chlorophyll_A_001_phosphate_plate4.tif,1,1056.000,1056,1056
4011,G3_01_1_1_Chlorophyll_A_001_phosphate_plate4.tif,19,1149.474,960,1408
4012,G3_01_1_1_Chlorophyll_A_001_phosphate_plate4.tif,38,1126.737,960,1392
4013,G3_01_1_1_Chlorophyll_A_001_phosphate_plate4.tif,226,1755.611,944,11952
4014,G3_01_1_1_Chlorophyll_A_001_phosphate_plate4.tif,23,1083.130,944,1312
4015,G3_01_1_1_Chlorophyll_A_001_phosphate_plate4.tif,3,965.333,960,976
4016,G3_01_1_1_Chlorophyll_A_001_phosphate_plate4.tif,2,968.000,960,976
4017,G3_01_1_1_Chlorophyll_A_001_phosphate_plate4.tif,2,1040.000,960,1120
4018,G3_01_1_1_Chlorophyll_A_001_phosphate_plate4.tif,1,960.000,960,960
4019,G3_01_1_1_Chlorophyll_A_001_phosphate_plate4.tif,1,1008.000,1008,1008
4020,G3_01_1_1_Chlorophyll_A_001_phosphate_plate4.tif,1,1008.000,1008,1008
4021,G3_01_1_1_Chlorophyll_A_001_phosphate_plate4.tif,2,992.000,960,1024
4022,G3_01_1_1_Chlorophyll_A_001_phosphate_plate4.tif,1,1088.000,1088,1088
4023,G3_01_1_1_Chlorophyll_A_001_phosphate_plate4.tif,1,1008.000,1008,1008
4024,G3_01_1_1_Chlorophyll_A_001_phosphate_plate4.tif,1,944.000,944,944
4025,G3_01_1_1_Chlorophyll_A_001_phosphate_plate4.tif,29,1154.759,944,1376
4026,G3_01_1_1_Chlorophyll_A_001_phosphate_plate4.tif,32,1051.500,944,1392
4027,G3_01_1_1_Chlorophyll_A_001_phosphate_plate4.tif,1,976.000,976,976
4028,G3_01_1_1_Chlorophyll_A_001_phosphate_plate4.tif,2,952.000,944,960
4029,G3_01_1_1_Chlorophyll_A_001_phosphate_plate4.tif,1,1136.000,1136,1136
4030,G3_01_1_1_Chlorophyll_A_001_phosphate_plate4.tif,1,1008.000,1008,1008
4031,G3_01_1_1_Chlorophyll_A_001_phosphate_plate4.tif,1,1040.000,1040,1040
4032,G3_01_1_1_Chlorophyll_A_001_phosphate_plate4.tif,1,992.000,992,992
4033,G3_01_1_1_Chlorophyll_A_001_phosphate_plate4.tif,2,1024.000,944,1104
4034,G3_01_1_1_Chlorophyll_A_001_phosphate_plate4.tif,3,992.000,960,1024
4035,G3_01_1_1_Chlorophyll_A_001_phosphate_plate4.tif,1,992.000,992,992
4036,G3_01_1_1_Chlorophyll_A_001_phosphate_plate4.tif,1,992.000,992,992
4037,G3_01_1_1_Chlorophyll_A_001_phosphate_plate4.tif,1,944.000,944,944
4038,G3_01_1_1_Chlorophyll_A_001_phosphate_plate4.tif,2,1024.000,1008,1040
4039,G3_01_1_1_Chlorophyll_A_001_phosphate_plate4.tif,1,944.000,944,944
4040,G3_01_1_1_Chlorophyll_A_001_phosphate_plate4.tif,1,976.000,976,976
4041,G3_01_1_1_Chlorophyll_A_001_phosphate_plate4.tif,690,2273.113,944,28864
4042,G3_01_1_1_Chlorophyll_A_001_phosphate_plate4.tif,1,1104.000,1104,1104
4043,G3_01_1_1_Chlorophyll_A_001_phosphate_plate4.tif,4,972.000,944,1008
4044,G3_01_1_1_Chlorophyll_A_001_phosphate_plate4.tif,1,1008.000,1008,1008
4045,G3_01_1_1_Chlorophyll_A_001_phosphate_plate4.tif,2,976.000,976,976
4046,G3_01_1_1_Chlorophyll_A_001_phosphate_plate4.tif,1,976.000,976,976
4047,G3_01_1_1_Chlorophyll_A_001_phosphate_plate4.tif,131,5953.588,944,37952
4048,G3_01_1_1_Chlorophyll_A_001_phosphate_plate4.tif,93,5039.140,944,28992
4049,G3_01_1_1_Chlorophyll_A_001_phosphate_plate4.tif,1,1040.000,1040,1040
4050,G3_01_1_1_Chlorophyll_A_001_phosphate_plate4.tif,15,1054.933,944,1216
4051,G3_01_1_1_Chlorophyll_A_001_phosphate_plate4.tif,1,1040.000,1040,1040
4052,G3_01_1_1_Chlorophyll_A_001_phosphate_plate4.tif,1,1072.000,1072,1072
4053,G3_01_1_1_Chlorophyll_A_001_phosphate_plate4.tif,3,997.333,960,1056
4054,G3_01_1_1_Chlorophyll_A_001_phosphate_plate4.tif,1,944.000,944,944
4055,G3_01_1_1_Chlorophyll_A_001_phosphate_plate4.tif,1,992.000,992,992
4056,G3_01_1_1_Chlorophyll_A_001_phosphate_plate4.tif,1,1024.000,1024,1024
4057,G3_01_1_1_Chlorophyll_A_001_phosphate_plate4.tif,1,1264.000,1264,1264
4058,G3_01_1_1_Chlorophyll_A_001_phosphate_plate4.tif,1,976.000,976,976
4059,G3_01_1_1_Chlorophyll_A_001_phosphate_plate4.tif,1,1024.000,1024,1024
4060,G3_01_1_1_Chlorophyll_A_001_phosphate_plate4.tif,1,992.000,992,992
4061,G3_01_1_1_Chlorophyll_A_001_phosphate_plate4.tif,1,960.000,960,960
4062,G3_01_1_1_Chlorophyll_A_001_phosphate_plate4.tif,1,1088.000,1088,1088
4063,G3_01_1_1_Chlorophyll_A_001_phosphate_plate4.tif,1,992.000,992,992
4064,G3_01_1_1_Chlorophyll_A_001_phosphate_plate4.tif,1,960.000,960,960
4065,G3_01_1_1_Chlorophyll_A_001_phosphate_plate4.tif,1,976.000,976,976
4066,G3_01_1_1_Chlorophyll_A_001_phosphate_plate4.tif,1,944.000,944,944
4067,G3_01_1_1_Chlorophyll_A_001_phosphate_plate4.tif,1,960.000,960,960
4068,G3_01_1_1_Chlorophyll_A_001_phosphate_plate4.tif,1,944.000,944,944
4069,G3_01_1_1_Chlorophyll_A_001_phosphate_plate4.tif,1,960.000,960,960
4070,G3_01_1_1_Chlorophyll_A_001_phosphate_plate4.tif,1,944.000,944,944
4071,G3_01_1_1_Chlorophyll_A_001_phosphate_plate4.tif,72,4444.000,944,25152
4072,G3_01_1_1_Chlorophyll_A_001_phosphate_plate4.tif,30,1102.400,960,1376
4073,G3_01_1_1_Chlorophyll_A_001_phosphate_plate4.tif,53,1154.113,944,1424
4074,G3_01_1_1_Chlorophyll_A_001_phosphate_plate4.tif,32,1103.500,944,1264
4075,G3_01_1_1_Chlorophyll_A_001_phosphate_plate4.tif,40,1139.600,960,1360
4076,G3_01_1_1_Chlorophyll_A_001_phosphate_plate4.tif,14,1006.857,944,1136
4077,G3_01_1_1_Chlorophyll_A_001_phosphate_plate4.tif,4,1024.000,976,1088
4078,G3_01_1_1_Chlorophyll_A_001_phosphate_plate4.tif,1,1024.000,1024,1024
4079,G3_01_1_1_Chlorophyll_A_001_phosphate_plate4.tif,4,1036.000,944,1104
4080,G3_01_1_1_Chlorophyll_A_001_phosphate_plate4.tif,1,960.000,960,960
4081,G3_01_1_1_Chlorophyll_A_001_phosphate_plate4.tif,1,1024.000,1024,1024
4082,G3_01_1_1_Chlorophyll_A_001_phosphate_plate4.tif,1,960.000,960,960
4083,G3_01_1_1_Chlorophyll_A_001_phosphate_plate4.tif,1,976.000,976,976
4084,G3_01_1_1_Chlorophyll_A_001_phosphate_plate4.tif,27,1072.000,944,1328
4085,G3_01_1_1_Chlorophyll_A_001_phosphate_plate4.tif,1,1024.000,1024,1024
4086,G3_01_1_1_Chlorophyll_A_001_phosphate_plate4.tif,1,1120.000,1120,1120
4087,G3_01_1_1_Chlorophyll_A_001_phosphate_plate4.tif,1,1152.000,1152,1152
4088,G3_01_1_1_Chlorophyll_A_001_phosphate_plate4.tif,2,952.000,944,960
4089,G3_01_1_1_Chlorophyll_A_001_phosphate_plate4.tif,11,1031.273,944,1248
4090,G3_01_1_1_Chlorophyll_A_001_phosphate_plate4.tif,2,992.000,976,1008
4091,G3_01_1_1_Chlorophyll_A_001_phosphate_plate4.tif,1,1072.000,1072,1072
4092,G3_01_1_1_Chlorophyll_A_001_phosphate_plate4.tif,2,968.000,944,992
4093,G3_01_1_1_Chlorophyll_A_001_phosphate_plate4.tif,1,976.000,976,976
4094,G3_01_1_1_Chlorophyll_A_001_phosphate_plate4.tif,1,960.000,960,960
4095,G3_01_1_1_Chlorophyll_A_001_phosphate_plate4.tif,1,1040.000,1040,1040
4096,G3_01_1_1_Chlorophyll_A_001_phosphate_plate4.tif,1,1056.000,1056,1056
4097,G3_01_1_1_Chlorophyll_A_001_phosphate_plate4.tif,1,960.000,960,960
4098,G3_01_1_1_Chlorophyll_A_001_phosphate_plate4.tif,1,1008.000,1008,1008
4099,G3_01_1_1_Chlorophyll_A_001_phosphate_plate4.tif,1,960.000,960,960
4100,G3_01_1_1_Chlorophyll_A_001_phosphate_plate4.tif,28,1098.857,944,1472
4101,G3_01_1_1_Chlorophyll_A_001_phosphate_plate4.tif,31,1115.871,976,1264
4102,G3_01_1_1_Chlorophyll_A_001_phosphate_plate4.tif,29,1121.655,960,1360
4103,G3_01_1_1_Chlorophyll_A_001_phosphate_plate4.tif,51,1084.863,960,1360
4104,G3_01_1_1_Chlorophyll_A_001_phosphate_plate4.tif,1,960.000,960,960
4105,G3_01_1_1_Chlorophyll_A_001_phosphate_plate4.tif,1,944.000,944,944
4106,G3_01_1_1_Chlorophyll_A_001_phosphate_plate4.tif,1,960.000,960,960
4107,G3_01_1_1_Chlorophyll_A_001_phosphate_plate4.tif,1,1024.000,1024,1024
4108,G3_01_1_1_Chlorophyll_A_001_phosphate_plate4.tif,1,976.000,976,976
4109,G3_01_1_1_Chlorophyll_A_001_phosphate_plate4.tif,1,944.000,944,944
4110,G3_01_1_1_Chlorophyll_A_001_phosphate_plate4.tif,3,1008.000,944,1072
4111,G3_01_1_1_Chlorophyll_A_001_phosphate_plate4.tif,1,960.000,960,960
4112,G3_01_1_1_Chlorophyll_A_001_phosphate_plate4.tif,1,1024.000,1024,1024
4113,G3_01_1_1_Chlorophyll_A_001_phosphate_plate4.tif,1,1040.000,1040,1040
4114,G3_01_1_1_Chlorophyll_A_001_phosphate_plate4.tif,1,1040.000,1040,1040
4115,G3_01_1_1_Chlorophyll_A_001_phosphate_plate4.tif,129,4592.000,944,26048
4116,G3_01_1_1_Chlorophyll_A_001_phosphate_plate4.tif,1,976.000,976,976
4117,G3_01_1_1_Chlorophyll_A_001_phosphate_plate4.tif,1,960.000,960,960
4118,G3_01_1_1_Chlorophyll_A_001_phosphate_plate4.tif,22,1096.727,960,1376
4119,G3_01_1_1_Chlorophyll_A_001_phosphate_plate4.tif,60,1074.400,944,1344
4120,G3_01_1_1_Chlorophyll_A_001_phosphate_plate4.tif,34,1104.000,960,1408
4121,G3_01_1_1_Chlorophyll_A_001_phosphate_plate4.tif,21,1063.619,944,1264
4122,G3_01_1_1_Chlorophyll_A_001_phosphate_plate4.tif,2,1048.000,944,1152
4123,G3_01_1_1_Chlorophyll_A_001_phosphate_plate4.tif,1,960.000,960,960
4124,G3_01_1_1_Chlorophyll_A_001_phosphate_plate4.tif,4,1004.000,944,1056
4125,G3_01_1_1_Chlorophyll_A_001_phosphate_plate4.tif,1,1008.000,1008,1008
4126,G3_01_1_1_Chlorophyll_A_001_phosphate_plate4.tif,2,992.000,944,1040
4127,G3_01_1_1_Chlorophyll_A_001_phosphate_plate4.tif,3,1013.333,944,1072
4128,G3_01_1_1_Chlorophyll_A_001_phosphate_plate4.tif,1,944.000,944,944
4129,G3_01_1_1_Chlorophyll_A_001_phosphate_plate4.tif,1,960.000,960,960
4130,G3_01_1_1_Chlorophyll_A_001_phosphate_plate4.tif,1,992.000,992,992
4131,G3_01_1_1_Chlorophyll_A_001_phosphate_plate4.tif,2,1048.000,1008,1088
4132,G3_01_1_1_Chlorophyll_A_001_phosphate_plate4.tif,13,1100.308,960,1280
4133,G3_01_1_1_Chlorophyll_A_001_phosphate_plate4.tif,12,1014.667,944,1120
4134,G3_01_1_1_Chlorophyll_A_001_phosphate_plate4.tif,1,1024.000,1024,1024
4135,G3_01_1_1_Chlorophyll_A_001_phosphate_plate4.tif,2,992.000,992,992
4136,G3_01_1_1_Chlorophyll_A_001_phosphate_plate4.tif,2,968.000,960,976
4137,G3_01_1_1_Chlorophyll_A_001_phosphate_plate4.tif,1,944.000,944,944
4138,G3_01_1_1_Chlorophyll_A_001_phosphate_plate4.tif,1,1040.000,1040,1040
4139,G3_01_1_1_Chlorophyll_A_001_phosphate_plate4.tif,1,1024.000,1024,1024
4140,G3_01_1_1_Chlorophyll_A_001_phosphate_plate4.tif,1,944.000,944,944
4141,G3_01_1_1_Chlorophyll_A_001_phosphate_plate4.tif,1,960.000,960,960
4142,G3_01_1_1_Chlorophyll_A_001_phosphate_plate4.tif,1,960.000,960,960
4143,G3_01_1_1_Chlorophyll_A_001_phosphate_plate4.tif,1,976.000,976,976
4144,G3_01_1_1_Chlorophyll_A_001_phosphate_plate4.tif,1,1008.000,1008,1008
4145,G3_01_1_1_Chlorophyll_A_001_phosphate_plate4.tif,1,1024.000,1024,1024
4146,G3_01_1_1_Chlorophyll_A_001_phosphate_plate4.tif,54,1130.370,944,1504
4147,G3_01_1_1_Chlorophyll_A_001_phosphate_plate4.tif,296,2710.541,944,33184
4148,G3_01_1_1_Chlorophyll_A_001_phosphate_plate4.tif,84,1039.619,944,1264
4149,G3_01_1_1_Chlorophyll_A_001_phosphate_plate4.tif,1,960.000,960,960
4150,G3_01_1_1_Chlorophyll_A_001_phosphate_plate4.tif,1,1040.000,1040,1040
4151,G3_01_1_1_Chlorophyll_A_001_phosphate_plate4.tif,1,1008.000,1008,1008
4152,G3_01_1_1_Chlorophyll_A_001_phosphate_plate4.tif,2,984.000,976,992
4153,G3_01_1_1_Chlorophyll_A_001_phosphate_plate4.tif,1,944.000,944,944
4154,G3_01_1_1_Chlorophyll_A_001_phosphate_plate4.tif,1,944.000,944,944
4155,G3_01_1_1_Chlorophyll_A_001_phosphate_plate4.tif,1,1008.000,1008,1008
4156,G3_01_1_1_Chlorophyll_A_001_phosphate_plate4.tif,1,944.000,944,944
4157,G3_01_1_1_Chlorophyll_A_001_phosphate_plate4.tif,1,1024.000,1024,1024
4158,G3_01_1_1_Chlorophyll_A_001_phosphate_plate4.tif,1,944.000,944,944
4159,G3_01_1_1_Chlorophyll_A_001_phosphate_plate4.tif,1,1008.000,1008,1008
4160,G3_01_1_1_Chlorophyll_A_001_phosphate_plate4.tif,1,944.000,944,944
4161,G3_01_1_1_Chlorophyll_A_001_phosphate_plate4.tif,1,960.000,960,960
4162,G3_01_1_1_Chlorophyll_A_001_phosphate_plate4.tif,48,1110.333,944,1392
4163,G3_01_1_1_Chlorophyll_A_001_phosphate_plate4.tif,42,1071.238,944,1264
4164,G3_01_1_1_Chlorophyll_A_001_phosphate_plate4.tif,3,986.667,944,1056
4165,G3_01_1_1_Chlorophyll_A_001_phosphate_plate4.tif,1,976.000,976,976
4166,G3_01_1_1_Chlorophyll_A_001_phosphate_plate4.tif,1,976.000,976,976
4167,G3_01_1_1_Chlorophyll_A_001_phosphate_plate4.tif,1,1040.000,1040,1040
4168,G3_01_1_1_Chlorophyll_A_001_phosphate_plate4.tif,1,960.000,960,960
4169,G3_01_1_1_Chlorophyll_A_001_phosphate_plate4.tif,1,944.000,944,944
4170,G3_01_1_1_Chlorophyll_A_001_phosphate_plate4.tif,1,992.000,992,992
4171,G3_01_1_1_Chlorophyll_A_001_phosphate_plate4.tif,1,976.000,976,976
4172,G3_01_1_1_Chlorophyll_A_001_phosphate_plate4.tif,1,976.000,976,976
4173,G3_01_1_1_Chlorophyll_A_001_phosphate_plate4.tif,1,992.000,992,992
4174,G3_01_1_1_Chlorophyll_A_001_phosphate_plate4.tif,86,5043.349,944,27936
4175,G3_01_1_1_Chlorophyll_A_001_phosphate_plate4.tif,24,1100.000,944,1312
4176,G3_01_1_1_Chlorophyll_A_001_phosphate_plate4.tif,5,982.400,960,1040
4177,G3_01_1_1_Chlorophyll_A_001_phosphate_plate4.tif,1,1040.000,1040,1040
4178,G3_01_1_1_Chlorophyll_A_001_phosphate_plate4.tif,3,1050.667,944,1120
4179,G3_01_1_1_Chlorophyll_A_001_phosphate_plate4.tif,122,2892.984,944,22688
4180,G3_01_1_1_Chlorophyll_A_001_phosphate_plate4.tif,1,1008.000,1008,1008
4181,G3_01_1_1_Chlorophyll_A_001_phosphate_plate4.tif,1,960.000,960,960
4182,G3_01_1_1_Chlorophyll_A_001_phosphate_plate4.tif,2,1072.000,944,1200
4183,G3_01_1_1_Chlorophyll_A_001_phosphate_plate4.tif,2,960.000,944,976
4184,G3_01_1_1_Chlorophyll_A_001_phosphate_plate4.tif,1,944.000,944,944
4185,G3_01_1_1_Chlorophyll_A_001_phosphate_plate4.tif,1,976.000,976,976
4186,G3_01_1_1_Chlorophyll_A_001_phosphate_plate4.tif,1,944.000,944,944
4187,G3_01_1_1_Chlorophyll_A_001_phosphate_plate4.tif,1,944.000,944,944
4188,G3_01_1_1_Chlorophyll_A_001_phosphate_plate4.tif,20,1131.200,960,1488
4189,G3_01_1_1_Chlorophyll_A_001_phosphate_plate4.tif,18,1134.222,944,1392
4190,G3_01_1_1_Chlorophyll_A_001_phosphate_plate4.tif,29,1113.931,960,1376
4191,G3_01_1_1_Chlorophyll_A_001_phosphate_plate4.tif,2,1016.000,976,1056
4192,G3_01_1_1_Chlorophyll_A_001_phosphate_plate4.tif,1,1040.000,1040,1040
4193,G3_01_1_1_Chlorophyll_A_001_phosphate_plate4.tif,1,1072.000,1072,1072
4194,G3_01_1_1_Chlorophyll_A_001_phosphate_plate4.tif,1,1072.000,1072,1072
4195,G3_01_1_1_Chlorophyll_A_001_phosphate_plate4.tif,6,1024.000,944,1120
4196,G3_01_1_1_Chlorophyll_A_001_phosphate_plate4.tif,1,960.000,960,960
4197,G3_01_1_1_Chlorophyll_A_001_phosphate_plate4.tif,1,976.000,976,976
4198,G3_01_1_1_Chlorophyll_A_001_phosphate_plate4.tif,1,992.000,992,992
4199,G3_01_1_1_Chlorophyll_A_001_phosphate_plate4.tif,1,960.000,960,960
4200,G3_01_1_1_Chlorophyll_A_001_phosphate_plate4.tif,1,976.000,976,976
4201,G3_01_1_1_Chlorophyll_A_001_phosphate_plate4.tif,1,1088.000,1088,1088
4202,G3_01_1_1_Chlorophyll_A_001_phosphate_plate4.tif,1,976.000,976,976
4203,G3_01_1_1_Chlorophyll_A_001_phosphate_plate4.tif,29,1093.517,944,1456
4204,G3_01_1_1_Chlorophyll_A_001_phosphate_plate4.tif,46,1114.783,944,1344
4205,G3_01_1_1_Chlorophyll_A_001_phosphate_plate4.tif,188,2298.553,944,15168
4206,G3_01_1_1_Chlorophyll_A_001_phosphate_plate4.tif,6,1040.000,960,1104
4207,G3_01_1_1_Chlorophyll_A_001_phosphate_plate4.tif,3,1008.000,992,1024
4208,G3_01_1_1_Chlorophyll_A_001_phosphate_plate4.tif,1,992.000,992,992
4209,G3_01_1_1_Chlorophyll_A_001_phosphate_plate4.tif,319,2939.887,944,25920
4210,G3_01_1_1_Chlorophyll_A_001_phosphate_plate4.tif,1,960.000,960,960
4211,G3_01_1_1_Chlorophyll_A_001_phosphate_plate4.tif,1,1232.000,1232,1232
4212,G3_01_1_1_Chlorophyll_A_001_phosphate_plate4.tif,1,976.000,976,976
4213,G3_01_1_1_Chlorophyll_A_001_phosphate_plate4.tif,1,1072.000,1072,1072
4214,G3_01_1_1_Chlorophyll_A_001_phosphate_plate4.tif,1,976.000,976,976
4215,G3_01_1_1_Chlorophyll_A_001_phosphate_plate4.tif,79,4093.367,944,25712
4216,G3_01_1_1_Chlorophyll_A_001_phosphate_plate4.tif,151,6217.113,944,46176
4217,G3_01_1_1_Chlorophyll_A_001_phosphate_plate4.tif,72,3845.333,944,19872
4218,G3_01_1_1_Chlorophyll_A_001_phosphate_plate4.tif,21,1084.190,960,1232
4219,G3_01_1_1_Chlorophyll_A_001_phosphate_plate4.tif,1,1104.000,1104,1104
4220,G3_01_1_1_Chlorophyll_A_001_phosphate_plate4.tif,1,944.000,944,944
4221,G3_01_1_1_Chlorophyll_A_001_phosphate_plate4.tif,3,1008.000,976,1040
4222,G3_01_1_1_Chlorophyll_A_001_phosphate_plate4.tif,2,1024.000,992,1056
4223,G3_01_1_1_Chlorophyll_A_001_phosphate_plate4.tif,1,976.000,976,976
4224,G3_01_1_1_Chlorophyll_A_001_phosphate_plate4.tif,1,992.000,992,992
4225,G3_01_1_1_Chlorophyll_A_001_phosphate_plate4.tif,1,944.000,944,944
4226,G3_01_1_1_Chlorophyll_A_001_phosphate_plate4.tif,1,944.000,944,944
4227,G3_01_1_1_Chlorophyll_A_001_phosphate_plate4.tif,2,1024.000,976,1072
4228,G3_01_1_1_Chlorophyll_A_001_phosphate_plate4.tif,1,944.000,944,944
4229,G3_01_1_1_Chlorophyll_A_001_phosphate_plate4.tif,695,2446.688,944,31552
4230,G3_01_1_1_Chlorophyll_A_001_phosphate_plate4.tif,1,1168.000,1168,1168
4231,G3_01_1_1_Chlorophyll_A_001_phosphate_plate4.tif,5,979.200,944,992
4232,G3_01_1_1_Chlorophyll_A_001_phosphate_plate4.tif,2,984.000,944,1024
4233,G3_01_1_1_Chlorophyll_A_001_phosphate_plate4.tif,2,1032.000,976,1088
4234,G3_01_1_1_Chlorophyll_A_001_phosphate_plate4.tif,2,952.000,944,960
4235,G3_01_1_1_Chlorophyll_A_001_phosphate_plate4.tif,2,1056.000,944,1168
4236,G3_01_1_1_Chlorophyll_A_001_phosphate_plate4.tif,1,960.000,960,960
4237,G3_01_1_1_Chlorophyll_A_001_phosphate_plate4.tif,1,1024.000,1024,1024
4238,G3_01_1_1_Chlorophyll_A_001_phosphate_plate4.tif,7,1003.429,944,1056
4239,G3_01_1_1_Chlorophyll_A_001_phosphate_plate4.tif,2,1000.000,960,1040
4240,G3_01_1_1_Chlorophyll_A_001_phosphate_plate4.tif,1,1024.000,1024,1024
4241,G3_01_1_1_Chlorophyll_A_001_phosphate_plate4.tif,3,992.000,976,1024
4242,G3_01_1_1_Chlorophyll_A_001_phosphate_plate4.tif,2,1096.000,960,1232
4243,G3_01_1_1_Chlorophyll_A_001_phosphate_plate4.tif,1,944.000,944,944
4244,G3_01_1_1_Chlorophyll_A_001_phosphate_plate4.tif,1,944.000,944,944
4245,G3_01_1_1_Chlorophyll_A_001_phosphate_plate4.tif,2,976.000,976,976
4246,G3_01_1_1_Chlorophyll_A_001_phosphate_plate4.tif,1,976.000,976,976
4247,G3_01_1_1_Chlorophyll_A_001_phosphate_plate4.tif,48,1120.000,944,1376
4248,G3_01_1_1_Chlorophyll_A_001_phosphate_plate4.tif,4,1056.000,960,1264
4249,G3_01_1_1_Chlorophyll_A_001_phosphate_plate4.tif,3,981.333,960,1008
4250,G3_01_1_1_Chlorophyll_A_001_phosphate_plate4.tif,2,952.000,944,960
4251,G3_01_1_1_Chlorophyll_A_001_phosphate_plate4.tif,3,965.333,944,992
4252,G3_01_1_1_Chlorophyll_A_001_phosphate_plate4.tif,1,992.000,992,992
4253,G3_01_1_1_Chlorophyll_A_001_phosphate_plate4.tif,1,960.000,960,960
4254,G3_01_1_1_Chlorophyll_A_001_phosphate_plate4.tif,1,1056.000,1056,1056
4255,G3_01_1_1_Chlorophyll_A_001_phosphate_plate4.tif,1,944.000,944,944
4256,G3_01_1_1_Chlorophyll_A_001_phosphate_plate4.tif,1,992.000,992,992
4257,G3_01_1_1_Chlorophyll_A_001_phosphate_plate4.tif,1,1088.000,1088,1088
4258,G3_01_1_1_Chlorophyll_A_001_phosphate_plate4.tif,1,992.000,992,992
4259,G3_01_1_1_Chlorophyll_A_001_phosphate_plate4.tif,88,4386.545,944,23712
4260,G3_01_1_1_Chlorophyll_A_001_phosphate_plate4.tif,2,952.000,944,960
4261,G3_01_1_1_Chlorophyll_A_001_phosphate_plate4.tif,71,4311.887,944,27984
4262,G3_01_1_1_Chlorophyll_A_001_phosphate_plate4.tif,21,1120.762,960,1472
4263,G3_01_1_1_Chlorophyll_A_001_phosphate_plate4.tif,36,1088.000,944,1344
4264,G3_01_1_1_Chlorophyll_A_001_phosphate_plate4.tif,16,1100.000,960,1472
4265,G3_01_1_1_Chlorophyll_A_001_phosphate_plate4.tif,27,1088.000,960,1264
4266,G3_01_1_1_Chlorophyll_A_001_phosphate_plate4.tif,3,1082.667,960,1168
4267,G3_01_1_1_Chlorophyll_A_001_phosphate_plate4.tif,3,997.333,960,1056
4268,G3_01_1_1_Chlorophyll_A_001_phosphate_plate4.tif,1,1056.000,1056,1056
4269,G3_01_1_1_Chlorophyll_A_001_phosphate_plate4.tif,1,1104.000,1104,1104
4270,G3_01_1_1_Chlorophyll_A_001_phosphate_plate4.tif,1,1136.000,1136,1136
4271,G3_01_1_1_Chlorophyll_A_001_phosphate_plate4.tif,1,944.000,944,944
4272,G3_01_1_1_Chlorophyll_A_001_phosphate_plate4.tif,1,976.000,976,976
4273,G3_01_1_1_Chlorophyll_A_001_phosphate_plate4.tif,1,1040.000,1040,1040
4274,G3_01_1_1_Chlorophyll_A_001_phosphate_plate4.tif,1,1024.000,1024,1024
4275,G3_01_1_1_Chlorophyll_A_001_phosphate_plate4.tif,1,960.000,960,960
4276,G3_01_1_1_Chlorophyll_A_001_phosphate_plate4.tif,1,992.000,992,992
4277,G3_01_1_1_Chlorophyll_A_001_phosphate_plate4.tif,1,976.000,976,976
4278,G3_01_1_1_Chlorophyll_A_001_phosphate_plate4.tif,91,4599.912,960,21984
4279,G3_01_1_1_Chlorophyll_A_001_phosphate_plate4.tif,59,3864.949,944,21168
4280,G3_01_1_1_Chlorophyll_A_001_phosphate_plate4.tif,27,1062.519,944,1248
4281,G3_01_1_1_Chlorophyll_A_001_phosphate_plate4.tif,16,1087.000,960,1296
4282,G3_01_1_1_Chlorophyll_A_001_phosphate_plate4.tif,46,1092.870,944,1408
4283,G3_01_1_1_Chlorophyll_A_001_phosphate_plate4.tif,1,1120.000,1120,1120
4284,G3_01_1_1_Chlorophyll_A_001_phosphate_plate4.tif,1,1168.000,1168,1168
4285,G3_01_1_1_Chlorophyll_A_001_phosphate_plate4.tif,1,1152.000,1152,1152
4286,G3_01_1_1_Chlorophyll_A_001_phosphate_plate4.tif,1,1008.000,1008,1008
4287,G3_01_1_1_Chlorophyll_A_001_phosphate_plate4.tif,1,1104.000,1104,1104
4288,G3_01_1_1_Chlorophyll_A_001_phosphate_plate4.tif,2,1000.000,976,1024
4289,G3_01_1_1_Chlorophyll_A_001_phosphate_plate4.tif,108,4416.593,944,24640
4290,G3_01_1_1_Chlorophyll_A_001_phosphate_plate4.tif,84,3958.476,944,22016
4291,G3_01_1_1_Chlorophyll_A_001_phosphate_plate4.tif,2,960.000,960,960
4292,G3_01_1_1_Chlorophyll_A_001_phosphate_plate4.tif,1,1104.000,1104,1104
4293,G3_01_1_1_Chlorophyll_A_001_phosphate_plate4.tif,1,960.000,960,960
4294,G3_01_1_1_Chlorophyll_A_001_phosphate_plate4.tif,25,1095.680,960,1440
4295,G3_01_1_1_Chlorophyll_A_001_phosphate_plate4.tif,88,1136.727,944,1568
4296,G3_01_1_1_Chlorophyll_A_001_phosphate_plate4.tif,48,1082.333,944,1568
4297,G3_01_1_1_Chlorophyll_A_001_phosphate_plate4.tif,19,1088.000,960,1232
4298,G3_01_1_1_Chlorophyll_A_001_phosphate_plate4.tif,23,1060.174,944,1264
4299,G3_01_1_1_Chlorophyll_A_001_phosphate_plate4.tif,1,960.000,960,960
4300,G3_01_1_1_Chlorophyll_A_001_phosphate_plate4.tif,6,1002.667,944,1088
4301,G3_01_1_1_Chlorophyll_A_001_phosphate_plate4.tif,1,1024.000,1024,1024
4302,G3_01_1_1_Chlorophyll_A_001_phosphate_plate4.tif,1,992.000,992,992
4303,G3_01_1_1_Chlorophyll_A_001_phosphate_plate4.tif,1,1008.000,1008,1008
4304,G3_01_1_1_Chlorophyll_A_001_phosphate_plate4.tif,1,976.000,976,976
4305,G3_01_1_1_Chlorophyll_A_001_phosphate_plate4.tif,1,992.000,992,992
4306,G3_01_1_1_Chlorophyll_A_001_phosphate_plate4.tif,97,4814.186,944,31376
4307,G3_01_1_1_Chlorophyll_A_001_phosphate_plate4.tif,1,1056.000,1056,1056
4308,G3_01_1_1_Chlorophyll_A_001_phosphate_plate4.tif,112,5129.571,944,27152
4309,G3_01_1_1_Chlorophyll_A_001_phosphate_plate4.tif,37,1100.108,944,1408
4310,G3_01_1_1_Chlorophyll_A_001_phosphate_plate4.tif,73,1121.534,944,1376
4311,G3_01_1_1_Chlorophyll_A_001_phosphate_plate4.tif,2,1032.000,960,1104
4312,G3_01_1_1_Chlorophyll_A_001_phosphate_plate4.tif,1,976.000,976,976
4313,G3_01_1_1_Chlorophyll_A_001_phosphate_plate4.tif,4,1108.000,1008,1232
4314,G3_01_1_1_Chlorophyll_A_001_phosphate_plate4.tif,2,1016.000,976,1056
4315,G3_01_1_1_Chlorophyll_A_001_phosphate_plate4.tif,1,976.000,976,976
4316,G3_01_1_1_Chlorophyll_A_001_phosphate_plate4.tif,1,976.000,976,976
4317,G3_01_1_1_Chlorophyll_A_001_phosphate_plate4.tif,1,960.000,960,960
4318,G3_01_1_1_Chlorophyll_A_001_phosphate_plate4.tif,1,944.000,944,944
4319,G3_01_1_1_Chlorophyll_A_001_phosphate_plate4.tif,1,976.000,976,976
4320,G3_01_1_1_Chlorophyll_A_001_phosphate_plate4.tif,1,944.000,944,944
4321,G3_01_1_1_Chlorophyll_A_001_phosphate_plate4.tif,1,960.000,960,960
4322,G3_01_1_1_Chlorophyll_A_001_phosphate_plate4.tif,1,976.000,976,976
4323,G3_01_1_1_Chlorophyll_A_001_phosphate_plate4.tif,1,1024.000,1024,1024
4324,G3_01_1_1_Chlorophyll_A_001_phosphate_plate4.tif,1,944.000,944,944
4325,G3_01_1_1_Chlorophyll_A_001_phosphate_plate4.tif,1,1024.000,1024,1024
4326,G3_01_1_1_Chlorophyll_A_001_phosphate_plate4.tif,53,1090.415,944,1488
4327,G3_01_1_1_Chlorophyll_A_001_phosphate_plate4.tif,118,2134.915,944,12992
4328,G3_01_1_1_Chlorophyll_A_001_phosphate_plate4.tif,1,960.000,960,960
4329,G3_01_1_1_Chlorophyll_A_001_phosphate_plate4.tif,1,992.000,992,992
4330,G3_01_1_1_Chlorophyll_A_001_phosphate_plate4.tif,2,992.000,992,992
4331,G3_01_1_1_Chlorophyll_A_001_phosphate_plate4.tif,1,976.000,976,976
4332,G3_01_1_1_Chlorophyll_A_001_phosphate_plate4.tif,1,1040.000,1040,1040
4333,G3_01_1_1_Chlorophyll_A_001_phosphate_plate4.tif,20,1118.400,944,1296
4334,G3_01_1_1_Chlorophyll_A_001_phosphate_plate4.tif,29,1108.414,944,1408
4335,G3_01_1_1_Chlorophyll_A_001_phosphate_plate4.tif,23,1090.783,944,1264
4336,G3_01_1_1_Chlorophyll_A_001_phosphate_plate4.tif,2,992.000,976,1008
4337,G3_01_1_1_Chlorophyll_A_001_phosphate_plate4.tif,1,944.000,944,944
4338,G3_01_1_1_Chlorophyll_A_001_phosphate_plate4.tif,2,976.000,976,976
4339,G3_01_1_1_Chlorophyll_A_001_phosphate_plate4.tif,1,1072.000,1072,1072
4340,G3_01_1_1_Chlorophyll_A_001_phosphate_plate4.tif,1,992.000,992,992
4341,G3_01_1_1_Chlorophyll_A_001_phosphate_plate4.tif,98,4939.429,944,30336
4342,G3_01_1_1_Chlorophyll_A_001_phosphate_plate4.tif,1,976.000,976,976
4343,G3_01_1_1_Chlorophyll_A_001_phosphate_plate4.tif,1,960.000,960,960
4344,G3_01_1_1_Chlorophyll_A_001_phosphate_plate4.tif,1,1008.000,1008,1008
4345,G3_01_1_1_Chlorophyll_A_001_phosphate_plate4.tif,1,1072.000,1072,1072
4346,G3_01_1_1_Chlorophyll_A_001_phosphate_plate4.tif,21,1107.810,944,1344
4347,G3_01_1_1_Chlorophyll_A_001_phosphate_plate4.tif,4,1060.000,1008,1184
4348,G3_01_1_1_Chlorophyll_A_001_phosphate_plate4.tif,407,2189.759,944,26112
4349,G3_01_1_1_Chlorophyll_A_001_phosphate_plate4.tif,1,992.000,992,992
4350,G3_01_1_1_Chlorophyll_A_001_phosphate_plate4.tif,1,1008.000,1008,1008
4351,G3_01_1_1_Chlorophyll_A_001_phosphate_plate4.tif,1,944.000,944,944
4352,G3_01_1_1_Chlorophyll_A_001_phosphate_plate4.tif,2,992.000,944,1040
4353,G3_01_1_1_Chlorophyll_A_001_phosphate_plate4.tif,1,1008.000,1008,1008
4354,G3_01_1_1_Chlorophyll_A_001_phosphate_plate4.tif,2,952.000,944,960
4355,G3_01_1_1_Chlorophyll_A_001_phosphate_plate4.tif,2,968.000,960,976
4356,G3_01_1_1_Chlorophyll_A_001_phosphate_plate4.tif,1,992.000,992,992
4357,G3_01_1_1_Chlorophyll_A_001_phosphate_plate4.tif,1,976.000,976,976
4358,G3_01_1_1_Chlorophyll_A_001_phosphate_plate4.tif,1,960.000,960,960
4359,G3_01_1_1_Chlorophyll_A_001_phosphate_plate4.tif,1,1040.000,1040,1040
4360,G3_01_1_1_Chlorophyll_A_001_phosphate_plate4.tif,1,944.000,944,944
4361,G3_01_1_1_Chlorophyll_A_001_phosphate_plate4.tif,1,992.000,992,992
4362,G3_01_1_1_Chlorophyll_A_001_phosphate_plate4.tif,1,976.000,976,976
4363,G3_01_1_1_Chlorophyll_A_001_phosphate_plate4.tif,1,960.000,960,960
4364,G3_01_1_1_Chlorophyll_A_001_phosphate_plate4.tif,69,3578.435,944,18384
4365,G3_01_1_1_Chlorophyll_A_001_phosphate_plate4.tif,1,1008.000,1008,1008
4366,G3_01_1_1_Chlorophyll_A_001_phosphate_plate4.tif,1,960.000,960,960
4367,G3_01_1_1_Chlorophyll_A_001_phosphate_plate4.tif,82,5033.366,960,28160
4368,G3_01_1_1_Chlorophyll_A_001_phosphate_plate4.tif,19,1123.368,944,1312
4369,G3_01_1_1_Chlorophyll_A_001_phosphate_plate4.tif,29,1066.483,944,1280
4370,G3_01_1_1_Chlorophyll_A_001_phosphate_plate4.tif,3,1109.333,1024,1168
4371,G3_01_1_1_Chlorophyll_A_001_phosphate_plate4.tif,1,960.000,960,960
4372,G3_01_1_1_Chlorophyll_A_001_phosphate_plate4.tif,3,960.000,944,976
4373,G3_01_1_1_Chlorophyll_A_001_phosphate_plate4.tif,1,1008.000,1008,1008
4374,G3_01_1_1_Chlorophyll_A_001_phosphate_plate4.tif,1,1088.000,1088,1088
4375,G3_01_1_1_Chlorophyll_A_001_phosphate_plate4.tif,18,1070.222,944,1200
4376,G3_01_1_1_Chlorophyll_A_001_phosphate_plate4.tif,18,1122.667,960,1424
4377,G3_01_1_1_Chlorophyll_A_001_phosphate_plate4.tif,1,976.000,976,976
4378,G3_01_1_1_Chlorophyll_A_001_phosphate_plate4.tif,1,1024.000,1024,1024
4379,G3_01_1_1_Chlorophyll_A_001_phosphate_plate4.tif,2,968.000,944,992
4380,G3_01_1_1_Chlorophyll_A_001_phosphate_plate4.tif,1,944.000,944,944
4381,G3_01_1_1_Chlorophyll_A_001_phosphate_plate4.tif,2,968.000,960,976
4382,G3_01_1_1_Chlorophyll_A_001_phosphate_plate4.tif,2,992.000,960,1024
4383,G3_01_1_1_Chlorophyll_A_001_phosphate_plate4.tif,1,1152.000,1152,1152
4384,G3_01_1_1_Chlorophyll_A_001_phosphate_plate4.tif,1,944.000,944,944
4385,G3_01_1_1_Chlorophyll_A_001_phosphate_plate4.tif,1,992.000,992,992
4386,G3_01_1_1_Chlorophyll_A_001_phosphate_plate4.tif,456,5306.386,944,46640
4387,G3_01_1_1_Chlorophyll_A_001_phosphate_plate4.tif,1,976.000,976,976
4388,G3_01_1_1_Chlorophyll_A_001_phosphate_plate4.tif,1,960.000,960,960
4389,G3_01_1_1_Chlorophyll_A_001_phosphate_plate4.tif,1,944.000,944,944
4390,G3_01_1_1_Chlorophyll_A_001_phosphate_plate4.tif,1,1024.000,1024,1024
4391,G3_01_1_1_Chlorophyll_A_001_phosphate_plate4.tif,1,1024.000,1024,1024
4392,G3_01_1_1_Chlorophyll_A_001_phosphate_plate4.tif,10,1073.600,976,1296
4393,G3_01_1_1_Chlorophyll_A_001_phosphate_plate4.tif,1,1072.000,1072,1072
4394,G3_01_1_1_Chlorophyll_A_001_phosphate_plate4.tif,1,960.000,960,960
4395,G3_01_1_1_Chlorophyll_A_001_phosphate_plate4.tif,1,1024.000,1024,1024
4396,G3_01_1_1_Chlorophyll_A_001_phosphate_plate4.tif,1,1024.000,1024,1024
4397,G3_01_1_1_Chlorophyll_A_001_phosphate_plate4.tif,2,992.000,960,1024
4398,G3_01_1_1_Chlorophyll_A_001_phosphate_plate4.tif,1,1040.000,1040,1040
4399,G3_01_1_1_Chlorophyll_A_001_phosphate_plate4.tif,1,960.000,960,960
4400,G3_01_1_1_Chlorophyll_A_001_phosphate_plate4.tif,1,1024.000,1024,1024
4401,G3_01_1_1_Chlorophyll_A_001_phosphate_plate4.tif,1,1040.000,1040,1040
4402,G3_01_1_1_Chlorophyll_A_001_phosphate_plate4.tif,1,992.000,992,992
4403,G3_01_1_1_Chlorophyll_A_001_phosphate_plate4.tif,1,944.000,944,944
4404,G3_01_1_1_Chlorophyll_A_001_phosphate_plate4.tif,87,4067.862,944,23696
4405,G3_01_1_1_Chlorophyll_A_001_phosphate_plate4.tif,1,944.000,944,944
4406,G3_01_1_1_Chlorophyll_A_001_phosphate_plate4.tif,1,992.000,992,992
4407,G3_01_1_1_Chlorophyll_A_001_phosphate_plate4.tif,1,976.000,976,976
4408,G3_01_1_1_Chlorophyll_A_001_phosphate_plate4.tif,1,1024.000,1024,1024
4409,G3_01_1_1_Chlorophyll_A_001_phosphate_plate4.tif,298,2059.544,944,27792
4410,G3_01_1_1_Chlorophyll_A_001_phosphate_plate4.tif,2,968.000,944,992
4411,G3_01_1_1_Chlorophyll_A_001_phosphate_plate4.tif,1,992.000,992,992
4412,G3_01_1_1_Chlorophyll_A_001_phosphate_plate4.tif,1,960.000,960,960
4413,G3_01_1_1_Chlorophyll_A_001_phosphate_plate4.tif,1,960.000,960,960
4414,G3_01_1_1_Chlorophyll_A_001_phosphate_plate4.tif,10,1051.200,976,1200
4415,G3_01_1_1_Chlorophyll_A_001_phosphate_plate4.tif,2,976.000,944,1008
4416,G3_01_1_1_Chlorophyll_A_001_phosphate_plate4.tif,1,960.000,960,960
4417,G3_01_1_1_Chlorophyll_A_001_phosphate_plate4.tif,1,1040.000,1040,1040
4418,G3_01_1_1_Chlorophyll_A_001_phosphate_plate4.tif,1,960.000,960,960
4419,G3_01_1_1_Chlorophyll_A_001_phosphate_plate4.tif,1,944.000,944,944
4420,G3_01_1_1_Chlorophyll_A_001_phosphate_plate4.tif,1,960.000,960,960
4421,G3_01_1_1_Chlorophyll_A_001_phosphate_plate4.tif,1,1024.000,1024,1024
4422,G3_01_1_1_Chlorophyll_A_001_phosphate_plate4.tif,1,960.000,960,960
4423,G3_01_1_1_Chlorophyll_A_001_phosphate_plate4.tif,35,1121.829,944,1408
4424,G3_01_1_1_Chlorophyll_A_001_phosphate_plate4.tif,26,1087.385,944,1296
4425,G3_01_1_1_Chlorophyll_A_001_phosphate_plate4.tif,56,1096.857,944,1440
4426,G3_01_1_1_Chlorophyll_A_001_phosphate_plate4.tif,1,944.000,944,944
4427,G3_01_1_1_Chlorophyll_A_001_phosphate_plate4.tif,2,1008.000,1008,1008
4428,G3_01_1_1_Chlorophyll_A_001_phosphate_plate4.tif,2,1008.000,960,1056
4429,G3_01_1_1_Chlorophyll_A_001_phosphate_plate4.tif,3,965.333,944,992
4430,G3_01_1_1_Chlorophyll_A_001_phosphate_plate4.tif,2,1072.000,944,1200
4431,G3_01_1_1_Chlorophyll_A_001_phosphate_plate4.tif,1,960.000,960,960
4432,G3_01_1_1_Chlorophyll_A_001_phosphate_plate4.tif,1,1024.000,1024,1024
4433,G3_01_1_1_Chlorophyll_A_001_phosphate_plate4.tif,1,1056.000,1056,1056
4434,G3_01_1_1_Chlorophyll_A_001_phosphate_plate4.tif,1,1088.000,1088,1088
4435,G3_01_1_1_Chlorophyll_A_001_phosphate_plate4.tif,1,960.000,960,960
4436,G3_01_1_1_Chlorophyll_A_001_phosphate_plate4.tif,1,944.000,944,944
4437,G3_01_1_1_Chlorophyll_A_001_phosphate_plate4.tif,1,976.000,976,976
4438,G3_01_1_1_Chlorophyll_A_001_phosphate_plate4.tif,1,960.000,960,960
4439,G3_01_1_1_Chlorophyll_A_001_phosphate_plate4.tif,8,1056.000,944,1184
4440,G3_01_1_1_Chlorophyll_A_001_phosphate_plate4.tif,1,1008.000,1008,1008
4441,G3_01_1_1_Chlorophyll_A_001_phosphate_plate4.tif,1,1088.000,1088,1088
4442,G3_01_1_1_Chlorophyll_A_001_phosphate_plate4.tif,1,1024.000,1024,1024
4443,G3_01_1_1_Chlorophyll_A_001_phosphate_plate4.tif,1,960.000,960,960
4444,G3_01_1_1_Chlorophyll_A_001_phosphate_plate4.tif,3,986.667,960,1040
4445,G3_01_1_1_Chlorophyll_A_001_phosphate_plate4.tif,2,1040.000,1024,1056
4446,G3_01_1_1_Chlorophyll_A_001_phosphate_plate4.tif,1,992.000,992,992
4447,G3_01_1_1_Chlorophyll_A_001_phosphate_plate4.tif,1,1152.000,1152,1152
4448,G3_01_1_1_Chlorophyll_A_001_phosphate_plate4.tif,1,944.000,944,944
4449,G3_01_1_1_Chlorophyll_A_001_phosphate_plate4.tif,1,960.000,960,960
4450,G3_01_1_1_Chlorophyll_A_001_phosphate_plate4.tif,1,960.000,960,960
4451,G3_01_1_1_Chlorophyll_A_001_phosphate_plate4.tif,1,960.000,960,960
4452,G3_01_1_1_Chlorophyll_A_001_phosphate_plate4.tif,1,976.000,976,976
4453,G3_01_1_1_Chlorophyll_A_001_phosphate_plate4.tif,1,976.000,976,976
4454,G3_01_1_1_Chlorophyll_A_001_phosphate_plate4.tif,1,992.000,992,992
4455,G3_01_1_1_Chlorophyll_A_001_phosphate_plate4.tif,21,1075.810,944,1328
4456,G3_01_1_1_Chlorophyll_A_001_phosphate_plate4.tif,43,1126.698,944,1408
4457,G3_01_1_1_Chlorophyll_A_001_phosphate_plate4.tif,25,1141.120,944,1472
4458,G3_01_1_1_Chlorophyll_A_001_phosphate_plate4.tif,50,1096.640,944,1296
4459,G3_01_1_1_Chlorophyll_A_001_phosphate_plate4.tif,9,1064.889,960,1216
4460,G3_01_1_1_Chlorophyll_A_001_phosphate_plate4.tif,310,1697.755,944,11488
4461,G3_01_1_1_Chlorophyll_A_001_phosphate_plate4.tif,62,1053.419,944,1408
4462,G3_01_1_1_Chlorophyll_A_001_phosphate_plate4.tif,40,1090.400,944,1280
4463,G3_01_1_1_Chlorophyll_A_001_phosphate_plate4.tif,8,1052.000,976,1232
4464,G3_01_1_1_Chlorophyll_A_001_phosphate_plate4.tif,1,976.000,976,976
4465,G3_01_1_1_Chlorophyll_A_001_phosphate_plate4.tif,1,976.000,976,976
4466,G3_01_1_1_Chlorophyll_A_001_phosphate_plate4.tif,1,960.000,960,960
4467,G3_01_1_1_Chlorophyll_A_001_phosphate_plate4.tif,2,976.000,944,1008
4468,G3_01_1_1_Chlorophyll_A_001_phosphate_plate4.tif,1,976.000,976,976
4469,G3_01_1_1_Chlorophyll_A_001_phosphate_plate4.tif,94,4588.255,944,34848
4470,G3_01_1_1_Chlorophyll_A_001_phosphate_plate4.tif,23,1155.478,992,1360
4471,G3_01_1_1_Chlorophyll_A_001_phosphate_plate4.tif,10,1105.600,944,1312
4472,G3_01_1_1_Chlorophyll_A_001_phosphate_plate4.tif,30,1128.533,944,1456
4473,G3_01_1_1_Chlorophyll_A_001_phosphate_plate4.tif,15,1122.133,960,1328
4474,G3_01_1_1_Chlorophyll_A_001_phosphate_plate4.tif,26,1057.846,944,1248
4475,G3_01_1_1_Chlorophyll_A_001_phosphate_plate4.tif,9,1063.111,960,1264
4476,G3_01_1_1_Chlorophyll_A_001_phosphate_plate4.tif,1,976.000,976,976
4477,G3_01_1_1_Chlorophyll_A_001_phosphate_plate4.tif,114,3110.737,944,20944
4478,G3_01_1_1_Chlorophyll_A_001_phosphate_plate4.tif,1,944.000,944,944
4479,G3_01_1_1_Chlorophyll_A_001_phosphate_plate4.tif,1,960.000,960,960
4480,G3_01_1_1_Chlorophyll_A_001_phosphate_plate4.tif,1,1008.000,1008,1008
4481,G3_01_1_1_Chlorophyll_A_001_phosphate_plate4.tif,3,970.667,960,976
4482,G3_01_1_1_Chlorophyll_A_001_phosphate_plate4.tif,1,1008.000,1008,1008
4483,G3_01_1_1_Chlorophyll_A_001_phosphate_plate4.tif,1,1040.000,1040,1040
4484,G3_01_1_1_Chlorophyll_A_001_phosphate_plate4.tif,1,992.000,992,992
4485,G3_01_1_1_Chlorophyll_A_001_phosphate_plate4.tif,1,1056.000,1056,1056
4486,G3_01_1_1_Chlorophyll_A_001_phosphate_plate4.tif,1,960.000,960,960
4487,G3_01_1_1_Chlorophyll_A_001_phosphate_plate4.tif,1,1008.000,1008,1008
4488,G3_01_1_1_Chlorophyll_A_001_phosphate_plate4.tif,1,1136.000,1136,1136
4489,G3_01_1_1_Chlorophyll_A_001_phosphate_plate4.tif,1,1056.000,1056,1056
4490,G3_01_1_1_Chlorophyll_A_001_phosphate_plate4.tif,2,992.000,944,1040
4491,G3_01_1_1_Chlorophyll_A_001_phosphate_plate4.tif,60,4114.400,944,17504
4492,G3_01_1_1_Chlorophyll_A_001_phosphate_plate4.tif,1,992.000,992,992
4493,G3_01_1_1_Chlorophyll_A_001_phosphate_plate4.tif,1,976.000,976,976
4494,G3_01_1_1_Chlorophyll_A_001_phosphate_plate4.tif,20,1114.400,944,1344
4495,G3_01_1_1_Chlorophyll_A_001_phosphate_plate4.tif,55,1096.727,944,1440
4496,G3_01_1_1_Chlorophyll_A_001_phosphate_plate4.tif,33,1164.606,944,1344
4497,G3_01_1_1_Chlorophyll_A_001_phosphate_plate4.tif,32,1096.000,944,1440
4498,G3_01_1_1_Chlorophyll_A_001_phosphate_plate4.tif,3,1077.333,944,1312
4499,G3_01_1_1_Chlorophyll_A_001_phosphate_plate4.tif,1,1040.000,1040,1040
4500,G3_01_1_1_Chlorophyll_A_001_phosphate_plate4.tif,1,1008.000,1008,1008
4501,G3_01_1_1_Chlorophyll_A_001_phosphate_plate4.tif,1,960.000,960,960
4502,G3_01_1_1_Chlorophyll_A_001_phosphate_plate4.tif,1,944.000,944,944
4503,G3_01_1_1_Chlorophyll_A_001_phosphate_plate4.tif,2,968.000,960,976
4504,G3_01_1_1_Chlorophyll_A_001_phosphate_plate4.tif,3,1013.333,960,1056
4505,G3_01_1_1_Chlorophyll_A_001_phosphate_plate4.tif,1,1024.000,1024,1024
4506,G3_01_1_1_Chlorophyll_A_001_phosphate_plate4.tif,1,944.000,944,944
4507,G3_01_1_1_Chlorophyll_A_001_phosphate_plate4.tif,1,1040.000,1040,1040
4508,G3_01_1_1_Chlorophyll_A_001_phosphate_plate4.tif,1,944.000,944,944
4509,G3_01_1_1_Chlorophyll_A_001_phosphate_plate4.tif,1,960.000,960,960
4510,G3_01_1_1_Chlorophyll_A_001_phosphate_plate4.tif,1,960.000,960,960
4511,G3_01_1_1_Chlorophyll_A_001_phosphate_plate4.tif,1,960.000,960,960
4512,G3_01_1_1_Chlorophyll_A_001_phosphate_plate4.tif,113,3853.451,944,27936
4513,G3_01_1_1_Chlorophyll_A_001_phosphate_plate4.tif,1,944.000,944,944
4514,G3_01_1_1_Chlorophyll_A_001_phosphate_plate4.tif,2,1008.000,976,1040
4515,G3_01_1_1_Chlorophyll_A_001_phosphate_plate4.tif,2,952.000,944,960
4516,G3_01_1_1_Chlorophyll_A_001_phosphate_plate4.tif,1,992.000,992,992
4517,G3_01_1_1_Chlorophyll_A_001_phosphate_plate4.tif,1,960.000,960,960
4518,G3_01_1_1_Chlorophyll_A_001_phosphate_plate4.tif,1,944.000,944,944
4519,G3_01_1_1_Chlorophyll_A_001_phosphate_plate4.tif,1,944.000,944,944
4520,G3_01_1_1_Chlorophyll_A_001_phosphate_plate4.tif,2,1032.000,976,1088
4521,G3_01_1_1_Chlorophyll_A_001_phosphate_plate4.tif,1,944.000,944,944
4522,G3_01_1_1_Chlorophyll_A_001_phosphate_plate4.tif,1,976.000,976,976
4523,G3_01_1_1_Chlorophyll_A_001_phosphate_plate4.tif,1,944.000,944,944
4524,G3_01_1_1_Chlorophyll_A_001_phosphate_plate4.tif,1,976.000,976,976
4525,G3_01_1_1_Chlorophyll_A_001_phosphate_plate4.tif,50,1131.840,976,1360
4526,G3_01_1_1_Chlorophyll_A_001_phosphate_plate4.tif,14,1187.429,976,1472
4527,G3_01_1_1_Chlorophyll_A_001_phosphate_plate4.tif,23,1090.783,944,1312
4528,G3_01_1_1_Chlorophyll_A_001_phosphate_plate4.tif,26,1062.154,944,1344
4529,G3_01_1_1_Chlorophyll_A_001_phosphate_plate4.tif,1,1040.000,1040,1040
4530,G3_01_1_1_Chlorophyll_A_001_phosphate_plate4.tif,1,976.000,976,976
4531,G3_01_1_1_Chlorophyll_A_001_phosphate_plate4.tif,2,1008.000,944,1072
4532,G3_01_1_1_Chlorophyll_A_001_phosphate_plate4.tif,1,960.000,960,960
4533,G3_01_1_1_Chlorophyll_A_001_phosphate_plate4.tif,1,960.000,960,960
4534,G3_01_1_1_Chlorophyll_A_001_phosphate_plate4.tif,1,1024.000,1024,1024
4535,G3_01_1_1_Chlorophyll_A_001_phosphate_plate4.tif,1,1056.000,1056,1056
4536,G3_01_1_1_Chlorophyll_A_001_phosphate_plate4.tif,1,1120.000,1120,1120
4537,G3_01_1_1_Chlorophyll_A_001_phosphate_plate4.tif,1,976.000,976,976
4538,G3_01_1_1_Chlorophyll_A_001_phosphate_plate4.tif,84,3988.381,944,16592
4539,G3_01_1_1_Chlorophyll_A_001_phosphate_plate4.tif,1,944.000,944,944
4540,G3_01_1_1_Chlorophyll_A_001_phosphate_plate4.tif,1,1024.000,1024,1024
4541,G3_01_1_1_Chlorophyll_A_001_phosphate_plate4.tif,1,976.000,976,976
4542,G3_01_1_1_Chlorophyll_A_001_phosphate_plate4.tif,1,992.000,992,992
4543,G3_01_1_1_Chlorophyll_A_001_phosphate_plate4.tif,58,1106.207,944,1456
4544,G3_01_1_1_Chlorophyll_A_001_phosphate_plate4.tif,391,1995.253,944,29056
4545,G3_01_1_1_Chlorophyll_A_001_phosphate_plate4.tif,44,1131.273,944,1472
4546,G3_01_1_1_Chlorophyll_A_001_phosphate_plate4.tif,33,1062.303,944,1312
4547,G3_01_1_1_Chlorophyll_A_001_phosphate_plate4.tif,1,960.000,960,960
4548,G3_01_1_1_Chlorophyll_A_001_phosphate_plate4.tif,1,1120.000,1120,1120
4549,G3_01_1_1_Chlorophyll_A_001_phosphate_plate4.tif,1,944.000,944,944
4550,G3_01_1_1_Chlorophyll_A_001_phosphate_plate4.tif,2,1008.000,1008,1008
4551,G3_01_1_1_Chlorophyll_A_001_phosphate_plate4.tif,5,979.200,944,1072
4552,G3_01_1_1_Chlorophyll_A_001_phosphate_plate4.tif,1,976.000,976,976
4553,G3_01_1_1_Chlorophyll_A_001_phosphate_plate4.tif,1,1120.000,1120,1120
4554,G3_01_1_1_Chlorophyll_A_001_phosphate_plate4.tif,1,944.000,944,944
4555,G3_01_1_1_Chlorophyll_A_001_phosphate_plate4.tif,1,1008.000,1008,1008
4556,G3_01_1_1_Chlorophyll_A_001_phosphate_plate4.tif,1,944.000,944,944
4557,G3_01_1_1_Chlorophyll_A_001_phosphate_plate4.tif,1,992.000,992,992
4558,G3_01_1_1_Chlorophyll_A_001_phosphate_plate4.tif,1,1232.000,1232,1232
4559,G3_01_1_1_Chlorophyll_A_001_phosphate_plate4.tif,83,4706.892,944,26960
4560,G3_01_1_1_Chlorophyll_A_001_phosphate_plate4.tif,2,984.000,960,1008
4561,G3_01_1_1_Chlorophyll_A_001_phosphate_plate4.tif,3,1088.000,1040,1152
4562,G3_01_1_1_Chlorophyll_A_001_phosphate_plate4.tif,3,1018.667,944,1152
4563,G3_01_1_1_Chlorophyll_A_001_phosphate_plate4.tif,2,968.000,960,976
4564,G3_01_1_1_Chlorophyll_A_001_phosphate_plate4.tif,1,1088.000,1088,1088
4565,G3_01_1_1_Chlorophyll_A_001_phosphate_plate4.tif,1,1072.000,1072,1072
4566,G3_01_1_1_Chlorophyll_A_001_phosphate_plate4.tif,2,1008.000,1008,1008
4567,G3_01_1_1_Chlorophyll_A_001_phosphate_plate4.tif,4,988.000,944,1072
4568,G3_01_1_1_Chlorophyll_A_001_phosphate_plate4.tif,1,1152.000,1152,1152
4569,G3_01_1_1_Chlorophyll_A_001_phosphate_plate4.tif,1,1056.000,1056,1056
4570,G3_01_1_1_Chlorophyll_A_001_phosphate_plate4.tif,1,1024.000,1024,1024
4571,G3_01_1_1_Chlorophyll_A_001_phosphate_plate4.tif,1,1040.000,1040,1040
4572,G3_01_1_1_Chlorophyll_A_001_phosphate_plate4.tif,1,976.000,976,976
4573,G3_01_1_1_Chlorophyll_A_001_phosphate_plate4.tif,1,960.000,960,960
4574,G3_01_1_1_Chlorophyll_A_001_phosphate_plate4.tif,1,960.000,960,960
4575,G3_01_1_1_Chlorophyll_A_001_phosphate_plate4.tif,2,952.000,944,960
4576,G3_01_1_1_Chlorophyll_A_001_phosphate_plate4.tif,1,1024.000,1024,1024
4577,G3_01_1_1_Chlorophyll_A_001_phosphate_plate4.tif,17,1028.706,944,1168
4578,G3_01_1_1_Chlorophyll_A_001_phosphate_plate4.tif,1,944.000,944,944
4579,G3_01_1_1_Chlorophyll_A_001_phosphate_plate4.tif,1,1088.000,1088,1088
4580,G3_01_1_1_Chlorophyll_A_001_phosphate_plate4.tif,2,976.000,944,1008
4581,G3_01_1_1_Chlorophyll_A_001_phosphate_plate4.tif,1,1008.000,1008,1008
4582,G3_01_1_1_Chlorophyll_A_001_phosphate_plate4.tif,1,944.000,944,944
4583,G3_01_1_1_Chlorophyll_A_001_phosphate_plate4.tif,1,944.000,944,944
4584,G3_01_1_1_Chlorophyll_A_001_phosphate_plate4.tif,1,1008.000,1008,1008
4585,G3_01_1_1_Chlorophyll_A_001_phosphate_plate4.tif,1,976.000,976,976
4586,G3_01_1_1_Chlorophyll_A_001_phosphate_plate4.tif,1,1056.000,1056,1056
4587,G3_01_1_1_Chlorophyll_A_001_phosphate_plate4.tif,1,1056.000,1056,1056
4588,G3_01_1_1_Chlorophyll_A_001_phosphate_plate4.tif,1,1040.000,1040,1040
4589,G3_01_1_1_Chlorophyll_A_001_phosphate_plate4.tif,2,984.000,944,1024
4590,G3_01_1_1_Chlorophyll_A_001_phosphate_plate4.tif,111,3778.306,944,25008
4591,G3_01_1_1_Chlorophyll_A_001_phosphate_plate4.tif,1,1024.000,1024,1024
4592,G3_01_1_1_Chlorophyll_A_001_phosphate_plate4.tif,43,1157.953,960,1440
4593,G3_01_1_1_Chlorophyll_A_001_phosphate_plate4.tif,17,1146.353,976,1328
4594,G3_01_1_1_Chlorophyll_A_001_phosphate_plate4.tif,31,1073.548,944,1232
4595,G3_01_1_1_Chlorophyll_A_001_phosphate_plate4.tif,1,1136.000,1136,1136
4596,G3_01_1_1_Chlorophyll_A_001_phosphate_plate4.tif,2,1056.000,960,1152
4597,G3_01_1_1_Chlorophyll_A_001_phosphate_plate4.tif,1,944.000,944,944
4598,G3_01_1_1_Chlorophyll_A_001_phosphate_plate4.tif,3,1034.667,976,1120
4599,G3_01_1_1_Chlorophyll_A_001_phosphate_plate4.tif,1,1168.000,1168,1168
4600,G3_01_1_1_Chlorophyll_A_001_phosphate_plate4.tif,1,960.000,960,960
4601,G3_01_1_1_Chlorophyll_A_001_phosphate_plate4.tif,2,960.000,944,976
4602,G3_01_1_1_Chlorophyll_A_001_phosphate_plate4.tif,1,976.000,976,976
4603,G3_01_1_1_Chlorophyll_A_001_phosphate_plate4.tif,1,960.000,960,960
4604,G3_01_1_1_Chlorophyll_A_001_phosphate_plate4.tif,1,976.000,976,976
4605,G3_01_1_1_Chlorophyll_A_001_phosphate_plate4.tif,34,1084.706,944,1312
4606,G3_01_1_1_Chlorophyll_A_001_phosphate_plate4.tif,21,1114.667,960,1392
4607,G3_01_1_1_Chlorophyll_A_001_phosphate_plate4.tif,23,1124.174,944,1376
4608,G3_01_1_1_Chlorophyll_A_001_phosphate_plate4.tif,33,1154.424,960,1488
4609,G3_01_1_1_Chlorophyll_A_001_phosphate_plate4.tif,2,1056.000,944,1168
4610,G3_01_1_1_Chlorophyll_A_001_phosphate_plate4.tif,5,1027.200,992,1104
4611,G3_01_1_1_Chlorophyll_A_001_phosphate_plate4.tif,1,1056.000,1056,1056
4612,G3_01_1_1_Chlorophyll_A_001_phosphate_plate4.tif,1,960.000,960,960
4613,G3_01_1_1_Chlorophyll_A_001_phosphate_plate4.tif,1,960.000,960,960
4614,G3_01_1_1_Chlorophyll_A_001_phosphate_plate4.tif,1,1024.000,1024,1024
4615,G3_01_1_1_Chlorophyll_A_001_phosphate_plate4.tif,1,976.000,976,976
4616,G3_01_1_1_Chlorophyll_A_001_phosphate_plate4.tif,1,1024.000,1024,1024
4617,G3_01_1_1_Chlorophyll_A_001_phosphate_plate4.tif,2,1096.000,1024,1168
4618,G3_01_1_1_Chlorophyll_A_001_phosphate_plate4.tif,1,944.000,944,944
4619,G3_01_1_1_Chlorophyll_A_001_phosphate_plate4.tif,1,960.000,960,960
4620,G3_01_1_1_Chlorophyll_A_001_phosphate_plate4.tif,1,1072.000,1072,1072
4621,G3_01_1_1_Chlorophyll_A_001_phosphate_plate4.tif,98,5023.020,944,29728
4622,G3_01_1_1_Chlorophyll_A_001_phosphate_plate4.tif,1,992.000,992,992
4623,G3_01_1_1_Chlorophyll_A_001_phosphate_plate4.tif,26,1124.308,960,1456
4624,G3_01_1_1_Chlorophyll_A_001_phosphate_plate4.tif,41,1079.805,944,1296
4625,G3_01_1_1_Chlorophyll_A_001_phosphate_plate4.tif,2,968.000,944,992
4626,G3_01_1_1_Chlorophyll_A_001_phosphate_plate4.tif,1,1040.000,1040,1040
4627,G3_01_1_1_Chlorophyll_A_001_phosphate_plate4.tif,6,992.000,944,1072
4628,G3_01_1_1_Chlorophyll_A_001_phosphate_plate4.tif,1,1120.000,1120,1120
4629,G3_01_1_1_Chlorophyll_A_001_phosphate_plate4.tif,1,1072.000,1072,1072
4630,G3_01_1_1_Chlorophyll_A_001_phosphate_plate4.tif,1,1072.000,1072,1072
4631,G3_01_1_1_Chlorophyll_A_001_phosphate_plate4.tif,1,944.000,944,944
4632,G3_01_1_1_Chlorophyll_A_001_phosphate_plate4.tif,1,992.000,992,992
4633,G3_01_1_1_Chlorophyll_A_001_phosphate_plate4.tif,80,1117.000,944,1408
4634,G3_01_1_1_Chlorophyll_A_001_phosphate_plate4.tif,36,1121.333,944,1360
4635,G3_01_1_1_Chlorophyll_A_001_phosphate_plate4.tif,981,3588.322,944,41632
4636,G3_01_1_1_Chlorophyll_A_001_phosphate_plate4.tif,10,1016.000,944,1136
4637,G3_01_1_1_Chlorophyll_A_001_phosphate_plate4.tif,1,960.000,960,960
4638,G3_01_1_1_Chlorophyll_A_001_phosphate_plate4.tif,2,1064.000,976,1152
4639,G3_01_1_1_Chlorophyll_A_001_phosphate_plate4.tif,2,1016.000,992,1040
4640,G3_01_1_1_Chlorophyll_A_001_phosphate_plate4.tif,1,960.000,960,960
4641,G3_01_1_1_Chlorophyll_A_001_phosphate_plate4.tif,1,960.000,960,960
4642,G3_01_1_1_Chlorophyll_A_001_phosphate_plate4.tif,1,1184.000,1184,1184
4643,G3_01_1_1_Chlorophyll_A_001_phosphate_plate4.tif,2,1032.000,1008,1056
4644,G3_01_1_1_Chlorophyll_A_001_phosphate_plate4.tif,1,944.000,944,944
4645,G3_01_1_1_Chlorophyll_A_001_phosphate_plate4.tif,2,960.000,944,976
4646,G3_01_1_1_Chlorophyll_A_001_phosphate_plate4.tif,1,944.000,944,944
4647,G3_01_1_1_Chlorophyll_A_001_phosphate_plate4.tif,1,944.000,944,944
4648,G3_01_1_1_Chlorophyll_A_001_phosphate_plate4.tif,2,1064.000,944,1184
4649,G3_01_1_1_Chlorophyll_A_001_phosphate_plate4.tif,1,1024.000,1024,1024
4650,G3_01_1_1_Chlorophyll_A_001_phosphate_plate4.tif,1,960.000,960,960
4651,G3_01_1_1_Chlorophyll_A_001_phosphate_plate4.tif,2,1016.000,960,1072
4652,G3_01_1_1_Chlorophyll_A_001_phosphate_plate4.tif,132,4333.455,944,39424
4653,G3_01_1_1_Chlorophyll_A_001_phosphate_plate4.tif,1,944.000,944,944
4654,G3_01_1_1_Chlorophyll_A_001_phosphate_plate4.tif,1,944.000,944,944
4655,G3_01_1_1_Chlorophyll_A_001_phosphate_plate4.tif,1,1008.000,1008,1008
4656,G3_01_1_1_Chlorophyll_A_001_phosphate_plate4.tif,6,1098.667,960,1232
4657,G3_01_1_1_Chlorophyll_A_001_phosphate_plate4.tif,63,1084.698,944,1520
4658,G3_01_1_1_Chlorophyll_A_001_phosphate_plate4.tif,62,1063.742,944,1312
4659,G3_01_1_1_Chlorophyll_A_001_phosphate_plate4.tif,7,1030.857,944,1136
4660,G3_01_1_1_Chlorophyll_A_001_phosphate_plate4.tif,2,1032.000,960,1104
4661,G3_01_1_1_Chlorophyll_A_001_phosphate_plate4.tif,1,1008.000,1008,1008
4662,G3_01_1_1_Chlorophyll_A_001_phosphate_plate4.tif,1,992.000,992,992
4663,G3_01_1_1_Chlorophyll_A_001_phosphate_plate4.tif,5,969.600,944,1008
4664,G3_01_1_1_Chlorophyll_A_001_phosphate_plate4.tif,1,960.000,960,960
4665,G3_01_1_1_Chlorophyll_A_001_phosphate_plate4.tif,2,952.000,944,960
4666,G3_01_1_1_Chlorophyll_A_001_phosphate_plate4.tif,109,4861.358,944,32080
4667,G3_01_1_1_Chlorophyll_A_001_phosphate_plate4.tif,95,4094.821,944,20256
4668,G3_01_1_1_Chlorophyll_A_001_phosphate_plate4.tif,1,1056.000,1056,1056
4669,G3_01_1_1_Chlorophyll_A_001_phosphate_plate4.tif,1,960.000,960,960
4670,G3_01_1_1_Chlorophyll_A_001_phosphate_plate4.tif,12,1117.333,960,1232
4671,G3_01_1_1_Chlorophyll_A_001_phosphate_plate4.tif,502,2790.916,944,24160
4672,G3_01_1_1_Chlorophyll_A_001_phosphate_plate4.tif,17,1116.235,944,1392
4673,G3_01_1_1_Chlorophyll_A_001_phosphate_plate4.tif,1,1072.000,1072,1072
4674,G3_01_1_1_Chlorophyll_A_001_phosphate_plate4.tif,9,1004.444,944,1056
4675,G3_01_1_1_Chlorophyll_A_001_phosphate_plate4.tif,3,960.000,944,976
4676,G3_01_1_1_Chlorophyll_A_001_phosphate_plate4.tif,1,1024.000,1024,1024
4677,G3_01_1_1_Chlorophyll_A_001_phosphate_plate4.tif,1,960.000,960,960
4678,G3_01_1_1_Chlorophyll_A_001_phosphate_plate4.tif,1,1056.000,1056,1056
4679,G3_01_1_1_Chlorophyll_A_001_phosphate_plate4.tif,1,960.000,960,960
4680,G3_01_1_1_Chlorophyll_A_001_phosphate_plate4.tif,1,976.000,976,976
4681,G3_01_1_1_Chlorophyll_A_001_phosphate_plate4.tif,51,1083.922,944,1360
4682,G3_01_1_1_Chlorophyll_A_001_phosphate_plate4.tif,19,1164.632,944,1408
4683,G3_01_1_1_Chlorophyll_A_001_phosphate_plate4.tif,53,1086.491,944,1280
4684,G3_01_1_1_Chlorophyll_A_001_phosphate_plate4.tif,14,1100.571,960,1344
4685,G3_01_1_1_Chlorophyll_A_001_phosphate_plate4.tif,1,1072.000,1072,1072
4686,G3_01_1_1_Chlorophyll_A_001_phosphate_plate4.tif,1,1216.000,1216,1216
4687,G3_01_1_1_Chlorophyll_A_001_phosphate_plate4.tif,2,960.000,960,960
4688,G3_01_1_1_Chlorophyll_A_001_phosphate_plate4.tif,1,1120.000,1120,1120
4689,G3_01_1_1_Chlorophyll_A_001_phosphate_plate4.tif,1,944.000,944,944
4690,G3_01_1_1_Chlorophyll_A_001_phosphate_plate4.tif,1,1040.000,1040,1040
4691,G3_01_1_1_Chlorophyll_A_001_phosphate_plate4.tif,120,3496.533,944,23760
4692,G3_01_1_1_Chlorophyll_A_001_phosphate_plate4.tif,1,1008.000,1008,1008
4693,G3_01_1_1_Chlorophyll_A_001_phosphate_plate4.tif,2,1008.000,992,1024
4694,G3_01_1_1_Chlorophyll_A_001_phosphate_plate4.tif,2,1056.000,992,1120
4695,G3_01_1_1_Chlorophyll_A_001_phosphate_plate4.tif,1,1008.000,1008,1008
4696,G3_01_1_1_Chlorophyll_A_001_phosphate_plate4.tif,71,4004.282,944,18256
4697,G3_01_1_1_Chlorophyll_A_001_phosphate_plate4.tif,1,976.000,976,976
4698,G3_01_1_1_Chlorophyll_A_001_phosphate_plate4.tif,1,992.000,992,992
4699,G3_01_1_1_Chlorophyll_A_001_phosphate_plate4.tif,2,944.000,944,944
4700,G3_01_1_1_Chlorophyll_A_001_phosphate_plate4.tif,1,944.000,944,944
4701,G3_01_1_1_Chlorophyll_A_001_phosphate_plate4.tif,99,4904.404,944,37424
4702,G3_01_1_1_Chlorophyll_A_001_phosphate_plate4.tif,60,1139.200,944,1472
4703,G3_01_1_1_Chlorophyll_A_001_phosphate_plate4.tif,48,1130.667,944,1392
4704,G3_01_1_1_Chlorophyll_A_001_phosphate_plate4.tif,2,1024.000,960,1088
4705,G3_01_1_1_Chlorophyll_A_001_phosphate_plate4.tif,1,1104.000,1104,1104
4706,G3_01_1_1_Chlorophyll_A_001_phosphate_plate4.tif,1,960.000,960,960
4707,G3_01_1_1_Chlorophyll_A_001_phosphate_plate4.tif,2,1056.000,976,1136
4708,G3_01_1_1_Chlorophyll_A_001_phosphate_plate4.tif,4,1016.000,960,1056
4709,G3_01_1_1_Chlorophyll_A_001_phosphate_plate4.tif,1,976.000,976,976
4710,G3_01_1_1_Chlorophyll_A_001_phosphate_plate4.tif,2,992.000,944,1040
4711,G3_01_1_1_Chlorophyll_A_001_phosphate_plate4.tif,1,1024.000,1024,1024
4712,G3_01_1_1_Chlorophyll_A_001_phosphate_plate4.tif,1,944.000,944,944
4713,G3_01_1_1_Chlorophyll_A_001_phosphate_plate4.tif,1,992.000,992,992
4714,G3_01_1_1_Chlorophyll_A_001_phosphate_plate4.tif,1,960.000,960,960
4715,G3_01_1_1_Chlorophyll_A_001_phosphate_plate4.tif,1,960.000,960,960
4716,G3_01_1_1_Chlorophyll_A_001_phosphate_plate4.tif,1,944.000,944,944
4717,G3_01_1_1_Chlorophyll_A_001_phosphate_plate4.tif,64,1093.500,944,1440
4718,G3_01_1_1_Chlorophyll_A_001_phosphate_plate4.tif,23,1113.739,960,1472
4719,G3_01_1_1_Chlorophyll_A_001_phosphate_plate4.tif,21,1079.619,944,1216
4720,G3_01_1_1_Chlorophyll_A_001_phosphate_plate4.tif,1,992.000,992,992
4721,G3_01_1_1_Chlorophyll_A_001_phosphate_plate4.tif,5,1030.400,976,1088
4722,G3_01_1_1_Chlorophyll_A_001_phosphate_plate4.tif,2,1120.000,1072,1168
4723,G3_01_1_1_Chlorophyll_A_001_phosphate_plate4.tif,1,1056.000,1056,1056
4724,G3_01_1_1_Chlorophyll_A_001_phosphate_plate4.tif,1,992.000,992,992
4725,G3_01_1_1_Chlorophyll_A_001_phosphate_plate4.tif,3,1013.333,992,1040
4726,G3_01_1_1_Chlorophyll_A_001_phosphate_plate4.tif,1,1072.000,1072,1072
4727,G3_01_1_1_Chlorophyll_A_001_phosphate_plate4.tif,1,1024.000,1024,1024
4728,G3_01_1_1_Chlorophyll_A_001_phosphate_plate4.tif,1,944.000,944,944
4729,G3_01_1_1_Chlorophyll_A_001_phosphate_plate4.tif,2,960.000,944,976
4730,G3_01_1_1_Chlorophyll_A_001_phosphate_plate4.tif,1,976.000,976,976
4731,G3_01_1_1_Chlorophyll_A_001_phosphate_plate4.tif,31,1129.290,960,1472
4732,G3_01_1_1_Chlorophyll_A_001_phosphate_plate4.tif,19,1119.158,944,1376
4733,G3_01_1_1_Chlorophyll_A_001_phosphate_plate4.tif,1,960.000,960,960
4734,G3_01_1_1_Chlorophyll_A_001_phosphate_plate4.tif,1,1040.000,1040,1040
4735,G3_01_1_1_Chlorophyll_A_001_phosphate_plate4.tif,140,2430.057,944,15632
4736,G3_01_1_1_Chlorophyll_A_001_phosphate_plate4.tif,2,1080.000,1056,1104
4737,G3_01_1_1_Chlorophyll_A_001_phosphate_plate4.tif,4,992.000,944,1040
4738,G3_01_1_1_Chlorophyll_A_001_phosphate_plate4.tif,1,992.000,992,992
4739,G3_01_1_1_Chlorophyll_A_001_phosphate_plate4.tif,1,960.000,960,960
4740,G3_01_1_1_Chlorophyll_A_001_phosphate_plate4.tif,1,1040.000,1040,1040
4741,G3_01_1_1_Chlorophyll_A_001_phosphate_plate4.tif,1,944.000,944,944
4742,G3_01_1_1_Chlorophyll_A_001_phosphate_plate4.tif,1,1136.000,1136,1136
4743,G3_01_1_1_Chlorophyll_A_001_phosphate_plate4.tif,98,3959.020,944,32512
4744,G3_01_1_1_Chlorophyll_A_001_phosphate_plate4.tif,2,1032.000,944,1120
4745,G3_01_1_1_Chlorophyll_A_001_phosphate_plate4.tif,1,1008.000,1008,1008
4746,G3_01_1_1_Chlorophyll_A_001_phosphate_plate4.tif,1,976.000,976,976
4747,G3_01_1_1_Chlorophyll_A_001_phosphate_plate4.tif,1,944.000,944,944
4748,G3_01_1_1_Chlorophyll_A_001_phosphate_plate4.tif,1,960.000,960,960
4749,G3_01_1_1_Chlorophyll_A_001_phosphate_plate4.tif,1,944.000,944,944
4750,G3_01_1_1_Chlorophyll_A_001_phosphate_plate4.tif,30,1126.933,960,1376
4751,G3_01_1_1_Chlorophyll_A_001_phosphate_plate4.tif,7,1010.286,944,1056
4752,G3_01_1_1_Chlorophyll_A_001_phosphate_plate4.tif,1,944.000,944,944
4753,G3_01_1_1_Chlorophyll_A_001_phosphate_plate4.tif,3,1034.667,976,1072
4754,G3_01_1_1_Chlorophyll_A_001_phosphate_plate4.tif,2,968.000,960,976
4755,G3_01_1_1_Chlorophyll_A_001_phosphate_plate4.tif,1,1008.000,1008,1008
4756,G3_01_1_1_Chlorophyll_A_001_phosphate_plate4.tif,1,992.000,992,992
4757,G3_01_1_1_Chlorophyll_A_001_phosphate_plate4.tif,1,960.000,960,960
4758,G3_01_1_1_Chlorophyll_A_001_phosphate_plate4.tif,1,976.000,976,976
4759,G3_01_1_1_Chlorophyll_A_001_phosphate_plate4.tif,3,1002.667,960,1040
4760,G3_01_1_1_Chlorophyll_A_001_phosphate_plate4.tif,1,1040.000,1040,1040
4761,G3_01_1_1_Chlorophyll_A_001_phosphate_plate4.tif,1,944.000,944,944
4762,G3_01_1_1_Chlorophyll_A_001_phosphate_plate4.tif,1,944.000,944,944
4763,G3_01_1_1_Chlorophyll_A_001_phosphate_plate4.tif,1,1008.000,1008,1008
4764,G3_01_1_1_Chlorophyll_A_001_phosphate_plate4.tif,1,944.000,944,944
4765,G3_01_1_1_Chlorophyll_A_001_phosphate_plate4.tif,1,960.000,960,960
4766,G3_01_1_1_Chlorophyll_A_001_phosphate_plate4.tif,1,1008.000,1008,1008
4767,G3_01_1_1_Chlorophyll_A_001_phosphate_plate4.tif,1,1040.000,1040,1040
4768,G3_01_1_1_Chlorophyll_A_001_phosphate_plate4.tif,1,1008.000,1008,1008
4769,G3_01_1_1_Chlorophyll_A_001_phosphate_plate4.tif,3,1024.000,960,1088
4770,G3_01_1_1_Chlorophyll_A_001_phosphate_plate4.tif,1,992.000,992,992
4771,G3_01_1_1_Chlorophyll_A_001_phosphate_plate4.tif,1,1008.000,1008,1008
4772,G3_01_1_1_Chlorophyll_A_001_phosphate_plate4.tif,2,1056.000,976,1136
4773,G3_01_1_1_Chlorophyll_A_001_phosphate_plate4.tif,1,1040.000,1040,1040
4774,G3_01_1_1_Chlorophyll_A_001_phosphate_plate4.tif,1,944.000,944,944
4775,G3_01_1_1_Chlorophyll_A_001_phosphate_plate4.tif,1,1024.000,1024,1024
4776,G3_01_1_1_Chlorophyll_A_001_phosphate_plate4.tif,1,976.000,976,976
4777,G3_01_1_1_Chlorophyll_A_001_phosphate_plate4.tif,109,5070.972,944,29104
4778,G3_01_1_1_Chlorophyll_A_001_phosphate_plate4.tif,65,1123.692,944,1456
4779,G3_01_1_1_Chlorophyll_A_001_phosphate_plate4.tif,2,1064.000,1008,1120
4780,G3_01_1_1_Chlorophyll_A_001_phosphate_plate4.tif,8,1012.000,944,1184
4781,G3_01_1_1_Chlorophyll_A_001_phosphate_plate4.tif,1,944.000,944,944
4782,G3_01_1_1_Chlorophyll_A_001_phosphate_plate4.tif,1,976.000,976,976
4783,G3_01_1_1_Chlorophyll_A_001_phosphate_plate4.tif,3,1056.000,1024,1088
4784,G3_01_1_1_Chlorophyll_A_001_phosphate_plate4.tif,1,1040.000,1040,1040
4785,G3_01_1_1_Chlorophyll_A_001_phosphate_plate4.tif,1,1040.000,1040,1040
4786,G3_01_1_1_Chlorophyll_A_001_phosphate_plate4.tif,1,1008.000,1008,1008
4787,G3_01_1_1_Chlorophyll_A_001_phosphate_plate4.tif,1,1024.000,1024,1024
4788,G3_01_1_1_Chlorophyll_A_001_phosphate_plate4.tif,2,1000.000,944,1056
4789,G3_01_1_1_Chlorophyll_A_001_phosphate_plate4.tif,1,944.000,944,944
4790,G3_01_1_1_Chlorophyll_A_001_phosphate_plate4.tif,1,960.000,960,960
4791,G3_01_1_1_Chlorophyll_A_001_phosphate_plate4.tif,1,960.000,960,960
4792,G3_01_1_1_Chlorophyll_A_001_phosphate_plate4.tif,1,944.000,944,944
4793,G3_01_1_1_Chlorophyll_A_001_phosphate_plate4.tif,1,1136.000,1136,1136
4794,G3_01_1_1_Chlorophyll_A_001_phosphate_plate4.tif,1,976.000,976,976
4795,G3_01_1_1_Chlorophyll_A_001_phosphate_plate4.tif,1,1040.000,1040,1040
4796,G3_01_1_1_Chlorophyll_A_001_phosphate_plate4.tif,27,1115.259,944,1376
4797,G3_01_1_1_Chlorophyll_A_001_phosphate_plate4.tif,15,1093.333,976,1296
4798,G3_01_1_1_Chlorophyll_A_001_phosphate_plate4.tif,1,1104.000,1104,1104
4799,G3_01_1_1_Chlorophyll_A_001_phosphate_plate4.tif,1,1008.000,1008,1008
4800,G3_01_1_1_Chlorophyll_A_001_phosphate_plate4.tif,3,1077.333,1056,1104
4801,G3_01_1_1_Chlorophyll_A_001_phosphate_plate4.tif,1,1024.000,1024,1024
4802,G3_01_1_1_Chlorophyll_A_001_phosphate_plate4.tif,2,1040.000,944,1136
4803,G3_01_1_1_Chlorophyll_A_001_phosphate_plate4.tif,1,944.000,944,944
4804,G3_01_1_1_Chlorophyll_A_001_phosphate_plate4.tif,1,1136.000,1136,1136
4805,G3_01_1_1_Chlorophyll_A_001_phosphate_plate4.tif,1,992.000,992,992
4806,G3_01_1_1_Chlorophyll_A_001_phosphate_plate4.tif,1,976.000,976,976
4807,G3_01_1_1_Chlorophyll_A_001_phosphate_plate4.tif,1,1056.000,1056,1056
4808,G3_01_1_1_Chlorophyll_A_001_phosphate_plate4.tif,14,1126.857,1040,1216
4809,G3_01_1_1_Chlorophyll_A_001_phosphate_plate4.tif,7,989.714,944,1072
4810,G3_01_1_1_Chlorophyll_A_001_phosphate_plate4.tif,3,1018.667,944,1072
4811,G3_01_1_1_Chlorophyll_A_001_phosphate_plate4.tif,5,988.800,960,1008
4812,G3_01_1_1_Chlorophyll_A_001_phosphate_plate4.tif,2,960.000,944,976
4813,G3_01_1_1_Chlorophyll_A_001_phosphate_plate4.tif,1,1008.000,1008,1008
4814,G3_01_1_1_Chlorophyll_A_001_phosphate_plate4.tif,1,1056.000,1056,1056
4815,G3_01_1_1_Chlorophyll_A_001_phosphate_plate4.tif,100,3953.440,944,28176
4816,G3_01_1_1_Chlorophyll_A_001_phosphate_plate4.tif,1,944.000,944,944
4817,G3_01_1_1_Chlorophyll_A_001_phosphate_plate4.tif,1,944.000,944,944
4818,G3_01_1_1_Chlorophyll_A_001_phosphate_plate4.tif,84,3981.524,944,22928
4819,G3_01_1_1_Chlorophyll_A_001_phosphate_plate4.tif,3,976.000,960,992
4820,G3_01_1_1_Chlorophyll_A_001_phosphate_plate4.tif,1,1008.000,1008,1008
4821,G3_01_1_1_Chlorophyll_A_001_phosphate_plate4.tif,842,2998.119,944,33888
4822,G3_01_1_1_Chlorophyll_A_001_phosphate_plate4.tif,66,1125.818,944,1648
4823,G3_01_1_1_Chlorophyll_A_001_phosphate_plate4.tif,312,2542.308,944,28144
4824,G3_01_1_1_Chlorophyll_A_001_phosphate_plate4.tif,1,1136.000,1136,1136
4825,G3_01_1_1_Chlorophyll_A_001_phosphate_plate4.tif,1,1104.000,1104,1104
4826,G3_01_1_1_Chlorophyll_A_001_phosphate_plate4.tif,1,1056.000,1056,1056
4827,G3_01_1_1_Chlorophyll_A_001_phosphate_plate4.tif,1,1024.000,1024,1024
4828,G3_01_1_1_Chlorophyll_A_001_phosphate_plate4.tif,1,1104.000,1104,1104
4829,G3_01_1_1_Chlorophyll_A_001_phosphate_plate4.tif,2,1072.000,944,1200
4830,G3_01_1_1_Chlorophyll_A_001_phosphate_plate4.tif,2,952.000,944,960
4831,G3_01_1_1_Chlorophyll_A_001_phosphate_plate4.tif,1,960.000,960,960
4832,G3_01_1_1_Chlorophyll_A_001_phosphate_plate4.tif,1,1008.000,1008,1008
4833,G3_01_1_1_Chlorophyll_A_001_phosphate_plate4.tif,1,944.000,944,944
4834,G3_01_1_1_Chlorophyll_A_001_phosphate_plate4.tif,1,992.000,992,992
4835,G3_01_1_1_Chlorophyll_A_001_phosphate_plate4.tif,89,4526.022,944,29472
4836,G3_01_1_1_Chlorophyll_A_001_phosphate_plate4.tif,41,1063.024,944,1440
4837,G3_01_1_1_Chlorophyll_A_001_phosphate_plate4.tif,1,1136.000,1136,1136
4838,G3_01_1_1_Chlorophyll_A_001_phosphate_plate4.tif,1,1088.000,1088,1088
4839,G3_01_1_1_Chlorophyll_A_001_phosphate_plate4.tif,1,1136.000,1136,1136
4840,G3_01_1_1_Chlorophyll_A_001_phosphate_plate4.tif,1,960.000,960,960
4841,G3_01_1_1_Chlorophyll_A_001_phosphate_plate4.tif,1,1024.000,1024,1024
4842,G3_01_1_1_Chlorophyll_A_001_phosphate_plate4.tif,1,976.000,976,976
4843,G3_01_1_1_Chlorophyll_A_001_phosphate_plate4.tif,1,976.000,976,976
4844,G3_01_1_1_Chlorophyll_A_001_phosphate_plate4.tif,1,960.000,960,960
4845,G3_01_1_1_Chlorophyll_A_001_phosphate_plate4.tif,1,1040.000,1040,1040
4846,G3_01_1_1_Chlorophyll_A_001_phosphate_plate4.tif,1,944.000,944,944
4847,G3_01_1_1_Chlorophyll_A_001_phosphate_plate4.tif,1,1024.000,1024,1024
4848,G3_01_1_1_Chlorophyll_A_001_phosphate_plate4.tif,1,992.000,992,992
4849,G3_01_1_1_Chlorophyll_A_001_phosphate_plate4.tif,1,944.000,944,944
4850,G3_01_1_1_Chlorophyll_A_001_phosphate_plate4.tif,1,944.000,944,944
4851,G3_01_1_1_Chlorophyll_A_001_phosphate_plate4.tif,1,944.000,944,944
4852,G3_01_1_1_Chlorophyll_A_001_phosphate_plate4.tif,67,1112.119,944,1504
4853,G3_01_1_1_Chlorophyll_A_001_phosphate_plate4.tif,44,1161.455,944,1536
4854,G3_01_1_1_Chlorophyll_A_001_phosphate_plate4.tif,1,1024.000,1024,1024
4855,G3_01_1_1_Chlorophyll_A_001_phosphate_plate4.tif,2,960.000,944,976
4856,G3_01_1_1_Chlorophyll_A_001_phosphate_plate4.tif,1,1088.000,1088,1088
4857,G3_01_1_1_Chlorophyll_A_001_phosphate_plate4.tif,5,1020.800,960,1216
4858,G3_01_1_1_Chlorophyll_A_001_phosphate_plate4.tif,2,960.000,960,960
4859,G3_01_1_1_Chlorophyll_A_001_phosphate_plate4.tif,1,1024.000,1024,1024
4860,G3_01_1_1_Chlorophyll_A_001_phosphate_plate4.tif,1,1008.000,1008,1008
4861,G3_01_1_1_Chlorophyll_A_001_phosphate_plate4.tif,1,1040.000,1040,1040
4862,G3_01_1_1_Chlorophyll_A_001_phosphate_plate4.tif,1,976.000,976,976
4863,G3_01_1_1_Chlorophyll_A_001_phosphate_plate4.tif,1,976.000,976,976
4864,G3_01_1_1_Chlorophyll_A_001_phosphate_plate4.tif,1,976.000,976,976
4865,G3_01_1_1_Chlorophyll_A_001_phosphate_plate4.tif,1,1056.000,1056,1056
4866,G3_01_1_1_Chlorophyll_A_001_phosphate_plate4.tif,1,1008.000,1008,1008
4867,G3_01_1_1_Chlorophyll_A_001_phosphate_plate4.tif,1,1072.000,1072,1072
4868,G3_01_1_1_Chlorophyll_A_001_phosphate_plate4.tif,76,4179.789,944,23728
4869,G3_01_1_1_Chlorophyll_A_001_phosphate_plate4.tif,2,992.000,976,1008
4870,G3_01_1_1_Chlorophyll_A_001_phosphate_plate4.tif,1,976.000,976,976
4871,G3_01_1_1_Chlorophyll_A_001_phosphate_plate4.tif,22,1127.273,992,1376
4872,G3_01_1_1_Chlorophyll_A_001_phosphate_plate4.tif,45,1054.933,944,1248
4873,G3_01_1_1_Chlorophyll_A_001_phosphate_plate4.tif,1,944.000,944,944
4874,G3_01_1_1_Chlorophyll_A_001_phosphate_plate4.tif,4,968.000,944,1040
4875,G3_01_1_1_Chlorophyll_A_001_phosphate_plate4.tif,1,1024.000,1024,1024
4876,G3_01_1_1_Chlorophyll_A_001_phosphate_plate4.tif,1,976.000,976,976
4877,G3_01_1_1_Chlorophyll_A_001_phosphate_plate4.tif,1,960.000,960,960
4878,G3_01_1_1_Chlorophyll_A_001_phosphate_plate4.tif,1,1168.000,1168,1168
4879,G3_01_1_1_Chlorophyll_A_001_phosphate_plate4.tif,1,976.000,976,976
4880,G3_01_1_1_Chlorophyll_A_001_phosphate_plate4.tif,2,992.000,944,1040
4881,G3_01_1_1_Chlorophyll_A_001_phosphate_plate4.tif,1,960.000,960,960
4882,G3_01_1_1_Chlorophyll_A_001_phosphate_plate4.tif,2,992.000,960,1024
4883,G3_01_1_1_Chlorophyll_A_001_phosphate_plate4.tif,1,976.000,976,976
4884,G3_01_1_1_Chlorophyll_A_001_phosphate_plate4.tif,1,944.000,944,944
4885,G3_01_1_1_Chlorophyll_A_001_phosphate_plate4.tif,1,1168.000,1168,1168
4886,G3_01_1_1_Chlorophyll_A_001_phosphate_plate4.tif,1,1104.000,1104,1104
4887,G3_01_1_1_Chlorophyll_A_001_phosphate_plate4.tif,1,1008.000,1008,1008
4888,G3_01_1_1_Chlorophyll_A_001_phosphate_plate4.tif,1,1008.000,1008,1008
4889,G3_01_1_1_Chlorophyll_A_001_phosphate_plate4.tif,1,944.000,944,944
4890,G3_01_1_1_Chlorophyll_A_001_phosphate_plate4.tif,1,1056.000,1056,1056
4891,G3_01_1_1_Chlorophyll_A_001_phosphate_plate4.tif,1,1072.000,1072,1072
4892,G3_01_1_1_Chlorophyll_A_001_phosphate_plate4.tif,1,976.000,976,976
4893,G3_01_1_1_Chlorophyll_A_001_phosphate_plate4.tif,1,1024.000,1024,1024
4894,G3_01_1_1_Chlorophyll_A_001_phosphate_plate4.tif,1,976.000,976,976
4895,G3_01_1_1_Chlorophyll_A_001_phosphate_plate4.tif,1,1056.000,1056,1056
4896,G3_01_1_1_Chlorophyll_A_001_phosphate_plate4.tif,1,960.000,960,960
4897,G3_01_1_1_Chlorophyll_A_001_phosphate_plate4.tif,4,1016.000,944,1104
4898,G3_01_1_1_Chlorophyll_A_001_phosphate_plate4.tif,1,960.000,960,960
4899,G3_01_1_1_Chlorophyll_A_001_phosphate_plate4.tif,1,944.000,944,944
4900,G3_01_1_1_Chlorophyll_A_001_phosphate_plate4.tif,1,944.000,944,944
4901,G3_01_1_1_Chlorophyll_A_001_phosphate_plate4.tif,1,1024.000,1024,1024
4902,G3_01_1_1_Chlorophyll_A_001_phosphate_plate4.tif,38,1116.632,944,1456
4903,G3_01_1_1_Chlorophyll_A_001_phosphate_plate4.tif,72,1049.778,944,1408
4904,G3_01_1_1_Chlorophyll_A_001_phosphate_plate4.tif,303,3279.155,944,34448
4905,G3_01_1_1_Chlorophyll_A_001_phosphate_plate4.tif,3,1013.333,976,1056
4906,G3_01_1_1_Chlorophyll_A_001_phosphate_plate4.tif,1,992.000,992,992
4907,G3_01_1_1_Chlorophyll_A_001_phosphate_plate4.tif,1,976.000,976,976
4908,G3_01_1_1_Chlorophyll_A_001_phosphate_plate4.tif,1,976.000,976,976
4909,G3_01_1_1_Chlorophyll_A_001_phosphate_plate4.tif,120,4404.800,944,16864
4910,G3_01_1_1_Chlorophyll_A_001_phosphate_plate4.tif,1,1040.000,1040,1040
4911,G3_01_1_1_Chlorophyll_A_001_phosphate_plate4.tif,1,1120.000,1120,1120
4912,G3_01_1_1_Chlorophyll_A_001_phosphate_plate4.tif,1,960.000,960,960
4913,G3_01_1_1_Chlorophyll_A_001_phosphate_plate4.tif,1,976.000,976,976
4914,G3_01_1_1_Chlorophyll_A_001_phosphate_plate4.tif,1,1184.000,1184,1184
4915,G3_01_1_1_Chlorophyll_A_001_phosphate_plate4.tif,2,1048.000,1024,1072
4916,G3_01_1_1_Chlorophyll_A_001_phosphate_plate4.tif,1,960.000,960,960
4917,G3_01_1_1_Chlorophyll_A_001_phosphate_plate4.tif,1,960.000,960,960
4918,G3_01_1_1_Chlorophyll_A_001_phosphate_plate4.tif,60,1118.133,960,1552
4919,G3_01_1_1_Chlorophyll_A_001_phosphate_plate4.tif,92,1039.478,944,1328
4920,G3_01_1_1_Chlorophyll_A_001_phosphate_plate4.tif,1,992.000,992,992
4921,G3_01_1_1_Chlorophyll_A_001_phosphate_plate4.tif,3,1029.333,1008,1040
4922,G3_01_1_1_Chlorophyll_A_001_phosphate_plate4.tif,1,1104.000,1104,1104
4923,G3_01_1_1_Chlorophyll_A_001_phosphate_plate4.tif,1,1072.000,1072,1072
4924,G3_01_1_1_Chlorophyll_A_001_phosphate_plate4.tif,2,1024.000,976,1072
4925,G3_01_1_1_Chlorophyll_A_001_phosphate_plate4.tif,1,944.000,944,944
4926,G3_01_1_1_Chlorophyll_A_001_phosphate_plate4.tif,2,992.000,960,1024
4927,G3_01_1_1_Chlorophyll_A_001_phosphate_plate4.tif,1,960.000,960,960
4928,G3_01_1_1_Chlorophyll_A_001_phosphate_plate4.tif,1,1040.000,1040,1040
4929,G3_01_1_1_Chlorophyll_A_001_phosphate_plate4.tif,1,976.000,976,976
4930,G3_01_1_1_Chlorophyll_A_001_phosphate_plate4.tif,1,1024.000,1024,1024
4931,G3_01_1_1_Chlorophyll_A_001_phosphate_plate4.tif,1,1152.000,1152,1152
4932,G3_01_1_1_Chlorophyll_A_001_phosphate_plate4.tif,1,944.000,944,944
4933,G3_01_1_1_Chlorophyll_A_001_phosphate_plate4.tif,1,976.000,976,976
4934,G3_01_1_1_Chlorophyll_A_001_phosphate_plate4.tif,1,944.000,944,944
4935,G3_01_1_1_Chlorophyll_A_001_phosphate_plate4.tif,1,960.000,960,960
4936,G3_01_1_1_Chlorophyll_A_001_phosphate_plate4.tif,1,1040.000,1040,1040
4937,G3_01_1_1_Chlorophyll_A_001_phosphate_plate4.tif,1,944.000,944,944
4938,G3_01_1_1_Chlorophyll_A_001_phosphate_plate4.tif,2,1016.000,992,1040
4939,G3_01_1_1_Chlorophyll_A_001_phosphate_plate4.tif,4,992.000,960,1040
4940,G3_01_1_1_Chlorophyll_A_001_phosphate_plate4.tif,1,976.000,976,976
4941,G3_01_1_1_Chlorophyll_A_001_phosphate_plate4.tif,1,1024.000,1024,1024
4942,G3_01_1_1_Chlorophyll_A_001_phosphate_plate4.tif,1,1040.000,1040,1040
4943,G3_01_1_1_Chlorophyll_A_001_phosphate_plate4.tif,26,1131.692,944,1376
4944,G3_01_1_1_Chlorophyll_A_001_phosphate_plate4.tif,1,1072.000,1072,1072
4945,G3_01_1_1_Chlorophyll_A_001_phosphate_plate4.tif,1,1072.000,1072,1072
4946,G3_01_1_1_Chlorophyll_A_001_phosphate_plate4.tif,1,1152.000,1152,1152
4947,G3_01_1_1_Chlorophyll_A_001_phosphate_plate4.tif,8,1040.000,976,1136
4948,G3_01_1_1_Chlorophyll_A_001_phosphate_plate4.tif,1,992.000,992,992
4949,G3_01_1_1_Chlorophyll_A_001_phosphate_plate4.tif,2,1048.000,1024,1072
4950,G3_01_1_1_Chlorophyll_A_001_phosphate_plate4.tif,3,1056.000,1040,1072
4951,G3_01_1_1_Chlorophyll_A_001_phosphate_plate4.tif,22,1035.636,944,1184
4952,G3_01_1_1_Chlorophyll_A_001_phosphate_plate4.tif,1,992.000,992,992
4953,G3_01_1_1_Chlorophyll_A_001_phosphate_plate4.tif,2,1072.000,1040,1104
4954,G3_01_1_1_Chlorophyll_A_001_phosphate_plate4.tif,2,952.000,944,960
4955,G3_01_1_1_Chlorophyll_A_001_phosphate_plate4.tif,1,1040.000,1040,1040
4956,G3_01_1_1_Chlorophyll_A_001_phosphate_plate4.tif,1,1024.000,1024,1024
4957,G3_01_1_1_Chlorophyll_A_001_phosphate_plate4.tif,1,944.000,944,944
4958,G3_01_1_1_Chlorophyll_A_001_phosphate_plate4.tif,2,960.000,960,960
4959,G3_01_1_1_Chlorophyll_A_001_phosphate_plate4.tif,1,976.000,976,976
4960,G3_01_1_1_Chlorophyll_A_001_phosphate_plate4.tif,1,976.000,976,976
4961,G3_01_1_1_Chlorophyll_A_001_phosphate_plate4.tif,1,1040.000,1040,1040
4962,G3_01_1_1_Chlorophyll_A_001_phosphate_plate4.tif,1,1008.000,1008,1008
4963,G3_01_1_1_Chlorophyll_A_001_phosphate_plate4.tif,1,1088.000,1088,1088
4964,G3_01_1_1_Chlorophyll_A_001_phosphate_plate4.tif,2,976.000,960,992
4965,G3_01_1_1_Chlorophyll_A_001_phosphate_plate4.tif,1,992.000,992,992
4966,G3_01_1_1_Chlorophyll_A_001_phosphate_plate4.tif,1,960.000,960,960
4967,G3_01_1_1_Chlorophyll_A_001_phosphate_plate4.tif,4,1048.000,1024,1104
4968,G3_01_1_1_Chlorophyll_A_001_phosphate_plate4.tif,2,1032.000,992,1072
4969,G3_01_1_1_Chlorophyll_A_001_phosphate_plate4.tif,145,3349.186,944,18752
4970,G3_01_1_1_Chlorophyll_A_001_phosphate_plate4.tif,36,1083.111,944,1424
4971,G3_01_1_1_Chlorophyll_A_001_phosphate_plate4.tif,2,976.000,960,992
4972,G3_01_1_1_Chlorophyll_A_001_phosphate_plate4.tif,1,1024.000,1024,1024
4973,G3_01_1_1_Chlorophyll_A_001_phosphate_plate4.tif,1,944.000,944,944
4974,G3_01_1_1_Chlorophyll_A_001_phosphate_plate4.tif,1,1072.000,1072,1072
4975,G3_01_1_1_Chlorophyll_A_001_phosphate_plate4.tif,1,944.000,944,944
4976,G3_01_1_1_Chlorophyll_A_001_phosphate_plate4.tif,112,3576.000,944,25600
4977,G3_01_1_1_Chlorophyll_A_001_phosphate_plate4.tif,1,1088.000,1088,1088
4978,G3_01_1_1_Chlorophyll_A_001_phosphate_plate4.tif,2,968.000,960,976
4979,G3_01_1_1_Chlorophyll_A_001_phosphate_plate4.tif,1,992.000,992,992
4980,G3_01_1_1_Chlorophyll_A_001_phosphate_plate4.tif,1,1136.000,1136,1136
4981,G3_01_1_1_Chlorophyll_A_001_phosphate_plate4.tif,1,960.000,960,960
4982,G3_01_1_1_Chlorophyll_A_001_phosphate_plate4.tif,1,944.000,944,944
4983,G3_01_1_1_Chlorophyll_A_001_phosphate_plate4.tif,1,976.000,976,976
4984,G3_01_1_1_Chlorophyll_A_001_phosphate_plate4.tif,1,960.000,960,960
4985,G3_01_1_1_Chlorophyll_A_001_phosphate_plate4.tif,1,1088.000,1088,1088
4986,G3_01_1_1_Chlorophyll_A_001_phosphate_plate4.tif,1,944.000,944,944
4987,G3_01_1_1_Chlorophyll_A_001_phosphate_plate4.tif,1,960.000,960,960
4988,G3_01_1_1_Chlorophyll_A_001_phosphate_plate4.tif,106,4593.057,944,22336
4989,G3_01_1_1_Chlorophyll_A_001_phosphate_plate4.tif,1,1024.000,1024,1024
4990,G3_01_1_1_Chlorophyll_A_001_phosphate_plate4.tif,2,1032.000,976,1088
4991,G3_01_1_1_Chlorophyll_A_001_phosphate_plate4.tif,53,1115.170,960,1440
4992,G3_01_1_1_Chlorophyll_A_001_phosphate_plate4.tif,98,1132.245,944,1408
4993,G3_01_1_1_Chlorophyll_A_001_phosphate_plate4.tif,2,1016.000,1008,1024
4994,G3_01_1_1_Chlorophyll_A_001_phosphate_plate4.tif,8,1014.000,944,1184
4995,G3_01_1_1_Chlorophyll_A_001_phosphate_plate4.tif,1,960.000,960,960
4996,G3_01_1_1_Chlorophyll_A_001_phosphate_plate4.tif,1,1104.000,1104,1104
4997,G3_01_1_1_Chlorophyll_A_001_phosphate_plate4.tif,9,1064.889,944,1216
4998,G3_01_1_1_Chlorophyll_A_001_phosphate_plate4.tif,1,992.000,992,992
4999,G3_01_1_1_Chlorophyll_A_001_phosphate_plate4.tif,1,944.000,944,944
5000,G3_01_1_1_Chlorophyll_A_001_phosphate_plate4.tif,1,1056.000,1056,1056
5001,G3_01_1_1_Chlorophyll_A_001_phosphate_plate4.tif,3,1008.000,944,1104
5002,G3_01_1_1_Chlorophyll_A_001_phosphate_plate4.tif,1,1024.000,1024,1024
5003,G3_01_1_1_Chlorophyll_A_001_phosphate_plate4.tif,1,960.000,960,960
5004,G3_01_1_1_Chlorophyll_A_001_phosphate_plate4.tif,1,1072.000,1072,1072
5005,G3_01_1_1_Chlorophyll_A_001_phosphate_plate4.tif,2,944.000,944,944
5006,G3_01_1_1_Chlorophyll_A_001_phosphate_plate4.tif,1,992.000,992,992
5007,G3_01_1_1_Chlorophyll_A_001_phosphate_plate4.tif,1,944.000,944,944
5008,G3_01_1_1_Chlorophyll_A_001_phosphate_plate4.tif,90,4843.911,944,32560
5009,G3_01_1_1_Chlorophyll_A_001_phosphate_plate4.tif,1,960.000,960,960
5010,G3_01_1_1_Chlorophyll_A_001_phosphate_plate4.tif,1,976.000,976,976
5011,G3_01_1_1_Chlorophyll_A_001_phosphate_plate4.tif,4,1028.000,944,1120
5012,G3_01_1_1_Chlorophyll_A_001_phosphate_plate4.tif,1,976.000,976,976
5013,G3_01_1_1_Chlorophyll_A_001_phosphate_plate4.tif,1,992.000,992,992
5014,G3_01_1_1_Chlorophyll_A_001_phosphate_plate4.tif,61,1032.393,944,1312
5015,G3_01_1_1_Chlorophyll_A_001_phosphate_plate4.tif,1,1104.000,1104,1104
5016,G3_01_1_1_Chlorophyll_A_001_phosphate_plate4.tif,5,1017.600,960,1088
5017,G3_01_1_1_Chlorophyll_A_001_phosphate_plate4.tif,1,944.000,944,944
5018,G3_01_1_1_Chlorophyll_A_001_phosphate_plate4.tif,1,976.000,976,976
5019,G3_01_1_1_Chlorophyll_A_001_phosphate_plate4.tif,1,1024.000,1024,1024
5020,G3_01_1_1_Chlorophyll_A_001_phosphate_plate4.tif,1,1024.000,1024,1024
5021,G3_01_1_1_Chlorophyll_A_001_phosphate_plate4.tif,2,1008.000,1008,1008
5022,G3_01_1_1_Chlorophyll_A_001_phosphate_plate4.tif,1,944.000,944,944
5023,G3_01_1_1_Chlorophyll_A_001_phosphate_plate4.tif,1,1040.000,1040,1040
5024,G3_01_1_1_Chlorophyll_A_001_phosphate_plate4.tif,1,944.000,944,944
5025,G3_01_1_1_Chlorophyll_A_001_phosphate_plate4.tif,1,960.000,960,960
5026,G3_01_1_1_Chlorophyll_A_001_phosphate_plate4.tif,1,1024.000,1024,1024
5027,G3_01_1_1_Chlorophyll_A_001_phosphate_plate4.tif,1,1088.000,1088,1088
5028,G3_01_1_1_Chlorophyll_A_001_phosphate_plate4.tif,1,1120.000,1120,1120
5029,G3_01_1_1_Chlorophyll_A_001_phosphate_plate4.tif,1,1056.000,1056,1056
5030,G3_01_1_1_Chlorophyll_A_001_phosphate_plate4.tif,3,1066.667,992,1152
5031,G3_01_1_1_Chlorophyll_A_001_phosphate_plate4.tif,1,1072.000,1072,1072
5032,G3_01_1_1_Chlorophyll_A_001_phosphate_plate4.tif,1,960.000,960,960
5033,G3_01_1_1_Chlorophyll_A_001_phosphate_plate4.tif,1,1024.000,1024,1024
5034,G3_01_1_1_Chlorophyll_A_001_phosphate_plate4.tif,1,960.000,960,960
5035,G3_01_1_1_Chlorophyll_A_001_phosphate_plate4.tif,2,976.000,960,992
5036,G3_01_1_1_Chlorophyll_A_001_phosphate_plate4.tif,33,1138.909,960,1328
5037,G3_01_1_1_Chlorophyll_A_001_phosphate_plate4.tif,33,1136.485,944,1392
5038,G3_01_1_1_Chlorophyll_A_001_phosphate_plate4.tif,19,1080.421,960,1232
5039,G3_01_1_1_Chlorophyll_A_001_phosphate_plate4.tif,1,1040.000,1040,1040
5040,G3_01_1_1_Chlorophyll_A_001_phosphate_plate4.tif,153,3497.307,944,36384
5041,G3_01_1_1_Chlorophyll_A_001_phosphate_plate4.tif,4,1040.000,960,1136
5042,G3_01_1_1_Chlorophyll_A_001_phosphate_plate4.tif,3,965.333,944,992
5043,G3_01_1_1_Chlorophyll_A_001_phosphate_plate4.tif,2,960.000,944,976
5044,G3_01_1_1_Chlorophyll_A_001_phosphate_plate4.tif,1,944.000,944,944
5045,G3_01_1_1_Chlorophyll_A_001_phosphate_plate4.tif,3,997.333,960,1040
5046,G3_01_1_1_Chlorophyll_A_001_phosphate_plate4.tif,1,992.000,992,992
5047,G3_01_1_1_Chlorophyll_A_001_phosphate_plate4.tif,1,944.000,944,944
5048,G3_01_1_1_Chlorophyll_A_001_phosphate_plate4.tif,1,992.000,992,992
5049,G3_01_1_1_Chlorophyll_A_001_phosphate_plate4.tif,2,1040.000,960,1120
5050,G3_01_1_1_Chlorophyll_A_001_phosphate_plate4.tif,1,1024.000,1024,1024
5051,G3_01_1_1_Chlorophyll_A_001_phosphate_plate4.tif,1,960.000,960,960
5052,G3_01_1_1_Chlorophyll_A_001_phosphate_plate4.tif,1,944.000,944,944
5053,G3_01_1_1_Chlorophyll_A_001_phosphate_plate4.tif,1,1024.000,1024,1024
5054,G3_01_1_1_Chlorophyll_A_001_phosphate_plate4.tif,1,960.000,960,960
5055,G3_01_1_1_Chlorophyll_A_001_phosphate_plate4.tif,1,1168.000,1168,1168
5056,G3_01_1_1_Chlorophyll_A_001_phosphate_plate4.tif,1,992.000,992,992
5057,G3_01_1_1_Chlorophyll_A_001_phosphate_plate4.tif,1,944.000,944,944
5058,G3_01_1_1_Chlorophyll_A_001_phosphate_plate4.tif,1,1056.000,1056,1056
5059,G3_01_1_1_Chlorophyll_A_001_phosphate_plate4.tif,1,976.000,976,976
5060,G3_01_1_1_Chlorophyll_A_001_phosphate_plate4.tif,1,944.000,944,944
5061,G3_01_1_1_Chlorophyll_A_001_phosphate_plate4.tif,1,1056.000,1056,1056
5062,G3_01_1_1_Chlorophyll_A_001_phosphate_plate4.tif,1,944.000,944,944
5063,G3_01_1_1_Chlorophyll_A_001_phosphate_plate4.tif,1,1008.000,1008,1008
5064,G3_01_1_1_Chlorophyll_A_001_phosphate_plate4.tif,1,1024.000,1024,1024
5065,G3_01_1_1_Chlorophyll_A_001_phosphate_plate4.tif,4,1080.000,992,1168
5066,G3_01_1_1_Chlorophyll_A_001_phosphate_plate4.tif,1,1040.000,1040,1040
5067,G3_01_1_1_Chlorophyll_A_001_phosphate_plate4.tif,2,992.000,960,1024
5068,G3_01_1_1_Chlorophyll_A_001_phosphate_plate4.tif,31,1037.419,944,1216
5069,G3_01_1_1_Chlorophyll_A_001_phosphate_plate4.tif,1,1024.000,1024,1024
5070,G3_01_1_1_Chlorophyll_A_001_phosphate_plate4.tif,2,1008.000,1008,1008
5071,G3_01_1_1_Chlorophyll_A_001_phosphate_plate4.tif,1,960.000,960,960
5072,G3_01_1_1_Chlorophyll_A_001_phosphate_plate4.tif,1,960.000,960,960
5073,G3_01_1_1_Chlorophyll_A_001_phosphate_plate4.tif,1,1072.000,1072,1072
5074,G3_01_1_1_Chlorophyll_A_001_phosphate_plate4.tif,1,976.000,976,976
5075,G3_01_1_1_Chlorophyll_A_001_phosphate_plate4.tif,1,1008.000,1008,1008
5076,G3_01_1_1_Chlorophyll_A_001_phosphate_plate4.tif,1,976.000,976,976
5077,G3_01_1_1_Chlorophyll_A_001_phosphate_plate4.tif,3,1013.333,992,1024
5078,G3_01_1_1_Chlorophyll_A_001_phosphate_plate4.tif,1,944.000,944,944
5079,G3_01_1_1_Chlorophyll_A_001_phosphate_plate4.tif,62,3068.387,976,9648
5080,G3_01_1_1_Chlorophyll_A_001_phosphate_plate4.tif,190,4813.642,944,30080
5081,G3_01_1_1_Chlorophyll_A_001_phosphate_plate4.tif,195,6343.056,944,45024
5082,G3_01_1_1_Chlorophyll_A_001_phosphate_plate4.tif,2,1136.000,1008,1264
5083,G3_01_1_1_Chlorophyll_A_001_phosphate_plate4.tif,1,1056.000,1056,1056
5084,G3_01_1_1_Chlorophyll_A_001_phosphate_plate4.tif,1,960.000,960,960
5085,G3_01_1_1_Chlorophyll_A_001_phosphate_plate4.tif,11,1009.455,976,1136
5086,G3_01_1_1_Chlorophyll_A_001_phosphate_plate4.tif,4,1000.000,960,1040
5087,G3_01_1_1_Chlorophyll_A_001_phosphate_plate4.tif,1,976.000,976,976
5088,G3_01_1_1_Chlorophyll_A_001_phosphate_plate4.tif,1,1040.000,1040,1040
5089,G3_01_1_1_Chlorophyll_A_001_phosphate_plate4.tif,1,944.000,944,944
5090,G3_01_1_1_Chlorophyll_A_001_phosphate_plate4.tif,1,976.000,976,976
5091,G3_01_1_1_Chlorophyll_A_001_phosphate_plate4.tif,96,3924.667,944,28080
5092,G3_01_1_1_Chlorophyll_A_001_phosphate_plate4.tif,1,1088.000,1088,1088
5093,G3_01_1_1_Chlorophyll_A_001_phosphate_plate4.tif,1,1072.000,1072,1072
5094,G3_01_1_1_Chlorophyll_A_001_phosphate_plate4.tif,1,976.000,976,976
5095,G3_01_1_1_Chlorophyll_A_001_phosphate_plate4.tif,1,1168.000,1168,1168
5096,G3_01_1_1_Chlorophyll_A_001_phosphate_plate4.tif,1,1008.000,1008,1008
5097,G3_01_1_1_Chlorophyll_A_001_phosphate_plate4.tif,88,3212.182,944,20736
5098,G3_01_1_1_Chlorophyll_A_001_phosphate_plate4.tif,1,992.000,992,992
5099,G3_01_1_1_Chlorophyll_A_001_phosphate_plate4.tif,1,992.000,992,992
5100,G3_01_1_1_Chlorophyll_A_001_phosphate_plate4.tif,1,944.000,944,944
5101,G3_01_1_1_Chlorophyll_A_001_phosphate_plate4.tif,5,1020.800,960,1120
5102,G3_01_1_1_Chlorophyll_A_001_phosphate_plate4.tif,6,1000.000,944,1104
5103,G3_01_1_1_Chlorophyll_A_001_phosphate_plate4.tif,21,1059.048,944,1232
5104,G3_01_1_1_Chlorophyll_A_001_phosphate_plate4.tif,71,1105.127,944,1376
5105,G3_01_1_1_Chlorophyll_A_001_phosphate_plate4.tif,6,1058.667,960,1200
5106,G3_01_1_1_Chlorophyll_A_001_phosphate_plate4.tif,1,976.000,976,976
5107,G3_01_1_1_Chlorophyll_A_001_phosphate_plate4.tif,1,1008.000,1008,1008
5108,G3_01_1_1_Chlorophyll_A_001_phosphate_plate4.tif,1,1024.000,1024,1024
5109,G3_01_1_1_Chlorophyll_A_001_phosphate_plate4.tif,1,944.000,944,944
5110,G3_01_1_1_Chlorophyll_A_001_phosphate_plate4.tif,1,960.000,960,960
5111,G3_01_1_1_Chlorophyll_A_001_phosphate_plate4.tif,1,944.000,944,944
5112,G3_01_1_1_Chlorophyll_A_001_phosphate_plate4.tif,1,1056.000,1056,1056
5113,G3_01_1_1_Chlorophyll_A_001_phosphate_plate4.tif,1,944.000,944,944
5114,G3_01_1_1_Chlorophyll_A_001_phosphate_plate4.tif,1,1168.000,1168,1168
5115,G3_01_1_1_Chlorophyll_A_001_phosphate_plate4.tif,1,1104.000,1104,1104
5116,G3_01_1_1_Chlorophyll_A_001_phosphate_plate4.tif,1,1104.000,1104,1104
5117,G3_01_1_1_Chlorophyll_A_001_phosphate_plate4.tif,1,1008.000,1008,1008
5118,G3_01_1_1_Chlorophyll_A_001_phosphate_plate4.tif,2,1000.000,976,1024
5119,G3_01_1_1_Chlorophyll_A_001_phosphate_plate4.tif,1,1008.000,1008,1008
5120,G3_01_1_1_Chlorophyll_A_001_phosphate_plate4.tif,1,944.000,944,944
5121,G3_01_1_1_Chlorophyll_A_001_phosphate_plate4.tif,1,992.000,992,992
5122,G3_01_1_1_Chlorophyll_A_001_phosphate_plate4.tif,1,944.000,944,944
5123,G3_01_1_1_Chlorophyll_A_001_phosphate_plate4.tif,100,5264.480,944,33856
5124,G3_01_1_1_Chlorophyll_A_001_phosphate_plate4.tif,1,944.000,944,944
5125,G3_01_1_1_Chlorophyll_A_001_phosphate_plate4.tif,2,1000.000,976,1024
5126,G3_01_1_1_Chlorophyll_A_001_phosphate_plate4.tif,2,984.000,944,1024
5127,G3_01_1_1_Chlorophyll_A_001_phosphate_plate4.tif,3,960.000,944,976
5128,G3_01_1_1_Chlorophyll_A_001_phosphate_plate4.tif,46,1133.913,944,1424
5129,G3_01_1_1_Chlorophyll_A_001_phosphate_plate4.tif,56,1102.286,944,1424
5130,G3_01_1_1_Chlorophyll_A_001_phosphate_plate4.tif,62,1052.387,944,1360
5131,G3_01_1_1_Chlorophyll_A_001_phosphate_plate4.tif,22,1029.818,944,1152
5132,G3_01_1_1_Chlorophyll_A_001_phosphate_plate4.tif,1,976.000,976,976
5133,G3_01_1_1_Chlorophyll_A_001_phosphate_plate4.tif,6,997.333,960,1040
5134,G3_01_1_1_Chlorophyll_A_001_phosphate_plate4.tif,2,992.000,960,1024
5135,G3_01_1_1_Chlorophyll_A_001_phosphate_plate4.tif,1,960.000,960,960
5136,G3_01_1_1_Chlorophyll_A_001_phosphate_plate4.tif,1,1056.000,1056,1056
5137,G3_01_1_1_Chlorophyll_A_001_phosphate_plate4.tif,2,984.000,976,992
5138,G3_01_1_1_Chlorophyll_A_001_phosphate_plate4.tif,1,960.000,960,960
5139,G3_01_1_1_Chlorophyll_A_001_phosphate_plate4.tif,1,976.000,976,976
5140,G3_01_1_1_Chlorophyll_A_001_phosphate_plate4.tif,106,5081.208,960,25808
5141,G3_01_1_1_Chlorophyll_A_001_phosphate_plate4.tif,1,960.000,960,960
5142,G3_01_1_1_Chlorophyll_A_001_phosphate_plate4.tif,1,944.000,944,944
5143,G3_01_1_1_Chlorophyll_A_001_phosphate_plate4.tif,1,960.000,960,960
5144,G3_01_1_1_Chlorophyll_A_001_phosphate_plate4.tif,1,960.000,960,960
5145,G3_01_1_1_Chlorophyll_A_001_phosphate_plate4.tif,1,944.000,944,944
5146,G3_01_1_1_Chlorophyll_A_001_phosphate_plate4.tif,1,960.000,960,960
5147,G3_01_1_1_Chlorophyll_A_001_phosphate_plate4.tif,1,944.000,944,944
5148,G3_01_1_1_Chlorophyll_A_001_phosphate_plate4.tif,1,944.000,944,944
5149,G3_01_1_1_Chlorophyll_A_001_phosphate_plate4.tif,1,944.000,944,944
5150,G3_01_1_1_Chlorophyll_A_001_phosphate_plate4.tif,106,1039.849,944,1248
5151,G3_01_1_1_Chlorophyll_A_001_phosphate_plate4.tif,2,992.000,944,1040
5152,G3_01_1_1_Chlorophyll_A_001_phosphate_plate4.tif,1,944.000,944,944
5153,G3_01_1_1_Chlorophyll_A_001_phosphate_plate4.tif,1,944.000,944,944
5154,G3_01_1_1_Chlorophyll_A_001_phosphate_plate4.tif,1,944.000,944,944
5155,G3_01_1_1_Chlorophyll_A_001_phosphate_plate4.tif,1,992.000,992,992
5156,G3_01_1_1_Chlorophyll_A_001_phosphate_plate4.tif,2,944.000,944,944
5157,G3_01_1_1_Chlorophyll_A_001_phosphate_plate4.tif,1,944.000,944,944
5158,G3_01_1_1_Chlorophyll_A_001_phosphate_plate4.tif,1,976.000,976,976
5159,G3_01_1_1_Chlorophyll_A_001_phosphate_plate4.tif,1,1040.000,1040,1040
5160,G3_01_1_1_Chlorophyll_A_001_phosphate_plate4.tif,1,992.000,992,992
5161,G3_01_1_1_Chlorophyll_A_001_phosphate_plate4.tif,2,992.000,976,1008
5162,G3_01_1_1_Chlorophyll_A_001_phosphate_plate4.tif,100,4139.520,944,18080
5163,G3_01_1_1_Chlorophyll_A_001_phosphate_plate4.tif,1,960.000,960,960
5164,G3_01_1_1_Chlorophyll_A_001_phosphate_plate4.tif,2,1016.000,976,1056
5165,G3_01_1_1_Chlorophyll_A_001_phosphate_plate4.tif,3,1066.667,976,1200
5166,G3_01_1_1_Chlorophyll_A_001_phosphate_plate4.tif,1,992.000,992,992
5167,G3_01_1_1_Chlorophyll_A_001_phosphate_plate4.tif,31,1149.935,944,1376
5168,G3_01_1_1_Chlorophyll_A_001_phosphate_plate4.tif,23,1098.435,960,1440
5169,G3_01_1_1_Chlorophyll_A_001_phosphate_plate4.tif,63,1090.794,944,1344
5170,G3_01_1_1_Chlorophyll_A_001_phosphate_plate4.tif,5,1027.200,1024,1040
5171,G3_01_1_1_Chlorophyll_A_001_phosphate_plate4.tif,1,944.000,944,944
5172,G3_01_1_1_Chlorophyll_A_001_phosphate_plate4.tif,2,1040.000,1024,1056
5173,G3_01_1_1_Chlorophyll_A_001_phosphate_plate4.tif,1,1088.000,1088,1088
5174,G3_01_1_1_Chlorophyll_A_001_phosphate_plate4.tif,3,960.000,944,976
5175,G3_01_1_1_Chlorophyll_A_001_phosphate_plate4.tif,1,1072.000,1072,1072
5176,G3_01_1_1_Chlorophyll_A_001_phosphate_plate4.tif,1,1072.000,1072,1072
5177,G3_01_1_1_Chlorophyll_A_001_phosphate_plate4.tif,2,968.000,944,992
5178,G3_01_1_1_Chlorophyll_A_001_phosphate_plate4.tif,1,1120.000,1120,1120
5179,G3_01_1_1_Chlorophyll_A_001_phosphate_plate4.tif,1,960.000,960,960
5180,G3_01_1_1_Chlorophyll_A_001_phosphate_plate4.tif,1,1072.000,1072,1072
5181,G3_01_1_1_Chlorophyll_A_001_phosphate_plate4.tif,1,944.000,944,944
5182,G3_01_1_1_Chlorophyll_A_001_phosphate_plate4.tif,1,1040.000,1040,1040
5183,G3_01_1_1_Chlorophyll_A_001_phosphate_plate4.tif,1,1088.000,1088,1088
5184,G3_01_1_1_Chlorophyll_A_001_phosphate_plate4.tif,1,944.000,944,944
5185,G3_01_1_1_Chlorophyll_A_001_phosphate_plate4.tif,25,1065.600,960,1264
5186,G3_01_1_1_Chlorophyll_A_001_phosphate_plate4.tif,4,1056.000,976,1152
5187,G3_01_1_1_Chlorophyll_A_001_phosphate_plate4.tif,2,976.000,944,1008
5188,G3_01_1_1_Chlorophyll_A_001_phosphate_plate4.tif,1,976.000,976,976
5189,G3_01_1_1_Chlorophyll_A_001_phosphate_plate4.tif,1,944.000,944,944
5190,G3_01_1_1_Chlorophyll_A_001_phosphate_plate4.tif,1,960.000,960,960
5191,G3_01_1_1_Chlorophyll_A_001_phosphate_plate4.tif,1,976.000,976,976
5192,G3_01_1_1_Chlorophyll_A_001_phosphate_plate4.tif,1,1024.000,1024,1024
5193,G3_01_1_1_Chlorophyll_A_001_phosphate_plate4.tif,1,992.000,992,992
5194,G3_01_1_1_Chlorophyll_A_001_phosphate_plate4.tif,1,944.000,944,944
5195,G3_01_1_1_Chlorophyll_A_001_phosphate_plate4.tif,1,944.000,944,944
5196,G3_01_1_1_Chlorophyll_A_001_phosphate_plate4.tif,1,944.000,944,944
5197,G3_01_1_1_Chlorophyll_A_001_phosphate_plate4.tif,1,960.000,960,960
5198,G3_01_1_1_Chlorophyll_A_001_phosphate_plate4.tif,2,968.000,944,992
5199,G3_01_1_1_Chlorophyll_A_001_phosphate_plate4.tif,2,1072.000,992,1152
5200,G3_01_1_1_Chlorophyll_A_001_phosphate_plate4.tif,1,976.000,976,976
5201,G3_01_1_1_Chlorophyll_A_001_phosphate_plate4.tif,1,944.000,944,944
5202,G3_01_1_1_Chlorophyll_A_001_phosphate_plate4.tif,1,1024.000,1024,1024
5203,G3_01_1_1_Chlorophyll_A_001_phosphate_plate4.tif,1,992.000,992,992
5204,G3_01_1_1_Chlorophyll_A_001_phosphate_plate4.tif,308,2164.675,944,23712
5205,G3_01_1_1_Chlorophyll_A_001_phosphate_plate4.tif,25,1110.400,944,1424
5206,G3_01_1_1_Chlorophyll_A_001_phosphate_plate4.tif,148,2437.838,944,15568
5207,G3_01_1_1_Chlorophyll_A_001_phosphate_plate4.tif,2,960.000,944,976
5208,G3_01_1_1_Chlorophyll_A_001_phosphate_plate4.tif,1,944.000,944,944
5209,G3_01_1_1_Chlorophyll_A_001_phosphate_plate4.tif,1,1024.000,1024,1024
5210,G3_01_1_1_Chlorophyll_A_001_phosphate_plate4.tif,1,1104.000,1104,1104
5211,G3_01_1_1_Chlorophyll_A_001_phosphate_plate4.tif,1,976.000,976,976
5212,G3_01_1_1_Chlorophyll_A_001_phosphate_plate4.tif,1,1088.000,1088,1088
5213,G3_01_1_1_Chlorophyll_A_001_phosphate_plate4.tif,1,944.000,944,944
5214,G3_01_1_1_Chlorophyll_A_001_phosphate_plate4.tif,15,1035.733,944,1120
5215,G3_01_1_1_Chlorophyll_A_001_phosphate_plate4.tif,24,1121.333,944,1568
5216,G3_01_1_1_Chlorophyll_A_001_phosphate_plate4.tif,5,1024.000,960,1072
5217,G3_01_1_1_Chlorophyll_A_001_phosphate_plate4.tif,1,1024.000,1024,1024
5218,G3_01_1_1_Chlorophyll_A_001_phosphate_plate4.tif,1,1168.000,1168,1168
5219,G3_01_1_1_Chlorophyll_A_001_phosphate_plate4.tif,1,1072.000,1072,1072
5220,G3_01_1_1_Chlorophyll_A_001_phosphate_plate4.tif,2,984.000,944,1024
5221,G3_01_1_1_Chlorophyll_A_001_phosphate_plate4.tif,1,960.000,960,960
5222,G3_01_1_1_Chlorophyll_A_001_phosphate_plate4.tif,2,1024.000,1008,1040
5223,G3_01_1_1_Chlorophyll_A_001_phosphate_plate4.tif,1,960.000,960,960
5224,G3_01_1_1_Chlorophyll_A_001_phosphate_plate4.tif,1,1120.000,1120,1120
5225,G3_01_1_1_Chlorophyll_A_001_phosphate_plate4.tif,1,960.000,960,960
5226,G3_01_1_1_Chlorophyll_A_001_phosphate_plate4.tif,1,1152.000,1152,1152
5227,G3_01_1_1_Chlorophyll_A_001_phosphate_plate4.tif,2,1056.000,1008,1104
5228,G3_01_1_1_Chlorophyll_A_001_phosphate_plate4.tif,22,1129.455,992,1328
5229,G3_01_1_1_Chlorophyll_A_001_phosphate_plate4.tif,24,1114.000,944,1584
5230,G3_01_1_1_Chlorophyll_A_001_phosphate_plate4.tif,9,1066.667,960,1264
5231,G3_01_1_1_Chlorophyll_A_001_phosphate_plate4.tif,3,981.333,976,992
5232,G3_01_1_1_Chlorophyll_A_001_phosphate_plate4.tif,30,1029.867,944,1264
5233,G3_01_1_1_Chlorophyll_A_001_phosphate_plate4.tif,3,1013.333,976,1072
5234,G3_01_1_1_Chlorophyll_A_001_phosphate_plate4.tif,2,1016.000,960,1072
5235,G3_01_1_1_Chlorophyll_A_001_phosphate_plate4.tif,1,1056.000,1056,1056
5236,G3_01_1_1_Chlorophyll_A_001_phosphate_plate4.tif,1,976.000,976,976
5237,G3_01_1_1_Chlorophyll_A_001_phosphate_plate4.tif,1,976.000,976,976
5238,G3_01_1_1_Chlorophyll_A_001_phosphate_plate4.tif,1,976.000,976,976
5239,G3_01_1_1_Chlorophyll_A_001_phosphate_plate4.tif,1,1008.000,1008,1008
5240,G3_01_1_1_Chlorophyll_A_001_phosphate_plate4.tif,1,1024.000,1024,1024
5241,G3_01_1_1_Chlorophyll_A_001_phosphate_plate4.tif,1,960.000,960,960
5242,G3_01_1_1_Chlorophyll_A_001_phosphate_plate4.tif,1,944.000,944,944
5243,G3_01_1_1_Chlorophyll_A_001_phosphate_plate4.tif,1,1024.000,1024,1024
5244,G3_01_1_1_Chlorophyll_A_001_phosphate_plate4.tif,1,944.000,944,944
5245,G3_01_1_1_Chlorophyll_A_001_phosphate_plate4.tif,2,1008.000,976,1040
5246,G3_01_1_1_Chlorophyll_A_001_phosphate_plate4.tif,1,1040.000,1040,1040
5247,G3_01_1_1_Chlorophyll_A_001_phosphate_plate4.tif,1,976.000,976,976
5248,G3_01_1_1_Chlorophyll_A_001_phosphate_plate4.tif,1,976.000,976,976
5249,G3_01_1_1_Chlorophyll_A_001_phosphate_plate4.tif,1,960.000,960,960
5250,G3_01_1_1_Chlorophyll_A_001_phosphate_plate4.tif,2,952.000,944,960
5251,G3_01_1_1_Chlorophyll_A_001_phosphate_plate4.tif,1,1040.000,1040,1040
5252,G3_01_1_1_Chlorophyll_A_001_phosphate_plate4.tif,1,1088.000,1088,1088
5253,G3_01_1_1_Chlorophyll_A_001_phosphate_plate4.tif,29,1185.103,976,1552
5254,G3_01_1_1_Chlorophyll_A_001_phosphate_plate4.tif,5,976.000,944,1056
5255,G3_01_1_1_Chlorophyll_A_001_phosphate_plate4.tif,1,1040.000,1040,1040
5256,G3_01_1_1_Chlorophyll_A_001_phosphate_plate4.tif,1,960.000,960,960
5257,G3_01_1_1_Chlorophyll_A_001_phosphate_plate4.tif,2,968.000,944,992
5258,G3_01_1_1_Chlorophyll_A_001_phosphate_plate4.tif,1,1072.000,1072,1072
5259,G3_01_1_1_Chlorophyll_A_001_phosphate_plate4.tif,1,992.000,992,992
5260,G3_01_1_1_Chlorophyll_A_001_phosphate_plate4.tif,1,976.000,976,976
5261,G3_01_1_1_Chlorophyll_A_001_phosphate_plate4.tif,1,1120.000,1120,1120
5262,G3_01_1_1_Chlorophyll_A_001_phosphate_plate4.tif,1,976.000,976,976
5263,G3_01_1_1_Chlorophyll_A_001_phosphate_plate4.tif,2,1096.000,944,1248
5264,G3_01_1_1_Chlorophyll_A_001_phosphate_plate4.tif,1,1008.000,1008,1008
5265,G3_01_1_1_Chlorophyll_A_001_phosphate_plate4.tif,1,944.000,944,944
5266,G3_01_1_1_Chlorophyll_A_001_phosphate_plate4.tif,1,976.000,976,976
5267,G3_01_1_1_Chlorophyll_A_001_phosphate_plate4.tif,14,1115.429,976,1440
5268,G3_01_1_1_Chlorophyll_A_001_phosphate_plate4.tif,1,944.000,944,944
5269,G3_01_1_1_Chlorophyll_A_001_phosphate_plate4.tif,1,944.000,944,944
5270,G3_01_1_1_Chlorophyll_A_001_phosphate_plate4.tif,3,986.667,944,1008
5271,G3_01_1_1_Chlorophyll_A_001_phosphate_plate4.tif,2,960.000,944,976
5272,G3_01_1_1_Chlorophyll_A_001_phosphate_plate4.tif,2,976.000,960,992
5273,G3_01_1_1_Chlorophyll_A_001_phosphate_plate4.tif,1,944.000,944,944
5274,G3_01_1_1_Chlorophyll_A_001_phosphate_plate4.tif,1,944.000,944,944
5275,G3_01_1_1_Chlorophyll_A_001_phosphate_plate4.tif,1,976.000,976,976
5276,G3_01_1_1_Chlorophyll_A_001_phosphate_plate4.tif,1,944.000,944,944
5277,G3_01_1_1_Chlorophyll_A_001_phosphate_plate4.tif,1,976.000,976,976
5278,G3_01_1_1_Chlorophyll_A_001_phosphate_plate4.tif,12,1048.000,944,1312
5279,G3_01_1_1_Chlorophyll_A_001_phosphate_plate4.tif,2,1016.000,992,1040
5280,G3_01_1_1_Chlorophyll_A_001_phosphate_plate4.tif,1,1008.000,1008,1008
5281,G3_01_1_1_Chlorophyll_A_001_phosphate_plate4.tif,1,944.000,944,944
5282,G3_01_1_1_Chlorophyll_A_001_phosphate_plate4.tif,1,944.000,944,944
5283,G3_01_1_1_Chlorophyll_A_001_phosphate_plate4.tif,31,1133.419,944,1344
5284,G3_01_1_1_Chlorophyll_A_001_phosphate_plate4.tif,344,2135.442,944,23712
5285,G3_01_1_1_Chlorophyll_A_001_phosphate_plate4.tif,18,1111.111,960,1264
5286,G3_01_1_1_Chlorophyll_A_001_phosphate_plate4.tif,50,1043.520,944,1296
5287,G3_01_1_1_Chlorophyll_A_001_phosphate_plate4.tif,1,960.000,960,960
5288,G3_01_1_1_Chlorophyll_A_001_phosphate_plate4.tif,1,976.000,976,976
5289,G3_01_1_1_Chlorophyll_A_001_phosphate_plate4.tif,4,996.000,960,1024
5290,G3_01_1_1_Chlorophyll_A_001_phosphate_plate4.tif,1,1152.000,1152,1152
5291,G3_01_1_1_Chlorophyll_A_001_phosphate_plate4.tif,1,1024.000,1024,1024
5292,G3_01_1_1_Chlorophyll_A_001_phosphate_plate4.tif,1,976.000,976,976
5293,G3_01_1_1_Chlorophyll_A_001_phosphate_plate4.tif,1,944.000,944,944
5294,G3_01_1_1_Chlorophyll_A_001_phosphate_plate4.tif,2,952.000,944,960
5295,G3_01_1_1_Chlorophyll_A_001_phosphate_plate4.tif,1,960.000,960,960
5296,G3_01_1_1_Chlorophyll_A_001_phosphate_plate4.tif,1,1040.000,1040,1040
5297,G3_01_1_1_Chlorophyll_A_001_phosphate_plate4.tif,18,1028.444,944,1280
5298,G3_01_1_1_Chlorophyll_A_001_phosphate_plate4.tif,2,1048.000,960,1136
5299,G3_01_1_1_Chlorophyll_A_001_phosphate_plate4.tif,1,1008.000,1008,1008
5300,G3_01_1_1_Chlorophyll_A_001_phosphate_plate4.tif,1,992.000,992,992
5301,G3_01_1_1_Chlorophyll_A_001_phosphate_plate4.tif,4,1024.000,944,1184
5302,G3_01_1_1_Chlorophyll_A_001_phosphate_plate4.tif,1,976.000,976,976
5303,G3_01_1_1_Chlorophyll_A_001_phosphate_plate4.tif,531,2202.395,944,34128
5304,G3_01_1_1_Chlorophyll_A_001_phosphate_plate4.tif,2,1056.000,976,1136
5305,G3_01_1_1_Chlorophyll_A_001_phosphate_plate4.tif,1,1024.000,1024,1024
5306,G3_01_1_1_Chlorophyll_A_001_phosphate_plate4.tif,1,944.000,944,944
5307,G3_01_1_1_Chlorophyll_A_001_phosphate_plate4.tif,1,976.000,976,976
5308,G3_01_1_1_Chlorophyll_A_001_phosphate_plate4.tif,3,986.667,960,1024
5309,G3_01_1_1_Chlorophyll_A_001_phosphate_plate4.tif,1,1056.000,1056,1056
5310,G3_01_1_1_Chlorophyll_A_001_phosphate_plate4.tif,7,998.857,944,1088
5311,G3_01_1_1_Chlorophyll_A_001_phosphate_plate4.tif,1,1120.000,1120,1120
5312,G3_01_1_1_Chlorophyll_A_001_phosphate_plate4.tif,1,944.000,944,944
5313,G3_01_1_1_Chlorophyll_A_001_phosphate_plate4.tif,1,944.000,944,944
5314,G3_01_1_1_Chlorophyll_A_001_phosphate_plate4.tif,1,944.000,944,944
5315,G3_01_1_1_Chlorophyll_A_001_phosphate_plate4.tif,1,944.000,944,944
5316,G3_01_1_1_Chlorophyll_A_001_phosphate_plate4.tif,1,960.000,960,960
5317,G3_01_1_1_Chlorophyll_A_001_phosphate_plate4.tif,1,976.000,976,976
5318,G3_01_1_1_Chlorophyll_A_001_phosphate_plate4.tif,1,1056.000,1056,1056
5319,G3_01_1_1_Chlorophyll_A_001_phosphate_plate4.tif,61,1091.148,944,1376
5320,G3_01_1_1_Chlorophyll_A_001_phosphate_plate4.tif,1,1040.000,1040,1040
5321,G3_01_1_1_Chlorophyll_A_001_phosphate_plate4.tif,2,976.000,976,976
5322,G3_01_1_1_Chlorophyll_A_001_phosphate_plate4.tif,1,976.000,976,976
5323,G3_01_1_1_Chlorophyll_A_001_phosphate_plate4.tif,3,970.667,944,1024
5324,G3_01_1_1_Chlorophyll_A_001_phosphate_plate4.tif,1,976.000,976,976
5325,G3_01_1_1_Chlorophyll_A_001_phosphate_plate4.tif,1,1024.000,1024,1024
5326,G3_01_1_1_Chlorophyll_A_001_phosphate_plate4.tif,1,944.000,944,944
5327,G3_01_1_1_Chlorophyll_A_001_phosphate_plate4.tif,1,1024.000,1024,1024
5328,G3_01_1_1_Chlorophyll_A_001_phosphate_plate4.tif,2,1000.000,976,1024
5329,G3_01_1_1_Chlorophyll_A_001_phosphate_plate4.tif,1,976.000,976,976
5330,G3_01_1_1_Chlorophyll_A_001_phosphate_plate4.tif,1,960.000,960,960
5331,G3_01_1_1_Chlorophyll_A_001_phosphate_plate4.tif,1,992.000,992,992
5332,G3_01_1_1_Chlorophyll_A_001_phosphate_plate4.tif,1,976.000,976,976
5333,G3_01_1_1_Chlorophyll_A_001_phosphate_plate4.tif,1,960.000,960,960
5334,G3_01_1_1_Chlorophyll_A_001_phosphate_plate4.tif,1,960.000,960,960
5335,G3_01_1_1_Chlorophyll_A_001_phosphate_plate4.tif,13,1249.231,976,1552
5336,G3_01_1_1_Chlorophyll_A_001_phosphate_plate4.tif,22,1163.636,992,1296
5337,G3_01_1_1_Chlorophyll_A_001_phosphate_plate4.tif,2,1008.000,976,1040
5338,G3_01_1_1_Chlorophyll_A_001_phosphate_plate4.tif,5,960.000,944,976
5339,G3_01_1_1_Chlorophyll_A_001_phosphate_plate4.tif,2,1064.000,944,1184
5340,G3_01_1_1_Chlorophyll_A_001_phosphate_plate4.tif,1,976.000,976,976
5341,G3_01_1_1_Chlorophyll_A_001_phosphate_plate4.tif,1,1056.000,1056,1056
5342,G3_01_1_1_Chlorophyll_A_001_phosphate_plate4.tif,2,1008.000,976,1040
5343,G3_01_1_1_Chlorophyll_A_001_phosphate_plate4.tif,1,1104.000,1104,1104
5344,G3_01_1_1_Chlorophyll_A_001_phosphate_plate4.tif,2,1000.000,960,1040
5345,G3_01_1_1_Chlorophyll_A_001_phosphate_plate4.tif,1,1008.000,1008,1008
5346,G3_01_1_1_Chlorophyll_A_001_phosphate_plate4.tif,1,1040.000,1040,1040
5347,G3_01_1_1_Chlorophyll_A_001_phosphate_plate4.tif,1,1008.000,1008,1008
5348,G3_01_1_1_Chlorophyll_A_001_phosphate_plate4.tif,1,960.000,960,960
5349,G3_01_1_1_Chlorophyll_A_001_phosphate_plate4.tif,2,968.000,944,992
5350,G3_01_1_1_Chlorophyll_A_001_phosphate_plate4.tif,1,960.000,960,960
5351,G3_01_1_1_Chlorophyll_A_001_phosphate_plate4.tif,1,992.000,992,992
5352,G3_01_1_1_Chlorophyll_A_001_phosphate_plate4.tif,145,4334.676,944,31008
5353,G3_01_1_1_Chlorophyll_A_001_phosphate_plate4.tif,1,976.000,976,976
5354,G3_01_1_1_Chlorophyll_A_001_phosphate_plate4.tif,1,1072.000,1072,1072
5355,G3_01_1_1_Chlorophyll_A_001_phosphate_plate4.tif,2,1008.000,976,1040
5356,G3_01_1_1_Chlorophyll_A_001_phosphate_plate4.tif,1,976.000,976,976
5357,G3_01_1_1_Chlorophyll_A_001_phosphate_plate4.tif,1,992.000,992,992
5358,G3_01_1_1_Chlorophyll_A_001_phosphate_plate4.tif,1,1008.000,1008,1008
5359,G3_01_1_1_Chlorophyll_A_001_phosphate_plate4.tif,1,1056.000,1056,1056
5360,G3_01_1_1_Chlorophyll_A_001_phosphate_plate4.tif,5,995.200,944,1072
5361,G3_01_1_1_Chlorophyll_A_001_phosphate_plate4.tif,75,4593.707,944,23600
5362,G3_01_1_1_Chlorophyll_A_001_phosphate_plate4.tif,1,1152.000,1152,1152
5363,G3_01_1_1_Chlorophyll_A_001_phosphate_plate4.tif,39,1141.744,960,1392
5364,G3_01_1_1_Chlorophyll_A_001_phosphate_plate4.tif,36,1093.778,944,1312
5365,G3_01_1_1_Chlorophyll_A_001_phosphate_plate4.tif,751,2814.828,944,26064
5366,G3_01_1_1_Chlorophyll_A_001_phosphate_plate4.tif,84,1048.000,944,1280
5367,G3_01_1_1_Chlorophyll_A_001_phosphate_plate4.tif,5,988.800,944,1120
5368,G3_01_1_1_Chlorophyll_A_001_phosphate_plate4.tif,1,944.000,944,944
5369,G3_01_1_1_Chlorophyll_A_001_phosphate_plate4.tif,2,992.000,944,1040
5370,G3_01_1_1_Chlorophyll_A_001_phosphate_plate4.tif,4,1008.000,976,1040
5371,G3_01_1_1_Chlorophyll_A_001_phosphate_plate4.tif,1,944.000,944,944
5372,G3_01_1_1_Chlorophyll_A_001_phosphate_plate4.tif,1,976.000,976,976
5373,G3_01_1_1_Chlorophyll_A_001_phosphate_plate4.tif,174,6557.149,944,44240
5374,G3_01_1_1_Chlorophyll_A_001_phosphate_plate4.tif,1,1104.000,1104,1104
5375,G3_01_1_1_Chlorophyll_A_001_phosphate_plate4.tif,1,1008.000,1008,1008
5376,G3_01_1_1_Chlorophyll_A_001_phosphate_plate4.tif,1,960.000,960,960
5377,G3_01_1_1_Chlorophyll_A_001_phosphate_plate4.tif,3,992.000,960,1024
5378,G3_01_1_1_Chlorophyll_A_001_phosphate_plate4.tif,1,1056.000,1056,1056
5379,G3_01_1_1_Chlorophyll_A_001_phosphate_plate4.tif,1,1120.000,1120,1120
5380,G3_01_1_1_Chlorophyll_A_001_phosphate_plate4.tif,1,960.000,960,960
5381,G3_01_1_1_Chlorophyll_A_001_phosphate_plate4.tif,423,2087.452,944,27840
5382,G3_01_1_1_Chlorophyll_A_001_phosphate_plate4.tif,30,1089.600,944,1312
5383,G3_01_1_1_Chlorophyll_A_001_phosphate_plate4.tif,1,1008.000,1008,1008
5384,G3_01_1_1_Chlorophyll_A_001_phosphate_plate4.tif,4,1024.000,976,1104
5385,G3_01_1_1_Chlorophyll_A_001_phosphate_plate4.tif,1,960.000,960,960
5386,G3_01_1_1_Chlorophyll_A_001_phosphate_plate4.tif,2,1008.000,944,1072
5387,G3_01_1_1_Chlorophyll_A_001_phosphate_plate4.tif,1,960.000,960,960
5388,G3_01_1_1_Chlorophyll_A_001_phosphate_plate4.tif,1,960.000,960,960
5389,G3_01_1_1_Chlorophyll_A_001_phosphate_plate4.tif,1,944.000,944,944
5390,G3_01_1_1_Chlorophyll_A_001_phosphate_plate4.tif,1,976.000,976,976
5391,G3_01_1_1_Chlorophyll_A_001_phosphate_plate4.tif,1,992.000,992,992
5392,G3_01_1_1_Chlorophyll_A_001_phosphate_plate4.tif,1,1072.000,1072,1072
5393,G3_01_1_1_Chlorophyll_A_001_phosphate_plate4.tif,1,992.000,992,992
5394,G3_01_1_1_Chlorophyll_A_001_phosphate_plate4.tif,2,968.000,960,976
5395,G3_01_1_1_Chlorophyll_A_001_phosphate_plate4.tif,1,976.000,976,976
5396,G3_01_1_1_Chlorophyll_A_001_phosphate_plate4.tif,1,1040.000,1040,1040
5397,G3_01_1_1_Chlorophyll_A_001_phosphate_plate4.tif,1,1024.000,1024,1024
5398,G3_01_1_1_Chlorophyll_A_001_phosphate_plate4.tif,1,992.000,992,992
5399,G3_01_1_1_Chlorophyll_A_001_phosphate_plate4.tif,1,992.000,992,992
5400,G3_01_1_1_Chlorophyll_A_001_phosphate_plate4.tif,1,1024.000,1024,1024
5401,G3_01_1_1_Chlorophyll_A_001_phosphate_plate4.tif,1,1024.000,1024,1024
5402,G3_01_1_1_Chlorophyll_A_001_phosphate_plate4.tif,1,1008.000,1008,1008
5403,G3_01_1_1_Chlorophyll_A_001_phosphate_plate4.tif,1,976.000,976,976
5404,G3_01_1_1_Chlorophyll_A_001_phosphate_plate4.tif,1,1152.000,1152,1152
5405,G3_01_1_1_Chlorophyll_A_001_phosphate_plate4.tif,2,1088.000,1040,1136
5406,G3_01_1_1_Chlorophyll_A_001_phosphate_plate4.tif,1,976.000,976,976
5407,G3_01_1_1_Chlorophyll_A_001_phosphate_plate4.tif,1,992.000,992,992
5408,G3_01_1_1_Chlorophyll_A_001_phosphate_plate4.tif,8,1088.000,976,1280
5409,G3_01_1_1_Chlorophyll_A_001_phosphate_plate4.tif,2,1024.000,960,1088
5410,G3_01_1_1_Chlorophyll_A_001_phosphate_plate4.tif,1,1008.000,1008,1008
5411,G3_01_1_1_Chlorophyll_A_001_phosphate_plate4.tif,2,944.000,944,944
5412,G3_01_1_1_Chlorophyll_A_001_phosphate_plate4.tif,1,960.000,960,960
5413,G3_01_1_1_Chlorophyll_A_001_phosphate_plate4.tif,1,1040.000,1040,1040
5414,G3_01_1_1_Chlorophyll_A_001_phosphate_plate4.tif,3,997.333,944,1040
5415,G3_01_1_1_Chlorophyll_A_001_phosphate_plate4.tif,1,960.000,960,960
5416,G3_01_1_1_Chlorophyll_A_001_phosphate_plate4.tif,1,992.000,992,992
5417,G3_01_1_1_Chlorophyll_A_001_phosphate_plate4.tif,1,1040.000,1040,1040
5418,G3_01_1_1_Chlorophyll_A_001_phosphate_plate4.tif,1,1008.000,1008,1008
5419,G3_01_1_1_Chlorophyll_A_001_phosphate_plate4.tif,1,976.000,976,976
5420,G3_01_1_1_Chlorophyll_A_001_phosphate_plate4.tif,1,944.000,944,944
5421,G3_01_1_1_Chlorophyll_A_001_phosphate_plate4.tif,2,1120.000,1024,1216
5422,G3_01_1_1_Chlorophyll_A_001_phosphate_plate4.tif,3,954.667,944,976
5423,G3_01_1_1_Chlorophyll_A_001_phosphate_plate4.tif,2,1032.000,1008,1056
5424,G3_01_1_1_Chlorophyll_A_001_phosphate_plate4.tif,66,1117.091,944,1392
5425,G3_01_1_1_Chlorophyll_A_001_phosphate_plate4.tif,2,960.000,944,976
5426,G3_01_1_1_Chlorophyll_A_001_phosphate_plate4.tif,1,992.000,992,992
5427,G3_01_1_1_Chlorophyll_A_001_phosphate_plate4.tif,1,976.000,976,976
5428,G3_01_1_1_Chlorophyll_A_001_phosphate_plate4.tif,4,1008.000,976,1056
5429,G3_01_1_1_Chlorophyll_A_001_phosphate_plate4.tif,1,944.000,944,944
5430,G3_01_1_1_Chlorophyll_A_001_phosphate_plate4.tif,1,1024.000,1024,1024
5431,G3_01_1_1_Chlorophyll_A_001_phosphate_plate4.tif,1,944.000,944,944
5432,G3_01_1_1_Chlorophyll_A_001_phosphate_plate4.tif,6,1037.333,944,1216
5433,G3_01_1_1_Chlorophyll_A_001_phosphate_plate4.tif,1,1024.000,1024,1024
5434,G3_01_1_1_Chlorophyll_A_001_phosphate_plate4.tif,1,976.000,976,976
5435,G3_01_1_1_Chlorophyll_A_001_phosphate_plate4.tif,1,944.000,944,944
5436,G3_01_1_1_Chlorophyll_A_001_phosphate_plate4.tif,2,1016.000,992,1040
5437,G3_01_1_1_Chlorophyll_A_001_phosphate_plate4.tif,1,960.000,960,960
5438,G3_01_1_1_Chlorophyll_A_001_phosphate_plate4.tif,1,976.000,976,976
5439,G3_01_1_1_Chlorophyll_A_001_phosphate_plate4.tif,1,944.000,944,944
5440,G3_01_1_1_Chlorophyll_A_001_phosphate_plate4.tif,1,960.000,960,960
5441,G3_01_1_1_Chlorophyll_A_001_phosphate_plate4.tif,7,994.286,944,1056
5442,G3_01_1_1_Chlorophyll_A_001_phosphate_plate4.tif,1,1072.000,1072,1072
5443,G3_01_1_1_Chlorophyll_A_001_phosphate_plate4.tif,1,944.000,944,944
5444,G3_01_1_1_Chlorophyll_A_001_phosphate_plate4.tif,2,984.000,976,992
5445,G3_01_1_1_Chlorophyll_A_001_phosphate_plate4.tif,1,944.000,944,944
5446,G3_01_1_1_Chlorophyll_A_001_phosphate_plate4.tif,47,1117.617,944,1408
5447,G3_01_1_1_Chlorophyll_A_001_phosphate_plate4.tif,1,1120.000,1120,1120
5448,G3_01_1_1_Chlorophyll_A_001_phosphate_plate4.tif,2,976.000,976,976
5449,G3_01_1_1_Chlorophyll_A_001_phosphate_plate4.tif,2,960.000,944,976
5450,G3_01_1_1_Chlorophyll_A_001_phosphate_plate4.tif,2,1048.000,976,1120
5451,G3_01_1_1_Chlorophyll_A_001_phosphate_plate4.tif,2,944.000,944,944
5452,G3_01_1_1_Chlorophyll_A_001_phosphate_plate4.tif,1,992.000,992,992
5453,G3_01_1_1_Chlorophyll_A_001_phosphate_plate4.tif,1,1184.000,1184,1184
5454,G3_01_1_1_Chlorophyll_A_001_phosphate_plate4.tif,2,976.000,960,992
5455,G3_01_1_1_Chlorophyll_A_001_phosphate_plate4.tif,123,3884.358,944,23168
5456,G3_01_1_1_Chlorophyll_A_001_phosphate_plate4.tif,1,1072.000,1072,1072
5457,G3_01_1_1_Chlorophyll_A_001_phosphate_plate4.tif,1,1024.000,1024,1024
5458,G3_01_1_1_Chlorophyll_A_001_phosphate_plate4.tif,1,944.000,944,944
5459,G3_01_1_1_Chlorophyll_A_001_phosphate_plate4.tif,1,992.000,992,992
5460,G3_01_1_1_Chlorophyll_A_001_phosphate_plate4.tif,1,944.000,944,944
5461,G3_01_1_1_Chlorophyll_A_001_phosphate_plate4.tif,1,944.000,944,944
5462,G3_01_1_1_Chlorophyll_A_001_phosphate_plate4.tif,1,976.000,976,976
5463,G3_01_1_1_Chlorophyll_A_001_phosphate_plate4.tif,3,1098.667,1008,1200
5464,G3_01_1_1_Chlorophyll_A_001_phosphate_plate4.tif,1,1120.000,1120,1120
5465,G3_01_1_1_Chlorophyll_A_001_phosphate_plate4.tif,2,1048.000,976,1120
5466,G3_01_1_1_Chlorophyll_A_001_phosphate_plate4.tif,3,1114.667,992,1200
5467,G3_01_1_1_Chlorophyll_A_001_phosphate_plate4.tif,1,976.000,976,976
5468,G3_01_1_1_Chlorophyll_A_001_phosphate_plate4.tif,2,1096.000,1056,1136
5469,G3_01_1_1_Chlorophyll_A_001_phosphate_plate4.tif,1,1056.000,1056,1056
5470,G3_01_1_1_Chlorophyll_A_001_phosphate_plate4.tif,2,952.000,944,960
5471,G3_01_1_1_Chlorophyll_A_001_phosphate_plate4.tif,1,960.000,960,960
5472,G3_01_1_1_Chlorophyll_A_001_phosphate_plate4.tif,1,1024.000,1024,1024
5473,G3_01_1_1_Chlorophyll_A_001_phosphate_plate4.tif,31,1027.613,944,1312
5474,G3_01_1_1_Chlorophyll_A_001_phosphate_plate4.tif,41,1059.902,944,1248
5475,G3_01_1_1_Chlorophyll_A_001_phosphate_plate4.tif,1,1104.000,1104,1104
5476,G3_01_1_1_Chlorophyll_A_001_phosphate_plate4.tif,5,1065.600,960,1328
5477,G3_01_1_1_Chlorophyll_A_001_phosphate_plate4.tif,1,960.000,960,960
5478,G3_01_1_1_Chlorophyll_A_001_phosphate_plate4.tif,1,944.000,944,944
5479,G3_01_1_1_Chlorophyll_A_001_phosphate_plate4.tif,1,1040.000,1040,1040
5480,G3_01_1_1_Chlorophyll_A_001_phosphate_plate4.tif,3,992.000,976,1008
5481,G3_01_1_1_Chlorophyll_A_001_phosphate_plate4.tif,1,1040.000,1040,1040
5482,G3_01_1_1_Chlorophyll_A_001_phosphate_plate4.tif,1,1056.000,1056,1056
5483,G3_01_1_1_Chlorophyll_A_001_phosphate_plate4.tif,1,1040.000,1040,1040
5484,G3_01_1_1_Chlorophyll_A_001_phosphate_plate4.tif,1,1216.000,1216,1216
5485,G3_01_1_1_Chlorophyll_A_001_phosphate_plate4.tif,2,1008.000,976,1040
5486,G3_01_1_1_Chlorophyll_A_001_phosphate_plate4.tif,1,992.000,992,992
5487,G3_01_1_1_Chlorophyll_A_001_phosphate_plate4.tif,1,976.000,976,976
5488,G3_01_1_1_Chlorophyll_A_001_phosphate_plate4.tif,1,1056.000,1056,1056
5489,G3_01_1_1_Chlorophyll_A_001_phosphate_plate4.tif,1,1104.000,1104,1104
5490,G3_01_1_1_Chlorophyll_A_001_phosphate_plate4.tif,1,944.000,944,944
5491,G3_01_1_1_Chlorophyll_A_001_phosphate_plate4.tif,289,6438.588,944,46832
5492,G3_01_1_1_Chlorophyll_A_001_phosphate_plate4.tif,2,984.000,944,1024
5493,G3_01_1_1_Chlorophyll_A_001_phosphate_plate4.tif,1,976.000,976,976
5494,G3_01_1_1_Chlorophyll_A_001_phosphate_plate4.tif,1,992.000,992,992
5495,G3_01_1_1_Chlorophyll_A_001_phosphate_plate4.tif,1,1024.000,1024,1024
5496,G3_01_1_1_Chlorophyll_A_001_phosphate_plate4.tif,5,1014.400,976,1056
5497,G3_01_1_1_Chlorophyll_A_001_phosphate_plate4.tif,2,952.000,944,960
5498,G3_01_1_1_Chlorophyll_A_001_phosphate_plate4.tif,2,1200.000,1136,1264
5499,G3_01_1_1_Chlorophyll_A_001_phosphate_plate4.tif,1,944.000,944,944
5500,G3_01_1_1_Chlorophyll_A_001_phosphate_plate4.tif,1,976.000,976,976
5501,G3_01_1_1_Chlorophyll_A_001_phosphate_plate4.tif,1,944.000,944,944
5502,G3_01_1_1_Chlorophyll_A_001_phosphate_plate4.tif,111,1035.532,944,1248
5503,G3_01_1_1_Chlorophyll_A_001_phosphate_plate4.tif,1,1008.000,1008,1008
5504,G3_01_1_1_Chlorophyll_A_001_phosphate_plate4.tif,1,976.000,976,976
5505,G3_01_1_1_Chlorophyll_A_001_phosphate_plate4.tif,1,976.000,976,976
5506,G3_01_1_1_Chlorophyll_A_001_phosphate_plate4.tif,1,944.000,944,944
5507,G3_01_1_1_Chlorophyll_A_001_phosphate_plate4.tif,1,992.000,992,992
5508,G3_01_1_1_Chlorophyll_A_001_phosphate_plate4.tif,1,944.000,944,944
5509,G3_01_1_1_Chlorophyll_A_001_phosphate_plate4.tif,1,1008.000,1008,1008
5510,G3_01_1_1_Chlorophyll_A_001_phosphate_plate4.tif,2,944.000,944,944
5511,G3_01_1_1_Chlorophyll_A_001_phosphate_plate4.tif,2,1024.000,1024,1024
5512,G3_01_1_1_Chlorophyll_A_001_phosphate_plate4.tif,1,944.000,944,944
5513,G3_01_1_1_Chlorophyll_A_001_phosphate_plate4.tif,2,976.000,960,992
5514,G3_01_1_1_Chlorophyll_A_001_phosphate_plate4.tif,1,992.000,992,992
5515,G3_01_1_1_Chlorophyll_A_001_phosphate_plate4.tif,46,1120.000,944,1344
5516,G3_01_1_1_Chlorophyll_A_001_phosphate_plate4.tif,28,1142.286,944,1456
5517,G3_01_1_1_Chlorophyll_A_001_phosphate_plate4.tif,4,988.000,960,1056
5518,G3_01_1_1_Chlorophyll_A_001_phosphate_plate4.tif,1,992.000,992,992
5519,G3_01_1_1_Chlorophyll_A_001_phosphate_plate4.tif,1,1056.000,1056,1056
5520,G3_01_1_1_Chlorophyll_A_001_phosphate_plate4.tif,1,1024.000,1024,1024
5521,G3_01_1_1_Chlorophyll_A_001_phosphate_plate4.tif,2,1032.000,1024,1040
5522,G3_01_1_1_Chlorophyll_A_001_phosphate_plate4.tif,2,960.000,944,976
5523,G3_01_1_1_Chlorophyll_A_001_phosphate_plate4.tif,1,960.000,960,960
5524,G3_01_1_1_Chlorophyll_A_001_phosphate_plate4.tif,1,944.000,944,944
5525,G3_01_1_1_Chlorophyll_A_001_phosphate_plate4.tif,1,1024.000,1024,1024
5526,G3_01_1_1_Chlorophyll_A_001_phosphate_plate4.tif,1,1072.000,1072,1072
5527,G3_01_1_1_Chlorophyll_A_001_phosphate_plate4.tif,1,944.000,944,944
5528,G3_01_1_1_Chlorophyll_A_001_phosphate_plate4.tif,2,968.000,960,976
5529,G3_01_1_1_Chlorophyll_A_001_phosphate_plate4.tif,2,1024.000,944,1104
5530,G3_01_1_1_Chlorophyll_A_001_phosphate_plate4.tif,1,1024.000,1024,1024
5531,G3_01_1_1_Chlorophyll_A_001_phosphate_plate4.tif,1,944.000,944,944
5532,G3_01_1_1_Chlorophyll_A_001_phosphate_plate4.tif,1,1088.000,1088,1088
5533,G3_01_1_1_Chlorophyll_A_001_phosphate_plate4.tif,1,1120.000,1120,1120
5534,G3_01_1_1_Chlorophyll_A_001_phosphate_plate4.tif,61,1118.951,960,1392
5535,G3_01_1_1_Chlorophyll_A_001_phosphate_plate4.tif,1,1008.000,1008,1008
5536,G3_01_1_1_Chlorophyll_A_001_phosphate_plate4.tif,2,1016.000,944,1088
5537,G3_01_1_1_Chlorophyll_A_001_phosphate_plate4.tif,1,1024.000,1024,1024
5538,G3_01_1_1_Chlorophyll_A_001_phosphate_plate4.tif,2,992.000,976,1008
5539,G3_01_1_1_Chlorophyll_A_001_phosphate_plate4.tif,1,944.000,944,944
5540,G3_01_1_1_Chlorophyll_A_001_phosphate_plate4.tif,1,944.000,944,944
5541,G3_01_1_1_Chlorophyll_A_001_phosphate_plate4.tif,1,976.000,976,976
5542,G3_01_1_1_Chlorophyll_A_001_phosphate_plate4.tif,1,1088.000,1088,1088
5543,G3_01_1_1_Chlorophyll_A_001_phosphate_plate4.tif,1,960.000,960,960
5544,G3_01_1_1_Chlorophyll_A_001_phosphate_plate4.tif,4,1012.000,944,1088
5545,G3_01_1_1_Chlorophyll_A_001_phosphate_plate4.tif,1,1008.000,1008,1008
5546,G3_01_1_1_Chlorophyll_A_001_phosphate_plate4.tif,4,1028.000,1008,1056
5547,G3_01_1_1_Chlorophyll_A_001_phosphate_plate4.tif,2,984.000,960,1008
5548,G3_01_1_1_Chlorophyll_A_001_phosphate_plate4.tif,1,1232.000,1232,1232
5549,G3_01_1_1_Chlorophyll_A_001_phosphate_plate4.tif,1,992.000,992,992
5550,G3_01_1_1_Chlorophyll_A_001_phosphate_plate4.tif,151,4180.662,944,29904
5551,G3_01_1_1_Chlorophyll_A_001_phosphate_plate4.tif,24,1075.333,944,1184
5552,G3_01_1_1_Chlorophyll_A_001_phosphate_plate4.tif,1,1024.000,1024,1024
5553,G3_01_1_1_Chlorophyll_A_001_phosphate_plate4.tif,2,976.000,944,1008
5554,G3_01_1_1_Chlorophyll_A_001_phosphate_plate4.tif,6,989.333,944,1040
5555,G3_01_1_1_Chlorophyll_A_001_phosphate_plate4.tif,1,976.000,976,976
5556,G3_01_1_1_Chlorophyll_A_001_phosphate_plate4.tif,2,952.000,944,960
5557,G3_01_1_1_Chlorophyll_A_001_phosphate_plate4.tif,2,1016.000,976,1056
5558,G3_01_1_1_Chlorophyll_A_001_phosphate_plate4.tif,1,1088.000,1088,1088
5559,G3_01_1_1_Chlorophyll_A_001_phosphate_plate4.tif,1,960.000,960,960
5560,G3_01_1_1_Chlorophyll_A_001_phosphate_plate4.tif,1,1152.000,1152,1152
5561,G3_01_1_1_Chlorophyll_A_001_phosphate_plate4.tif,1,1024.000,1024,1024
5562,G3_01_1_1_Chlorophyll_A_001_phosphate_plate4.tif,2,952.000,944,960
5563,G3_01_1_1_Chlorophyll_A_001_phosphate_plate4.tif,90,3972.444,944,20000
5564,G3_01_1_1_Chlorophyll_A_001_phosphate_plate4.tif,1,976.000,976,976
5565,G3_01_1_1_Chlorophyll_A_001_phosphate_plate4.tif,1,976.000,976,976
5566,G3_01_1_1_Chlorophyll_A_001_phosphate_plate4.tif,1,976.000,976,976
5567,G3_01_1_1_Chlorophyll_A_001_phosphate_plate4.tif,1,960.000,960,960
5568,G3_01_1_1_Chlorophyll_A_001_phosphate_plate4.tif,1,944.000,944,944
5569,G3_01_1_1_Chlorophyll_A_001_phosphate_plate4.tif,1,1072.000,1072,1072
5570,G3_01_1_1_Chlorophyll_A_001_phosphate_plate4.tif,2,952.000,944,960
5571,G3_01_1_1_Chlorophyll_A_001_phosphate_plate4.tif,54,1122.963,944,1424
5572,G3_01_1_1_Chlorophyll_A_001_phosphate_plate4.tif,46,1092.870,944,1488
5573,G3_01_1_1_Chlorophyll_A_001_phosphate_plate4.tif,1,976.000,976,976
5574,G3_01_1_1_Chlorophyll_A_001_phosphate_plate4.tif,1,1072.000,1072,1072
5575,G3_01_1_1_Chlorophyll_A_001_phosphate_plate4.tif,3,949.333,944,960
5576,G3_01_1_1_Chlorophyll_A_001_phosphate_plate4.tif,1,960.000,960,960
5577,G3_01_1_1_Chlorophyll_A_001_phosphate_plate4.tif,1,1040.000,1040,1040
5578,G3_01_1_1_Chlorophyll_A_001_phosphate_plate4.tif,2,976.000,960,992
5579,G3_01_1_1_Chlorophyll_A_001_phosphate_plate4.tif,1,960.000,960,960
5580,G3_01_1_1_Chlorophyll_A_001_phosphate_plate4.tif,1,976.000,976,976
5581,G3_01_1_1_Chlorophyll_A_001_phosphate_plate4.tif,1,1008.000,1008,1008
5582,G3_01_1_1_Chlorophyll_A_001_phosphate_plate4.tif,1,960.000,960,960
5583,G3_01_1_1_Chlorophyll_A_001_phosphate_plate4.tif,1,1136.000,1136,1136
5584,G3_01_1_1_Chlorophyll_A_001_phosphate_plate4.tif,1,960.000,960,960
5585,G3_01_1_1_Chlorophyll_A_001_phosphate_plate4.tif,1,944.000,944,944
5586,G3_01_1_1_Chlorophyll_A_001_phosphate_plate4.tif,1,976.000,976,976
5587,G3_01_1_1_Chlorophyll_A_001_phosphate_plate4.tif,1,960.000,960,960
5588,G3_01_1_1_Chlorophyll_A_001_phosphate_plate4.tif,70,4386.743,960,23600
5589,G3_01_1_1_Chlorophyll_A_001_phosphate_plate4.tif,2,1088.000,1024,1152
5590,G3_01_1_1_Chlorophyll_A_001_phosphate_plate4.tif,2,952.000,944,960
5591,G3_01_1_1_Chlorophyll_A_001_phosphate_plate4.tif,1,1024.000,1024,1024
5592,G3_01_1_1_Chlorophyll_A_001_phosphate_plate4.tif,1,992.000,992,992
5593,G3_01_1_1_Chlorophyll_A_001_phosphate_plate4.tif,4,976.000,960,1008
5594,G3_01_1_1_Chlorophyll_A_001_phosphate_plate4.tif,3,1066.667,944,1152
5595,G3_01_1_1_Chlorophyll_A_001_phosphate_plate4.tif,1,1024.000,1024,1024
5596,G3_01_1_1_Chlorophyll_A_001_phosphate_plate4.tif,1,976.000,976,976
5597,G3_01_1_1_Chlorophyll_A_001_phosphate_plate4.tif,1,960.000,960,960
5598,G3_01_1_1_Chlorophyll_A_001_phosphate_plate4.tif,1,960.000,960,960
5599,G3_01_1_1_Chlorophyll_A_001_phosphate_plate4.tif,2,976.000,976,976
5600,G3_01_1_1_Chlorophyll_A_001_phosphate_plate4.tif,1,1056.000,1056,1056
5601,G3_01_1_1_Chlorophyll_A_001_phosphate_plate4.tif,1,976.000,976,976
5602,G3_01_1_1_Chlorophyll_A_001_phosphate_plate4.tif,1,960.000,960,960
5603,G3_01_1_1_Chlorophyll_A_001_phosphate_plate4.tif,1,960.000,960,960
5604,G3_01_1_1_Chlorophyll_A_001_phosphate_plate4.tif,2,1048.000,1040,1056
5605,G3_01_1_1_Chlorophyll_A_001_phosphate_plate4.tif,1,944.000,944,944
5606,G3_01_1_1_Chlorophyll_A_001_phosphate_plate4.tif,44,1092.364,944,1344
5607,G3_01_1_1_Chlorophyll_A_001_phosphate_plate4.tif,1,1056.000,1056,1056
5608,G3_01_1_1_Chlorophyll_A_001_phosphate_plate4.tif,3,970.667,960,992
5609,G3_01_1_1_Chlorophyll_A_001_phosphate_plate4.tif,3,1024.000,944,1088
5610,G3_01_1_1_Chlorophyll_A_001_phosphate_plate4.tif,2,976.000,976,976
5611,G3_01_1_1_Chlorophyll_A_001_phosphate_plate4.tif,2,984.000,960,1008
5612,G3_01_1_1_Chlorophyll_A_001_phosphate_plate4.tif,1,960.000,960,960
5613,G3_01_1_1_Chlorophyll_A_001_phosphate_plate4.tif,1,960.000,960,960
5614,G3_01_1_1_Chlorophyll_A_001_phosphate_plate4.tif,1,992.000,992,992
5615,G3_01_1_1_Chlorophyll_A_001_phosphate_plate4.tif,1,960.000,960,960
5616,G3_01_1_1_Chlorophyll_A_001_phosphate_plate4.tif,1,976.000,976,976
5617,G3_01_1_1_Chlorophyll_A_001_phosphate_plate4.tif,1,976.000,976,976
5618,G3_01_1_1_Chlorophyll_A_001_phosphate_plate4.tif,1,976.000,976,976
5619,G3_01_1_1_Chlorophyll_A_001_phosphate_plate4.tif,1,1024.000,1024,1024
5620,G3_01_1_1_Chlorophyll_A_001_phosphate_plate4.tif,1,960.000,960,960
5621,G3_01_1_1_Chlorophyll_A_001_phosphate_plate4.tif,2,1048.000,1008,1088
5622,G3_01_1_1_Chlorophyll_A_001_phosphate_plate4.tif,1,992.000,992,992
5623,G3_01_1_1_Chlorophyll_A_001_phosphate_plate4.tif,1,992.000,992,992
5624,G3_01_1_1_Chlorophyll_A_001_phosphate_plate4.tif,1,944.000,944,944
5625,G3_01_1_1_Chlorophyll_A_001_phosphate_plate4.tif,1,976.000,976,976
5626,G3_01_1_1_Chlorophyll_A_001_phosphate_plate4.tif,38,1120.842,944,1392
5627,G3_01_1_1_Chlorophyll_A_001_phosphate_plate4.tif,70,1101.029,944,1456
5628,G3_01_1_1_Chlorophyll_A_001_phosphate_plate4.tif,21,999.619,944,1120
5629,G3_01_1_1_Chlorophyll_A_001_phosphate_plate4.tif,1,992.000,992,992
5630,G3_01_1_1_Chlorophyll_A_001_phosphate_plate4.tif,1,1024.000,1024,1024
5631,G3_01_1_1_Chlorophyll_A_001_phosphate_plate4.tif,2,1016.000,1008,1024
5632,G3_01_1_1_Chlorophyll_A_001_phosphate_plate4.tif,2,952.000,944,960
5633,G3_01_1_1_Chlorophyll_A_001_phosphate_plate4.tif,1,960.000,960,960
5634,G3_01_1_1_Chlorophyll_A_001_phosphate_plate4.tif,1,976.000,976,976
5635,G3_01_1_1_Chlorophyll_A_001_phosphate_plate4.tif,2,968.000,944,992
5636,G3_01_1_1_Chlorophyll_A_001_phosphate_plate4.tif,2,1080.000,992,1168
5637,G3_01_1_1_Chlorophyll_A_001_phosphate_plate4.tif,1,1024.000,1024,1024
5638,G3_01_1_1_Chlorophyll_A_001_phosphate_plate4.tif,153,3850.458,944,19360
5639,G3_01_1_1_Chlorophyll_A_001_phosphate_plate4.tif,1,944.000,944,944
5640,G3_01_1_1_Chlorophyll_A_001_phosphate_plate4.tif,1,1024.000,1024,1024
5641,G3_01_1_1_Chlorophyll_A_001_phosphate_plate4.tif,2,1008.000,976,1040
5642,G3_01_1_1_Chlorophyll_A_001_phosphate_plate4.tif,1,992.000,992,992
5643,G3_01_1_1_Chlorophyll_A_001_phosphate_plate4.tif,1,944.000,944,944
5644,G3_01_1_1_Chlorophyll_A_001_phosphate_plate4.tif,106,6177.358,944,43344
5645,G3_01_1_1_Chlorophyll_A_001_phosphate_plate4.tif,2,1048.000,944,1152
5646,G3_01_1_1_Chlorophyll_A_001_phosphate_plate4.tif,1,944.000,944,944
5647,G3_01_1_1_Chlorophyll_A_001_phosphate_plate4.tif,3,1013.333,976,1056
5648,G3_01_1_1_Chlorophyll_A_001_phosphate_plate4.tif,1,944.000,944,944
5649,G3_01_1_1_Chlorophyll_A_001_phosphate_plate4.tif,2,1112.000,1088,1136
5650,G3_01_1_1_Chlorophyll_A_001_phosphate_plate4.tif,2,960.000,944,976
5651,G3_01_1_1_Chlorophyll_A_001_phosphate_plate4.tif,2,968.000,960,976
5652,G3_01_1_1_Chlorophyll_A_001_phosphate_plate4.tif,1,992.000,992,992
5653,G3_01_1_1_Chlorophyll_A_001_phosphate_plate4.tif,1,960.000,960,960
5654,G3_01_1_1_Chlorophyll_A_001_phosphate_plate4.tif,1,1040.000,1040,1040
5655,G3_01_1_1_Chlorophyll_A_001_phosphate_plate4.tif,1,1024.000,1024,1024
5656,G3_01_1_1_Chlorophyll_A_001_phosphate_plate4.tif,1,1008.000,1008,1008
5657,G3_01_1_1_Chlorophyll_A_001_phosphate_plate4.tif,1,944.000,944,944
5658,G3_01_1_1_Chlorophyll_A_001_phosphate_plate4.tif,3,1056.000,1008,1136
5659,G3_01_1_1_Chlorophyll_A_001_phosphate_plate4.tif,116,2691.310,944,14256
5660,G3_01_1_1_Chlorophyll_A_001_phosphate_plate4.tif,1,976.000,976,976
5661,G3_01_1_1_Chlorophyll_A_001_phosphate_plate4.tif,1,1104.000,1104,1104
5662,G3_01_1_1_Chlorophyll_A_001_phosphate_plate4.tif,1,960.000,960,960
5663,G3_01_1_1_Chlorophyll_A_001_phosphate_plate4.tif,3,981.333,944,1024
5664,G3_01_1_1_Chlorophyll_A_001_phosphate_plate4.tif,60,1129.600,944,1456
5665,G3_01_1_1_Chlorophyll_A_001_phosphate_plate4.tif,315,2208.762,944,23264
5666,G3_01_1_1_Chlorophyll_A_001_phosphate_plate4.tif,1,1024.000,1024,1024
5667,G3_01_1_1_Chlorophyll_A_001_phosphate_plate4.tif,1,1024.000,1024,1024
5668,G3_01_1_1_Chlorophyll_A_001_phosphate_plate4.tif,4,980.000,976,992
5669,G3_01_1_1_Chlorophyll_A_001_phosphate_plate4.tif,3,970.667,960,976
5670,G3_01_1_1_Chlorophyll_A_001_phosphate_plate4.tif,1,944.000,944,944
5671,G3_01_1_1_Chlorophyll_A_001_phosphate_plate4.tif,1,992.000,992,992
5672,G3_01_1_1_Chlorophyll_A_001_phosphate_plate4.tif,1,992.000,992,992
5673,G3_01_1_1_Chlorophyll_A_001_phosphate_plate4.tif,1,944.000,944,944
5674,G3_01_1_1_Chlorophyll_A_001_phosphate_plate4.tif,1,976.000,976,976
5675,G3_01_1_1_Chlorophyll_A_001_phosphate_plate4.tif,1,960.000,960,960
5676,G3_01_1_1_Chlorophyll_A_001_phosphate_plate4.tif,1,1072.000,1072,1072
5677,G3_01_1_1_Chlorophyll_A_001_phosphate_plate4.tif,7,1044.571,944,1344
5678,G3_01_1_1_Chlorophyll_A_001_phosphate_plate4.tif,2,968.000,960,976
5679,G3_01_1_1_Chlorophyll_A_001_phosphate_plate4.tif,28,1086.286,944,1296
5680,G3_01_1_1_Chlorophyll_A_001_phosphate_plate4.tif,74,1118.054,944,1408
5681,G3_01_1_1_Chlorophyll_A_001_phosphate_plate4.tif,63,1081.905,944,1424
5682,G3_01_1_1_Chlorophyll_A_001_phosphate_plate4.tif,11,1111.273,944,1264
5683,G3_01_1_1_Chlorophyll_A_001_phosphate_plate4.tif,56,1067.429,944,1296
5684,G3_01_1_1_Chlorophyll_A_001_phosphate_plate4.tif,1,944.000,944,944
5685,G3_01_1_1_Chlorophyll_A_001_phosphate_plate4.tif,2,1040.000,1040,1040
5686,G3_01_1_1_Chlorophyll_A_001_phosphate_plate4.tif,2,976.000,960,992
5687,G3_01_1_1_Chlorophyll_A_001_phosphate_plate4.tif,3,1008.000,960,1072
5688,G3_01_1_1_Chlorophyll_A_001_phosphate_plate4.tif,2,976.000,944,1008
5689,G3_01_1_1_Chlorophyll_A_001_phosphate_plate4.tif,1,992.000,992,992
5690,G3_01_1_1_Chlorophyll_A_001_phosphate_plate4.tif,2,968.000,960,976
5691,G3_01_1_1_Chlorophyll_A_001_phosphate_plate4.tif,124,3859.355,944,27440
5692,G3_01_1_1_Chlorophyll_A_001_phosphate_plate4.tif,68,4774.118,960,31440
5693,G3_01_1_1_Chlorophyll_A_001_phosphate_plate4.tif,1,1024.000,1024,1024
5694,G3_01_1_1_Chlorophyll_A_001_phosphate_plate4.tif,1,944.000,944,944
5695,G3_01_1_1_Chlorophyll_A_001_phosphate_plate4.tif,1,944.000,944,944
5696,G3_01_1_1_Chlorophyll_A_001_phosphate_plate4.tif,6,1072.000,992,1168
5697,G3_01_1_1_Chlorophyll_A_001_phosphate_plate4.tif,1,1056.000,1056,1056
5698,G3_01_1_1_Chlorophyll_A_001_phosphate_plate4.tif,1,976.000,976,976
5699,G3_01_1_1_Chlorophyll_A_001_phosphate_plate4.tif,873,2898.034,944,42656
5700,G3_01_1_1_Chlorophyll_A_001_phosphate_plate4.tif,3,960.000,944,976
5701,G3_01_1_1_Chlorophyll_A_001_phosphate_plate4.tif,2,1000.000,944,1056
5702,G3_01_1_1_Chlorophyll_A_001_phosphate_plate4.tif,1,1072.000,1072,1072
5703,G3_01_1_1_Chlorophyll_A_001_phosphate_plate4.tif,2,960.000,960,960
5704,G3_01_1_1_Chlorophyll_A_001_phosphate_plate4.tif,1,960.000,960,960
5705,G3_01_1_1_Chlorophyll_A_001_phosphate_plate4.tif,1,944.000,944,944
5706,G3_01_1_1_Chlorophyll_A_001_phosphate_plate4.tif,1,960.000,960,960
5707,G3_01_1_1_Chlorophyll_A_001_phosphate_plate4.tif,1,944.000,944,944
5708,G3_01_1_1_Chlorophyll_A_001_phosphate_plate4.tif,1,960.000,960,960
5709,G3_01_1_1_Chlorophyll_A_001_phosphate_plate4.tif,1,960.000,960,960
5710,G3_01_1_1_Chlorophyll_A_001_phosphate_plate4.tif,1,976.000,976,976
5711,G3_01_1_1_Chlorophyll_A_001_phosphate_plate4.tif,1,944.000,944,944
5712,G3_01_1_1_Chlorophyll_A_001_phosphate_plate4.tif,1,960.000,960,960
5713,G3_01_1_1_Chlorophyll_A_001_phosphate_plate4.tif,9,1054.222,944,1200
5714,G3_01_1_1_Chlorophyll_A_001_phosphate_plate4.tif,43,1128.186,944,1376
5715,G3_01_1_1_Chlorophyll_A_001_phosphate_plate4.tif,1,944.000,944,944
5716,G3_01_1_1_Chlorophyll_A_001_phosphate_plate4.tif,1,960.000,960,960
5717,G3_01_1_1_Chlorophyll_A_001_phosphate_plate4.tif,1,1056.000,1056,1056
5718,G3_01_1_1_Chlorophyll_A_001_phosphate_plate4.tif,2,952.000,944,960
5719,G3_01_1_1_Chlorophyll_A_001_phosphate_plate4.tif,2,968.000,960,976
5720,G3_01_1_1_Chlorophyll_A_001_phosphate_plate4.tif,1,1024.000,1024,1024
5721,G3_01_1_1_Chlorophyll_A_001_phosphate_plate4.tif,1,1120.000,1120,1120
5722,G3_01_1_1_Chlorophyll_A_001_phosphate_plate4.tif,1,960.000,960,960
5723,G3_01_1_1_Chlorophyll_A_001_phosphate_plate4.tif,1,1008.000,1008,1008
5724,G3_01_1_1_Chlorophyll_A_001_phosphate_plate4.tif,2,968.000,960,976
5725,G3_01_1_1_Chlorophyll_A_001_phosphate_plate4.tif,1,1216.000,1216,1216
5726,G3_01_1_1_Chlorophyll_A_001_phosphate_plate4.tif,90,4018.489,944,26304
5727,G3_01_1_1_Chlorophyll_A_001_phosphate_plate4.tif,1,976.000,976,976
5728,G3_01_1_1_Chlorophyll_A_001_phosphate_plate4.tif,1,960.000,960,960
5729,G3_01_1_1_Chlorophyll_A_001_phosphate_plate4.tif,1,1136.000,1136,1136
5730,G3_01_1_1_Chlorophyll_A_001_phosphate_plate4.tif,1,960.000,960,960
5731,G3_01_1_1_Chlorophyll_A_001_phosphate_plate4.tif,1,1072.000,1072,1072
5732,G3_01_1_1_Chlorophyll_A_001_phosphate_plate4.tif,1,1168.000,1168,1168
5733,G3_01_1_1_Chlorophyll_A_001_phosphate_plate4.tif,1,992.000,992,992
5734,G3_01_1_1_Chlorophyll_A_001_phosphate_plate4.tif,39,1139.692,944,1568
5735,G3_01_1_1_Chlorophyll_A_001_phosphate_plate4.tif,4,1116.000,1024,1232
5736,G3_01_1_1_Chlorophyll_A_001_phosphate_plate4.tif,2,1128.000,992,1264
5737,G3_01_1_1_Chlorophyll_A_001_phosphate_plate4.tif,5,1030.400,944,1168
5738,G3_01_1_1_Chlorophyll_A_001_phosphate_plate4.tif,3,1104.000,992,1280
5739,G3_01_1_1_Chlorophyll_A_001_phosphate_plate4.tif,3,981.333,960,1024
5740,G3_01_1_1_Chlorophyll_A_001_phosphate_plate4.tif,2,960.000,944,976
5741,G3_01_1_1_Chlorophyll_A_001_phosphate_plate4.tif,1,1040.000,1040,1040
5742,G3_01_1_1_Chlorophyll_A_001_phosphate_plate4.tif,87,4386.943,944,26096
5743,G3_01_1_1_Chlorophyll_A_001_phosphate_plate4.tif,1,944.000,944,944
5744,G3_01_1_1_Chlorophyll_A_001_phosphate_plate4.tif,1,944.000,944,944
5745,G3_01_1_1_Chlorophyll_A_001_phosphate_plate4.tif,1,1008.000,1008,1008
5746,G3_01_1_1_Chlorophyll_A_001_phosphate_plate4.tif,23,1105.391,944,1424
5747,G3_01_1_1_Chlorophyll_A_001_phosphate_plate4.tif,7,1051.429,944,1216
5748,G3_01_1_1_Chlorophyll_A_001_phosphate_plate4.tif,2,1096.000,1056,1136
5749,G3_01_1_1_Chlorophyll_A_001_phosphate_plate4.tif,1,1040.000,1040,1040
5750,G3_01_1_1_Chlorophyll_A_001_phosphate_plate4.tif,1,1008.000,1008,1008
5751,G3_01_1_1_Chlorophyll_A_001_phosphate_plate4.tif,1,1040.000,1040,1040
5752,G3_01_1_1_Chlorophyll_A_001_phosphate_plate4.tif,1,1024.000,1024,1024
5753,G3_01_1_1_Chlorophyll_A_001_phosphate_plate4.tif,1,944.000,944,944
5754,G3_01_1_1_Chlorophyll_A_001_phosphate_plate4.tif,1,1056.000,1056,1056
5755,G3_01_1_1_Chlorophyll_A_001_phosphate_plate4.tif,1,976.000,976,976
5756,G3_01_1_1_Chlorophyll_A_001_phosphate_plate4.tif,1,944.000,944,944
5757,G3_01_1_1_Chlorophyll_A_001_phosphate_plate4.tif,1,1088.000,1088,1088
5758,G3_01_1_1_Chlorophyll_A_001_phosphate_plate4.tif,1,1104.000,1104,1104
5759,G3_01_1_1_Chlorophyll_A_001_phosphate_plate4.tif,1,976.000,976,976
5760,G3_01_1_1_Chlorophyll_A_001_phosphate_plate4.tif,1,944.000,944,944
5761,G3_01_1_1_Chlorophyll_A_001_phosphate_plate4.tif,1,976.000,976,976
5762,G3_01_1_1_Chlorophyll_A_001_phosphate_plate4.tif,21,1015.619,944,1152
5763,G3_01_1_1_Chlorophyll_A_001_phosphate_plate4.tif,1,1152.000,1152,1152
5764,G3_01_1_1_Chlorophyll_A_001_phosphate_plate4.tif,1,976.000,976,976
5765,G3_01_1_1_Chlorophyll_A_001_phosphate_plate4.tif,1,1024.000,1024,1024
5766,G3_01_1_1_Chlorophyll_A_001_phosphate_plate4.tif,2,1112.000,960,1264
5767,G3_01_1_1_Chlorophyll_A_001_phosphate_plate4.tif,1,960.000,960,960
5768,G3_01_1_1_Chlorophyll_A_001_phosphate_plate4.tif,1,1008.000,1008,1008
5769,G3_01_1_1_Chlorophyll_A_001_phosphate_plate4.tif,1,960.000,960,960
5770,G3_01_1_1_Chlorophyll_A_001_phosphate_plate4.tif,1,1008.000,1008,1008
5771,G3_01_1_1_Chlorophyll_A_001_phosphate_plate4.tif,2,952.000,944,960
5772,G3_01_1_1_Chlorophyll_A_001_phosphate_plate4.tif,1,944.000,944,944
5773,G3_01_1_1_Chlorophyll_A_001_phosphate_plate4.tif,105,5263.086,944,36080
5774,G3_01_1_1_Chlorophyll_A_001_phosphate_plate4.tif,1,960.000,960,960
5775,G3_01_1_1_Chlorophyll_A_001_phosphate_plate4.tif,127,2614.047,944,22800
5776,G3_01_1_1_Chlorophyll_A_001_phosphate_plate4.tif,1,992.000,992,992
5777,G3_01_1_1_Chlorophyll_A_001_phosphate_plate4.tif,1,944.000,944,944
5778,G3_01_1_1_Chlorophyll_A_001_phosphate_plate4.tif,1,976.000,976,976
5779,G3_01_1_1_Chlorophyll_A_001_phosphate_plate4.tif,28,1090.286,944,1392
5780,G3_01_1_1_Chlorophyll_A_001_phosphate_plate4.tif,19,1022.316,944,1136
5781,G3_01_1_1_Chlorophyll_A_001_phosphate_plate4.tif,6,1000.000,944,1024
5782,G3_01_1_1_Chlorophyll_A_001_phosphate_plate4.tif,1,976.000,976,976
5783,G3_01_1_1_Chlorophyll_A_001_phosphate_plate4.tif,1,1072.000,1072,1072
5784,G3_01_1_1_Chlorophyll_A_001_phosphate_plate4.tif,1,992.000,992,992
5785,G3_01_1_1_Chlorophyll_A_001_phosphate_plate4.tif,1,976.000,976,976
5786,G3_01_1_1_Chlorophyll_A_001_phosphate_plate4.tif,1,960.000,960,960
5787,G3_01_1_1_Chlorophyll_A_001_phosphate_plate4.tif,1,944.000,944,944
5788,G3_01_1_1_Chlorophyll_A_001_phosphate_plate4.tif,32,1074.500,944,1328
5789,G3_01_1_1_Chlorophyll_A_001_phosphate_plate4.tif,42,1114.667,944,1296
5790,G3_01_1_1_Chlorophyll_A_001_phosphate_plate4.tif,25,1111.040,960,1360
5791,G3_01_1_1_Chlorophyll_A_001_phosphate_plate4.tif,2,1080.000,1008,1152
5792,G3_01_1_1_Chlorophyll_A_001_phosphate_plate4.tif,1,1072.000,1072,1072
5793,G3_01_1_1_Chlorophyll_A_001_phosphate_plate4.tif,3,981.333,960,992
5794,G3_01_1_1_Chlorophyll_A_001_phosphate_plate4.tif,1,1008.000,1008,1008
5795,G3_01_1_1_Chlorophyll_A_001_phosphate_plate4.tif,1,960.000,960,960
5796,G3_01_1_1_Chlorophyll_A_001_phosphate_plate4.tif,2,1032.000,976,1088
5797,G3_01_1_1_Chlorophyll_A_001_phosphate_plate4.tif,1,1040.000,1040,1040
5798,G3_01_1_1_Chlorophyll_A_001_phosphate_plate4.tif,1,976.000,976,976
5799,G3_01_1_1_Chlorophyll_A_001_phosphate_plate4.tif,1,1056.000,1056,1056
5800,G3_01_1_1_Chlorophyll_A_001_phosphate_plate4.tif,1,1104.000,1104,1104
5801,G3_01_1_1_Chlorophyll_A_001_phosphate_plate4.tif,1,992.000,992,992
5802,G3_01_1_1_Chlorophyll_A_001_phosphate_plate4.tif,1,1040.000,1040,1040
5803,G3_01_1_1_Chlorophyll_A_001_phosphate_plate4.tif,1,1232.000,1232,1232
5804,G3_01_1_1_Chlorophyll_A_001_phosphate_plate4.tif,1,1120.000,1120,1120
5805,G3_01_1_1_Chlorophyll_A_001_phosphate_plate4.tif,1,944.000,944,944
5806,G3_01_1_1_Chlorophyll_A_001_phosphate_plate4.tif,2,944.000,944,944
5807,G3_01_1_1_Chlorophyll_A_001_phosphate_plate4.tif,1,1072.000,1072,1072
5808,G3_01_1_1_Chlorophyll_A_001_phosphate_plate4.tif,1,1008.000,1008,1008
5809,G3_01_1_1_Chlorophyll_A_001_phosphate_plate4.tif,5,1017.600,976,1104
5810,G3_01_1_1_Chlorophyll_A_001_phosphate_plate4.tif,2,944.000,944,944
5811,G3_01_1_1_Chlorophyll_A_001_phosphate_plate4.tif,1,1136.000,1136,1136
5812,G3_01_1_1_Chlorophyll_A_001_phosphate_plate4.tif,1,1024.000,1024,1024
5813,G3_01_1_1_Chlorophyll_A_001_phosphate_plate4.tif,1,944.000,944,944
5814,G3_01_1_1_Chlorophyll_A_001_phosphate_plate4.tif,144,3958.222,944,22512
5815,G3_01_1_1_Chlorophyll_A_001_phosphate_plate4.tif,70,3705.829,944,16000
5816,G3_01_1_1_Chlorophyll_A_001_phosphate_plate4.tif,1,1072.000,1072,1072
5817,G3_01_1_1_Chlorophyll_A_001_phosphate_plate4.tif,68,4466.353,944,19552
5818,G3_01_1_1_Chlorophyll_A_001_phosphate_plate4.tif,2,1072.000,1008,1136
5819,G3_01_1_1_Chlorophyll_A_001_phosphate_plate4.tif,1,960.000,960,960
5820,G3_01_1_1_Chlorophyll_A_001_phosphate_plate4.tif,22,1098.909,944,1296
5821,G3_01_1_1_Chlorophyll_A_001_phosphate_plate4.tif,20,1108.000,976,1264
5822,G3_01_1_1_Chlorophyll_A_001_phosphate_plate4.tif,75,1051.093,944,1248
5823,G3_01_1_1_Chlorophyll_A_001_phosphate_plate4.tif,1,960.000,960,960
5824,G3_01_1_1_Chlorophyll_A_001_phosphate_plate4.tif,1,960.000,960,960
5825,G3_01_1_1_Chlorophyll_A_001_phosphate_plate4.tif,1,960.000,960,960
5826,G3_01_1_1_Chlorophyll_A_001_phosphate_plate4.tif,1,1136.000,1136,1136
5827,G3_01_1_1_Chlorophyll_A_001_phosphate_plate4.tif,1,960.000,960,960
5828,G3_01_1_1_Chlorophyll_A_001_phosphate_plate4.tif,1,976.000,976,976
5829,G3_01_1_1_Chlorophyll_A_001_phosphate_plate4.tif,1,944.000,944,944
5830,G3_01_1_1_Chlorophyll_A_001_phosphate_plate4.tif,1,944.000,944,944
5831,G3_01_1_1_Chlorophyll_A_001_phosphate_plate4.tif,2,1032.000,992,1072
5832,G3_01_1_1_Chlorophyll_A_001_phosphate_plate4.tif,2,1000.000,944,1056
5833,G3_01_1_1_Chlorophyll_A_001_phosphate_plate4.tif,12,992.000,944,1088
5834,G3_01_1_1_Chlorophyll_A_001_phosphate_plate4.tif,1,1040.000,1040,1040
5835,G3_01_1_1_Chlorophyll_A_001_phosphate_plate4.tif,1,944.000,944,944
5836,G3_01_1_1_Chlorophyll_A_001_phosphate_plate4.tif,1,960.000,960,960
5837,G3_01_1_1_Chlorophyll_A_001_phosphate_plate4.tif,26,1113.231,944,1488
5838,G3_01_1_1_Chlorophyll_A_001_phosphate_plate4.tif,50,1138.560,960,1408
5839,G3_01_1_1_Chlorophyll_A_001_phosphate_plate4.tif,18,1127.111,976,1360
5840,G3_01_1_1_Chlorophyll_A_001_phosphate_plate4.tif,37,1115.243,960,1376
5841,G3_01_1_1_Chlorophyll_A_001_phosphate_plate4.tif,67,1108.299,944,1568
5842,G3_01_1_1_Chlorophyll_A_001_phosphate_plate4.tif,31,1063.226,944,1232
5843,G3_01_1_1_Chlorophyll_A_001_phosphate_plate4.tif,49,1030.857,944,1280
5844,G3_01_1_1_Chlorophyll_A_001_phosphate_plate4.tif,1,1040.000,1040,1040
5845,G3_01_1_1_Chlorophyll_A_001_phosphate_plate4.tif,6,1018.667,960,1088
5846,G3_01_1_1_Chlorophyll_A_001_phosphate_plate4.tif,4,1004.000,960,1056
5847,G3_01_1_1_Chlorophyll_A_001_phosphate_plate4.tif,2,1096.000,1040,1152
5848,G3_01_1_1_Chlorophyll_A_001_phosphate_plate4.tif,1,960.000,960,960
5849,G3_01_1_1_Chlorophyll_A_001_phosphate_plate4.tif,1,992.000,992,992
5850,G3_01_1_1_Chlorophyll_A_001_phosphate_plate4.tif,1,944.000,944,944
5851,G3_01_1_1_Chlorophyll_A_001_phosphate_plate4.tif,1,1040.000,1040,1040
5852,G3_01_1_1_Chlorophyll_A_001_phosphate_plate4.tif,1,960.000,960,960
5853,G3_01_1_1_Chlorophyll_A_001_phosphate_plate4.tif,2,1024.000,960,1088
5854,G3_01_1_1_Chlorophyll_A_001_phosphate_plate4.tif,1,976.000,976,976
5855,G3_01_1_1_Chlorophyll_A_001_phosphate_plate4.tif,1,1040.000,1040,1040
5856,G3_01_1_1_Chlorophyll_A_001_phosphate_plate4.tif,1,960.000,960,960
5857,G3_01_1_1_Chlorophyll_A_001_phosphate_plate4.tif,100,5180.480,976,35728
5858,G3_01_1_1_Chlorophyll_A_001_phosphate_plate4.tif,2,952.000,944,960
5859,G3_01_1_1_Chlorophyll_A_001_phosphate_plate4.tif,1,1088.000,1088,1088
5860,G3_01_1_1_Chlorophyll_A_001_phosphate_plate4.tif,81,1114.667,944,1376
5861,G3_01_1_1_Chlorophyll_A_001_phosphate_plate4.tif,27,1098.667,976,1264
5862,G3_01_1_1_Chlorophyll_A_001_phosphate_plate4.tif,67,1097.791,944,1424
5863,G3_01_1_1_Chlorophyll_A_001_phosphate_plate4.tif,1,960.000,960,960
5864,G3_01_1_1_Chlorophyll_A_001_phosphate_plate4.tif,2,1032.000,992,1072
5865,G3_01_1_1_Chlorophyll_A_001_phosphate_plate4.tif,1,1104.000,1104,1104
5866,G3_01_1_1_Chlorophyll_A_001_phosphate_plate4.tif,2,944.000,944,944
5867,G3_01_1_1_Chlorophyll_A_001_phosphate_plate4.tif,1,944.000,944,944
5868,G3_01_1_1_Chlorophyll_A_001_phosphate_plate4.tif,6,1069.333,960,1264
5869,G3_01_1_1_Chlorophyll_A_001_phosphate_plate4.tif,1,1024.000,1024,1024
5870,G3_01_1_1_Chlorophyll_A_001_phosphate_plate4.tif,5,992.000,960,1072
5871,G3_01_1_1_Chlorophyll_A_001_phosphate_plate4.tif,2,1048.000,1008,1088
5872,G3_01_1_1_Chlorophyll_A_001_phosphate_plate4.tif,1,1008.000,1008,1008
5873,G3_01_1_1_Chlorophyll_A_001_phosphate_plate4.tif,1,992.000,992,992
5874,G3_01_1_1_Chlorophyll_A_001_phosphate_plate4.tif,2,976.000,944,1008
5875,G3_01_1_1_Chlorophyll_A_001_phosphate_plate4.tif,1,1024.000,1024,1024
5876,G3_01_1_1_Chlorophyll_A_001_phosphate_plate4.tif,1,1184.000,1184,1184
5877,G3_01_1_1_Chlorophyll_A_001_phosphate_plate4.tif,1,976.000,976,976
5878,G3_01_1_1_Chlorophyll_A_001_phosphate_plate4.tif,1,944.000,944,944
5879,G3_01_1_1_Chlorophyll_A_001_phosphate_plate4.tif,1,976.000,976,976
5880,G3_01_1_1_Chlorophyll_A_001_phosphate_plate4.tif,1,1120.000,1120,1120
5881,G3_01_1_1_Chlorophyll_A_001_phosphate_plate4.tif,2,968.000,944,992
5882,G3_01_1_1_Chlorophyll_A_001_phosphate_plate4.tif,1,992.000,992,992
5883,G3_01_1_1_Chlorophyll_A_001_phosphate_plate4.tif,1,944.000,944,944
5884,G3_01_1_1_Chlorophyll_A_001_phosphate_plate4.tif,1,976.000,976,976
5885,G3_01_1_1_Chlorophyll_A_001_phosphate_plate4.tif,17,1086.118,944,1344
5886,G3_01_1_1_Chlorophyll_A_001_phosphate_plate4.tif,2,1016.000,992,1040
5887,G3_01_1_1_Chlorophyll_A_001_phosphate_plate4.tif,2,976.000,976,976
5888,G3_01_1_1_Chlorophyll_A_001_phosphate_plate4.tif,1,960.000,960,960
5889,G3_01_1_1_Chlorophyll_A_001_phosphate_plate4.tif,1,1024.000,1024,1024
5890,G3_01_1_1_Chlorophyll_A_001_phosphate_plate4.tif,1,992.000,992,992
5891,G3_01_1_1_Chlorophyll_A_001_phosphate_plate4.tif,1,960.000,960,960
5892,G3_01_1_1_Chlorophyll_A_001_phosphate_plate4.tif,1,960.000,960,960
5893,G3_01_1_1_Chlorophyll_A_001_phosphate_plate4.tif,1,960.000,960,960
5894,G3_01_1_1_Chlorophyll_A_001_phosphate_plate4.tif,1,960.000,960,960
5895,G3_01_1_1_Chlorophyll_A_001_phosphate_plate4.tif,1,992.000,992,992
5896,G3_01_1_1_Chlorophyll_A_001_phosphate_plate4.tif,1,976.000,976,976
5897,G3_01_1_1_Chlorophyll_A_001_phosphate_plate4.tif,1,960.000,960,960
5898,G3_01_1_1_Chlorophyll_A_001_phosphate_plate4.tif,1,1136.000,1136,1136
5899,G3_01_1_1_Chlorophyll_A_001_phosphate_plate4.tif,1,992.000,992,992
5900,G3_01_1_1_Chlorophyll_A_001_phosphate_plate4.tif,1,1024.000,1024,1024
5901,G3_01_1_1_Chlorophyll_A_001_phosphate_plate4.tif,1,944.000,944,944
5902,G3_01_1_1_Chlorophyll_A_001_phosphate_plate4.tif,1,944.000,944,944
5903,G3_01_1_1_Chlorophyll_A_001_phosphate_plate4.tif,1,960.000,960,960
5904,G3_01_1_1_Chlorophyll_A_001_phosphate_plate4.tif,20,1118.400,960,1248
5905,G3_01_1_1_Chlorophyll_A_001_phosphate_plate4.tif,41,1038.829,944,1328
5906,G3_01_1_1_Chlorophyll_A_001_phosphate_plate4.tif,15,1015.467,944,1136
5907,G3_01_1_1_Chlorophyll_A_001_phosphate_plate4.tif,2,968.000,944,992
5908,G3_01_1_1_Chlorophyll_A_001_phosphate_plate4.tif,1,976.000,976,976
5909,G3_01_1_1_Chlorophyll_A_001_phosphate_plate4.tif,2,1048.000,1024,1072
5910,G3_01_1_1_Chlorophyll_A_001_phosphate_plate4.tif,1,992.000,992,992
5911,G3_01_1_1_Chlorophyll_A_001_phosphate_plate4.tif,2,1080.000,1072,1088
5912,G3_01_1_1_Chlorophyll_A_001_phosphate_plate4.tif,1,1024.000,1024,1024
5913,G3_01_1_1_Chlorophyll_A_001_phosphate_plate4.tif,1,960.000,960,960
5914,G3_01_1_1_Chlorophyll_A_001_phosphate_plate4.tif,6,968.000,944,1024
5915,G3_01_1_1_Chlorophyll_A_001_phosphate_plate4.tif,1,960.000,960,960
5916,G3_01_1_1_Chlorophyll_A_001_phosphate_plate4.tif,4,1072.000,992,1136
5917,G3_01_1_1_Chlorophyll_A_001_phosphate_plate4.tif,1,960.000,960,960
5918,G3_01_1_1_Chlorophyll_A_001_phosphate_plate4.tif,1,1056.000,1056,1056
5919,G3_01_1_1_Chlorophyll_A_001_phosphate_plate4.tif,2,960.000,960,960
5920,G3_01_1_1_Chlorophyll_A_001_phosphate_plate4.tif,2,944.000,944,944
5921,G3_01_1_1_Chlorophyll_A_001_phosphate_plate4.tif,1,944.000,944,944
5922,G3_01_1_1_Chlorophyll_A_001_phosphate_plate4.tif,1,1088.000,1088,1088
5923,G3_01_1_1_Chlorophyll_A_001_phosphate_plate4.tif,1,992.000,992,992
5924,G3_01_1_1_Chlorophyll_A_001_phosphate_plate4.tif,1,976.000,976,976
5925,G3_01_1_1_Chlorophyll_A_001_phosphate_plate4.tif,1,1056.000,1056,1056
5926,G3_01_1_1_Chlorophyll_A_001_phosphate_plate4.tif,1,944.000,944,944
5927,G3_01_1_1_Chlorophyll_A_001_phosphate_plate4.tif,2,1048.000,976,1120
5928,G3_01_1_1_Chlorophyll_A_001_phosphate_plate4.tif,83,1138.313,944,1440
5929,G3_01_1_1_Chlorophyll_A_001_phosphate_plate4.tif,1,1120.000,1120,1120
5930,G3_01_1_1_Chlorophyll_A_001_phosphate_plate4.tif,60,1034.133,944,1328
5931,G3_01_1_1_Chlorophyll_A_001_phosphate_plate4.tif,2,1152.000,1072,1232
5932,G3_01_1_1_Chlorophyll_A_001_phosphate_plate4.tif,1,976.000,976,976
5933,G3_01_1_1_Chlorophyll_A_001_phosphate_plate4.tif,1,960.000,960,960
5934,G3_01_1_1_Chlorophyll_A_001_phosphate_plate4.tif,1,944.000,944,944
5935,G3_01_1_1_Chlorophyll_A_001_phosphate_plate4.tif,1,1056.000,1056,1056
5936,G3_01_1_1_Chlorophyll_A_001_phosphate_plate4.tif,2,1072.000,1056,1088
5937,G3_01_1_1_Chlorophyll_A_001_phosphate_plate4.tif,1,944.000,944,944
5938,G3_01_1_1_Chlorophyll_A_001_phosphate_plate4.tif,1,1056.000,1056,1056
5939,G3_01_1_1_Chlorophyll_A_001_phosphate_plate4.tif,2,1024.000,1024,1024
5940,G3_01_1_1_Chlorophyll_A_001_phosphate_plate4.tif,2,1008.000,976,1040
5941,G3_01_1_1_Chlorophyll_A_001_phosphate_plate4.tif,3,981.333,944,1040
5942,G3_01_1_1_Chlorophyll_A_001_phosphate_plate4.tif,1,976.000,976,976
5943,G3_01_1_1_Chlorophyll_A_001_phosphate_plate4.tif,94,4278.809,944,27680
5944,G3_01_1_1_Chlorophyll_A_001_phosphate_plate4.tif,1,1008.000,1008,1008
5945,G3_01_1_1_Chlorophyll_A_001_phosphate_plate4.tif,1,960.000,960,960
5946,G3_01_1_1_Chlorophyll_A_001_phosphate_plate4.tif,6,973.333,944,1040
5947,G3_01_1_1_Chlorophyll_A_001_phosphate_plate4.tif,6,1026.667,992,1088
5948,G3_01_1_1_Chlorophyll_A_001_phosphate_plate4.tif,1,1024.000,1024,1024
5949,G3_01_1_1_Chlorophyll_A_001_phosphate_plate4.tif,54,1112.000,960,1392
5950,G3_01_1_1_Chlorophyll_A_001_phosphate_plate4.tif,20,1124.000,976,1360
5951,G3_01_1_1_Chlorophyll_A_001_phosphate_plate4.tif,16,1121.000,960,1360
5952,G3_01_1_1_Chlorophyll_A_001_phosphate_plate4.tif,484,3064.727,944,40480
5953,G3_01_1_1_Chlorophyll_A_001_phosphate_plate4.tif,1,1200.000,1200,1200
5954,G3_01_1_1_Chlorophyll_A_001_phosphate_plate4.tif,1,976.000,976,976
5955,G3_01_1_1_Chlorophyll_A_001_phosphate_plate4.tif,4,1004.000,944,1072
5956,G3_01_1_1_Chlorophyll_A_001_phosphate_plate4.tif,3,997.333,944,1040
5957,G3_01_1_1_Chlorophyll_A_001_phosphate_plate4.tif,1,992.000,992,992
5958,G3_01_1_1_Chlorophyll_A_001_phosphate_plate4.tif,1,944.000,944,944
5959,G3_01_1_1_Chlorophyll_A_001_phosphate_plate4.tif,1,960.000,960,960
5960,G3_01_1_1_Chlorophyll_A_001_phosphate_plate4.tif,6,1008.000,960,1120
5961,G3_01_1_1_Chlorophyll_A_001_phosphate_plate4.tif,1,960.000,960,960
5962,G3_01_1_1_Chlorophyll_A_001_phosphate_plate4.tif,1,960.000,960,960
5963,G3_01_1_1_Chlorophyll_A_001_phosphate_plate4.tif,2,984.000,976,992
5964,G3_01_1_1_Chlorophyll_A_001_phosphate_plate4.tif,1,960.000,960,960
5965,G3_01_1_1_Chlorophyll_A_001_phosphate_plate4.tif,1,976.000,976,976
5966,G3_01_1_1_Chlorophyll_A_001_phosphate_plate4.tif,3,981.333,944,1024
5967,G3_01_1_1_Chlorophyll_A_001_phosphate_plate4.tif,1,1168.000,1168,1168
5968,G3_01_1_1_Chlorophyll_A_001_phosphate_plate4.tif,1,1104.000,1104,1104
5969,G3_01_1_1_Chlorophyll_A_001_phosphate_plate4.tif,1,960.000,960,960
5970,G3_01_1_1_Chlorophyll_A_001_phosphate_plate4.tif,1,944.000,944,944
5971,G3_01_1_1_Chlorophyll_A_001_phosphate_plate4.tif,1,1008.000,1008,1008
5972,G3_01_1_1_Chlorophyll_A_001_phosphate_plate4.tif,1,1056.000,1056,1056
5973,G3_01_1_1_Chlorophyll_A_001_phosphate_plate4.tif,1,1008.000,1008,1008
5974,G3_01_1_1_Chlorophyll_A_001_phosphate_plate4.tif,1,960.000,960,960
5975,G3_01_1_1_Chlorophyll_A_001_phosphate_plate4.tif,41,1101.268,944,1360
5976,G3_01_1_1_Chlorophyll_A_001_phosphate_plate4.tif,8,1074.000,960,1312
5977,G3_01_1_1_Chlorophyll_A_001_phosphate_plate4.tif,33,1083.152,944,1376
5978,G3_01_1_1_Chlorophyll_A_001_phosphate_plate4.tif,54,1107.259,944,1472
5979,G3_01_1_1_Chlorophyll_A_001_phosphate_plate4.tif,4,1020.000,960,1056
5980,G3_01_1_1_Chlorophyll_A_001_phosphate_plate4.tif,12,1008.000,944,1120
5981,G3_01_1_1_Chlorophyll_A_001_phosphate_plate4.tif,4,1012.000,960,1072
5982,G3_01_1_1_Chlorophyll_A_001_phosphate_plate4.tif,1,960.000,960,960
5983,G3_01_1_1_Chlorophyll_A_001_phosphate_plate4.tif,5,1017.600,944,1120
5984,G3_01_1_1_Chlorophyll_A_001_phosphate_plate4.tif,1,1088.000,1088,1088
5985,G3_01_1_1_Chlorophyll_A_001_phosphate_plate4.tif,3,1013.333,976,1056
5986,G3_01_1_1_Chlorophyll_A_001_phosphate_plate4.tif,1,976.000,976,976
5987,G3_01_1_1_Chlorophyll_A_001_phosphate_plate4.tif,1,1056.000,1056,1056
5988,G3_01_1_1_Chlorophyll_A_001_phosphate_plate4.tif,1,976.000,976,976
5989,G3_01_1_1_Chlorophyll_A_001_phosphate_plate4.tif,1,960.000,960,960
5990,G3_01_1_1_Chlorophyll_A_001_phosphate_plate4.tif,1,992.000,992,992
5991,G3_01_1_1_Chlorophyll_A_001_phosphate_plate4.tif,1,944.000,944,944
5992,G3_01_1_1_Chlorophyll_A_001_phosphate_plate4.tif,1,960.000,960,960
5993,G3_01_1_1_Chlorophyll_A_001_phosphate_plate4.tif,1,960.000,960,960
5994,G3_01_1_1_Chlorophyll_A_001_phosphate_plate4.tif,1,960.000,960,960
5995,G3_01_1_1_Chlorophyll_A_001_phosphate_plate4.tif,4,1008.000,960,1136
5996,G3_01_1_1_Chlorophyll_A_001_phosphate_plate4.tif,311,3437.119,944,34576
5997,G3_01_1_1_Chlorophyll_A_001_phosphate_plate4.tif,4,1024.000,960,1088
5998,G3_01_1_1_Chlorophyll_A_001_phosphate_plate4.tif,1,960.000,960,960
5999,G3_01_1_1_Chlorophyll_A_001_phosphate_plate4.tif,7,1012.571,960,1072
6000,G3_01_1_1_Chlorophyll_A_001_phosphate_plate4.tif,2,1056.000,1056,1056
6001,G3_01_1_1_Chlorophyll_A_001_phosphate_plate4.tif,2,992.000,960,1024
6002,G3_01_1_1_Chlorophyll_A_001_phosphate_plate4.tif,1,1152.000,1152,1152
6003,G3_01_1_1_Chlorophyll_A_001_phosphate_plate4.tif,3,1002.667,944,1088
6004,G3_01_1_1_Chlorophyll_A_001_phosphate_plate4.tif,1,1072.000,1072,1072
6005,G3_01_1_1_Chlorophyll_A_001_phosphate_plate4.tif,1,1072.000,1072,1072
6006,G3_01_1_1_Chlorophyll_A_001_phosphate_plate4.tif,1,960.000,960,960
6007,G3_01_1_1_Chlorophyll_A_001_phosphate_plate4.tif,1,1072.000,1072,1072
6008,G3_01_1_1_Chlorophyll_A_001_phosphate_plate4.tif,1,944.000,944,944
6009,G3_01_1_1_Chlorophyll_A_001_phosphate_plate4.tif,2,976.000,960,992
6010,G3_01_1_1_Chlorophyll_A_001_phosphate_plate4.tif,1,944.000,944,944
6011,G3_01_1_1_Chlorophyll_A_001_phosphate_plate4.tif,1,1072.000,1072,1072
6012,G3_01_1_1_Chlorophyll_A_001_phosphate_plate4.tif,1,1104.000,1104,1104
6013,G3_01_1_1_Chlorophyll_A_001_phosphate_plate4.tif,14,1131.429,960,1472
6014,G3_01_1_1_Chlorophyll_A_001_phosphate_plate4.tif,13,1164.308,992,1552
6015,G3_01_1_1_Chlorophyll_A_001_phosphate_plate4.tif,1,992.000,992,992
6016,G3_01_1_1_Chlorophyll_A_001_phosphate_plate4.tif,1,992.000,992,992
6017,G3_01_1_1_Chlorophyll_A_001_phosphate_plate4.tif,1,944.000,944,944
6018,G3_01_1_1_Chlorophyll_A_001_phosphate_plate4.tif,1,1056.000,1056,1056
6019,G3_01_1_1_Chlorophyll_A_001_phosphate_plate4.tif,1,992.000,992,992
6020,G3_01_1_1_Chlorophyll_A_001_phosphate_plate4.tif,1,1008.000,1008,1008
6021,G3_01_1_1_Chlorophyll_A_001_phosphate_plate4.tif,96,3320.667,944,20224
6022,G3_01_1_1_Chlorophyll_A_001_phosphate_plate4.tif,2,968.000,960,976
6023,G3_01_1_1_Chlorophyll_A_001_phosphate_plate4.tif,2,968.000,960,976
6024,G3_01_1_1_Chlorophyll_A_001_phosphate_plate4.tif,1,960.000,960,960
6025,G3_01_1_1_Chlorophyll_A_001_phosphate_plate4.tif,1,960.000,960,960
6026,G3_01_1_1_Chlorophyll_A_001_phosphate_plate4.tif,1,1040.000,1040,1040
6027,G3_01_1_1_Chlorophyll_A_001_phosphate_plate4.tif,1,1024.000,1024,1024
6028,G3_01_1_1_Chlorophyll_A_001_phosphate_plate4.tif,1,1056.000,1056,1056
6029,G3_01_1_1_Chlorophyll_A_001_phosphate_plate4.tif,1,976.000,976,976
6030,G3_01_1_1_Chlorophyll_A_001_phosphate_plate4.tif,1,976.000,976,976
6031,G3_01_1_1_Chlorophyll_A_001_phosphate_plate4.tif,1,1024.000,1024,1024
6032,G3_01_1_1_Chlorophyll_A_001_phosphate_plate4.tif,1,1120.000,1120,1120
6033,G3_01_1_1_Chlorophyll_A_001_phosphate_plate4.tif,1,1024.000,1024,1024
6034,G3_01_1_1_Chlorophyll_A_001_phosphate_plate4.tif,1,944.000,944,944
6035,G3_01_1_1_Chlorophyll_A_001_phosphate_plate4.tif,1,976.000,976,976
6036,G3_01_1_1_Chlorophyll_A_001_phosphate_plate4.tif,3,1002.667,944,1088
6037,G3_01_1_1_Chlorophyll_A_001_phosphate_plate4.tif,4,1004.000,944,1040
6038,G3_01_1_1_Chlorophyll_A_001_phosphate_plate4.tif,1,976.000,976,976
6039,G3_01_1_1_Chlorophyll_A_001_phosphate_plate4.tif,3,960.000,944,976
6040,G3_01_1_1_Chlorophyll_A_001_phosphate_plate4.tif,1,1024.000,1024,1024
6041,G3_01_1_1_Chlorophyll_A_001_phosphate_plate4.tif,4,992.000,944,1040
6042,G3_01_1_1_Chlorophyll_A_001_phosphate_plate4.tif,1,1120.000,1120,1120
6043,G3_01_1_1_Chlorophyll_A_001_phosphate_plate4.tif,83,1150.458,944,1488
6044,G3_01_1_1_Chlorophyll_A_001_phosphate_plate4.tif,5,1193.600,976,1392
6045,G3_01_1_1_Chlorophyll_A_001_phosphate_plate4.tif,29,1159.724,944,1488
6046,G3_01_1_1_Chlorophyll_A_001_phosphate_plate4.tif,52,1137.231,944,1392
6047,G3_01_1_1_Chlorophyll_A_001_phosphate_plate4.tif,9,1066.667,960,1248
6048,G3_01_1_1_Chlorophyll_A_001_phosphate_plate4.tif,32,1072.000,960,1264
6049,G3_01_1_1_Chlorophyll_A_001_phosphate_plate4.tif,1,1136.000,1136,1136
6050,G3_01_1_1_Chlorophyll_A_001_phosphate_plate4.tif,1,944.000,944,944
6051,G3_01_1_1_Chlorophyll_A_001_phosphate_plate4.tif,1,1056.000,1056,1056
6052,G3_01_1_1_Chlorophyll_A_001_phosphate_plate4.tif,7,1017.143,944,1088
6053,G3_01_1_1_Chlorophyll_A_001_phosphate_plate4.tif,2,1080.000,1072,1088
6054,G3_01_1_1_Chlorophyll_A_001_phosphate_plate4.tif,1,992.000,992,992
6055,G3_01_1_1_Chlorophyll_A_001_phosphate_plate4.tif,1,960.000,960,960
6056,G3_01_1_1_Chlorophyll_A_001_phosphate_plate4.tif,1,1088.000,1088,1088
6057,G3_01_1_1_Chlorophyll_A_001_phosphate_plate4.tif,1,944.000,944,944
6058,G3_01_1_1_Chlorophyll_A_001_phosphate_plate4.tif,1,976.000,976,976
6059,G3_01_1_1_Chlorophyll_A_001_phosphate_plate4.tif,1,1072.000,1072,1072
6060,G3_01_1_1_Chlorophyll_A_001_phosphate_plate4.tif,3,1013.333,960,1104
6061,G3_01_1_1_Chlorophyll_A_001_phosphate_plate4.tif,123,3492.943,944,23872
6062,G3_01_1_1_Chlorophyll_A_001_phosphate_plate4.tif,1,1024.000,1024,1024
6063,G3_01_1_1_Chlorophyll_A_001_phosphate_plate4.tif,1,976.000,976,976
6064,G3_01_1_1_Chlorophyll_A_001_phosphate_plate4.tif,107,4160.449,944,25328
6065,G3_01_1_1_Chlorophyll_A_001_phosphate_plate4.tif,2,1000.000,976,1024
6066,G3_01_1_1_Chlorophyll_A_001_phosphate_plate4.tif,1,992.000,992,992
6067,G3_01_1_1_Chlorophyll_A_001_phosphate_plate4.tif,1,1056.000,1056,1056
6068,G3_01_1_1_Chlorophyll_A_001_phosphate_plate4.tif,68,1107.059,944,1472
6069,G3_01_1_1_Chlorophyll_A_001_phosphate_plate4.tif,9,1054.222,944,1184
6070,G3_01_1_1_Chlorophyll_A_001_phosphate_plate4.tif,1,976.000,976,976
6071,G3_01_1_1_Chlorophyll_A_001_phosphate_plate4.tif,1,992.000,992,992
6072,G3_01_1_1_Chlorophyll_A_001_phosphate_plate4.tif,2,944.000,944,944
6073,G3_01_1_1_Chlorophyll_A_001_phosphate_plate4.tif,1,1120.000,1120,1120
6074,G3_01_1_1_Chlorophyll_A_001_phosphate_plate4.tif,2,992.000,944,1040
6075,G3_01_1_1_Chlorophyll_A_001_phosphate_plate4.tif,1,944.000,944,944
6076,G3_01_1_1_Chlorophyll_A_001_phosphate_plate4.tif,1,960.000,960,960
6077,G3_01_1_1_Chlorophyll_A_001_phosphate_plate4.tif,1,1056.000,1056,1056
6078,G3_01_1_1_Chlorophyll_A_001_phosphate_plate4.tif,1,1056.000,1056,1056
6079,G3_01_1_1_Chlorophyll_A_001_phosphate_plate4.tif,1,1024.000,1024,1024
6080,G3_01_1_1_Chlorophyll_A_001_phosphate_plate4.tif,1,976.000,976,976
6081,G3_01_1_1_Chlorophyll_A_001_phosphate_plate4.tif,118,5186.847,944,23168
6082,G3_01_1_1_Chlorophyll_A_001_phosphate_plate4.tif,1,992.000,992,992
6083,G3_01_1_1_Chlorophyll_A_001_phosphate_plate4.tif,1,960.000,960,960
6084,G3_01_1_1_Chlorophyll_A_001_phosphate_plate4.tif,5,956.800,944,976
6085,G3_01_1_1_Chlorophyll_A_001_phosphate_plate4.tif,1,944.000,944,944
6086,G3_01_1_1_Chlorophyll_A_001_phosphate_plate4.tif,2,1032.000,1024,1040
6087,G3_01_1_1_Chlorophyll_A_001_phosphate_plate4.tif,3,1008.000,944,1088
6088,G3_01_1_1_Chlorophyll_A_001_phosphate_plate4.tif,124,2860.387,944,20416
6089,G3_01_1_1_Chlorophyll_A_001_phosphate_plate4.tif,1,976.000,976,976
6090,G3_01_1_1_Chlorophyll_A_001_phosphate_plate4.tif,4,1000.000,944,1088
6091,G3_01_1_1_Chlorophyll_A_001_phosphate_plate4.tif,1,944.000,944,944
6092,G3_01_1_1_Chlorophyll_A_001_phosphate_plate4.tif,1,976.000,976,976
6093,G3_01_1_1_Chlorophyll_A_001_phosphate_plate4.tif,1,1056.000,1056,1056
6094,G3_01_1_1_Chlorophyll_A_001_phosphate_plate4.tif,1,1024.000,1024,1024
6095,G3_01_1_1_Chlorophyll_A_001_phosphate_plate4.tif,2,1016.000,1008,1024
6096,G3_01_1_1_Chlorophyll_A_001_phosphate_plate4.tif,2,1040.000,1040,1040
6097,G3_01_1_1_Chlorophyll_A_001_phosphate_plate4.tif,1,976.000,976,976
6098,G3_01_1_1_Chlorophyll_A_001_phosphate_plate4.tif,1,944.000,944,944
6099,G3_01_1_1_Chlorophyll_A_001_phosphate_plate4.tif,1,992.000,992,992
6100,G3_01_1_1_Chlorophyll_A_001_phosphate_plate4.tif,1,944.000,944,944
6101,G3_01_1_1_Chlorophyll_A_001_phosphate_plate4.tif,1,976.000,976,976
6102,G3_01_1_1_Chlorophyll_A_001_phosphate_plate4.tif,1,992.000,992,992
6103,G3_01_1_1_Chlorophyll_A_001_phosphate_plate4.tif,32,1121.000,944,1408
6104,G3_01_1_1_Chlorophyll_A_001_phosphate_plate4.tif,44,1220.727,992,1552
6105,G3_01_1_1_Chlorophyll_A_001_phosphate_plate4.tif,12,1088.000,976,1232
6106,G3_01_1_1_Chlorophyll_A_001_phosphate_plate4.tif,81,1104.988,944,1376
6107,G3_01_1_1_Chlorophyll_A_001_phosphate_plate4.tif,1,944.000,944,944
6108,G3_01_1_1_Chlorophyll_A_001_phosphate_plate4.tif,4,1052.000,1008,1088
6109,G3_01_1_1_Chlorophyll_A_001_phosphate_plate4.tif,1,976.000,976,976
6110,G3_01_1_1_Chlorophyll_A_001_phosphate_plate4.tif,1,944.000,944,944
6111,G3_01_1_1_Chlorophyll_A_001_phosphate_plate4.tif,1,992.000,992,992
6112,G3_01_1_1_Chlorophyll_A_001_phosphate_plate4.tif,1,960.000,960,960
6113,G3_01_1_1_Chlorophyll_A_001_phosphate_plate4.tif,2,1048.000,960,1136
6114,G3_01_1_1_Chlorophyll_A_001_phosphate_plate4.tif,4,980.000,944,1024
6115,G3_01_1_1_Chlorophyll_A_001_phosphate_plate4.tif,1,960.000,960,960
6116,G3_01_1_1_Chlorophyll_A_001_phosphate_plate4.tif,1,992.000,992,992
6117,G3_01_1_1_Chlorophyll_A_001_phosphate_plate4.tif,1,976.000,976,976
6118,G3_01_1_1_Chlorophyll_A_001_phosphate_plate4.tif,1,960.000,960,960
6119,G3_01_1_1_Chlorophyll_A_001_phosphate_plate4.tif,1,1008.000,1008,1008
6120,G3_01_1_1_Chlorophyll_A_001_phosphate_plate4.tif,1,1120.000,1120,1120
6121,G3_01_1_1_Chlorophyll_A_001_phosphate_plate4.tif,1,992.000,992,992
6122,G3_01_1_1_Chlorophyll_A_001_phosphate_plate4.tif,1,976.000,976,976
6123,G3_01_1_1_Chlorophyll_A_001_phosphate_plate4.tif,1,960.000,960,960
6124,G3_01_1_1_Chlorophyll_A_001_phosphate_plate4.tif,1,1056.000,1056,1056
6125,G3_01_1_1_Chlorophyll_A_001_phosphate_plate4.tif,1,944.000,944,944
6126,G3_01_1_1_Chlorophyll_A_001_phosphate_plate4.tif,13,2238.769,992,5488
6127,G3_01_1_1_Chlorophyll_A_001_phosphate_plate4.tif,26,1130.462,944,1472
6128,G3_01_1_1_Chlorophyll_A_001_phosphate_plate4.tif,21,1142.857,960,1328
6129,G3_01_1_1_Chlorophyll_A_001_phosphate_plate4.tif,89,1125.753,944,1456
6130,G3_01_1_1_Chlorophyll_A_001_phosphate_plate4.tif,29,1083.586,944,1392
6131,G3_01_1_1_Chlorophyll_A_001_phosphate_plate4.tif,36,1068.889,944,1280
6132,G3_01_1_1_Chlorophyll_A_001_phosphate_plate4.tif,1,944.000,944,944
6133,G3_01_1_1_Chlorophyll_A_001_phosphate_plate4.tif,1,960.000,960,960
6134,G3_01_1_1_Chlorophyll_A_001_phosphate_plate4.tif,1,1056.000,1056,1056
6135,G3_01_1_1_Chlorophyll_A_001_phosphate_plate4.tif,1,1056.000,1056,1056
6136,G3_01_1_1_Chlorophyll_A_001_phosphate_plate4.tif,1,944.000,944,944
6137,G3_01_1_1_Chlorophyll_A_001_phosphate_plate4.tif,1,976.000,976,976
6138,G3_01_1_1_Chlorophyll_A_001_phosphate_plate4.tif,1,1120.000,1120,1120
6139,G3_01_1_1_Chlorophyll_A_001_phosphate_plate4.tif,1,976.000,976,976
6140,G3_01_1_1_Chlorophyll_A_001_phosphate_plate4.tif,1,1024.000,1024,1024
6141,G3_01_1_1_Chlorophyll_A_001_phosphate_plate4.tif,50,1104.320,944,1408
6142,G3_01_1_1_Chlorophyll_A_001_phosphate_plate4.tif,401,1943.421,944,24320
6143,G3_01_1_1_Chlorophyll_A_001_phosphate_plate4.tif,1,1040.000,1040,1040
6144,G3_01_1_1_Chlorophyll_A_001_phosphate_plate4.tif,2,1000.000,976,1024
6145,G3_01_1_1_Chlorophyll_A_001_phosphate_plate4.tif,3,1002.667,960,1024
6146,G3_01_1_1_Chlorophyll_A_001_phosphate_plate4.tif,1,1088.000,1088,1088
6147,G3_01_1_1_Chlorophyll_A_001_phosphate_plate4.tif,1,1040.000,1040,1040
6148,G3_01_1_1_Chlorophyll_A_001_phosphate_plate4.tif,1,1056.000,1056,1056
6149,G3_01_1_1_Chlorophyll_A_001_phosphate_plate4.tif,3,992.000,960,1008
6150,G3_01_1_1_Chlorophyll_A_001_phosphate_plate4.tif,1,976.000,976,976
6151,G3_01_1_1_Chlorophyll_A_001_phosphate_plate4.tif,1,944.000,944,944
6152,G3_01_1_1_Chlorophyll_A_001_phosphate_plate4.tif,1,976.000,976,976
6153,G3_01_1_1_Chlorophyll_A_001_phosphate_plate4.tif,1,992.000,992,992
6154,G3_01_1_1_Chlorophyll_A_001_phosphate_plate4.tif,335,5651.916,944,55424
6155,G3_01_1_1_Chlorophyll_A_001_phosphate_plate4.tif,1,976.000,976,976
6156,G3_01_1_1_Chlorophyll_A_001_phosphate_plate4.tif,2,1096.000,960,1232
6157,G3_01_1_1_Chlorophyll_A_001_phosphate_plate4.tif,2,1048.000,1024,1072
6158,G3_01_1_1_Chlorophyll_A_001_phosphate_plate4.tif,1,960.000,960,960
6159,G3_01_1_1_Chlorophyll_A_001_phosphate_plate4.tif,2,968.000,960,976
6160,G3_01_1_1_Chlorophyll_A_001_phosphate_plate4.tif,1,960.000,960,960
6161,G3_01_1_1_Chlorophyll_A_001_phosphate_plate4.tif,1,1104.000,1104,1104
6162,G3_01_1_1_Chlorophyll_A_001_phosphate_plate4.tif,2,1016.000,992,1040
6163,G3_01_1_1_Chlorophyll_A_001_phosphate_plate4.tif,1,992.000,992,992
6164,G3_01_1_1_Chlorophyll_A_001_phosphate_plate4.tif,2,1000.000,992,1008
6165,G3_01_1_1_Chlorophyll_A_001_phosphate_plate4.tif,1,944.000,944,944
6166,G3_01_1_1_Chlorophyll_A_001_phosphate_plate4.tif,1,992.000,992,992
6167,G3_01_1_1_Chlorophyll_A_001_phosphate_plate4.tif,1,1056.000,1056,1056
6168,G3_01_1_1_Chlorophyll_A_001_phosphate_plate4.tif,1,1024.000,1024,1024
6169,G3_01_1_1_Chlorophyll_A_001_phosphate_plate4.tif,2,1032.000,1024,1040
6170,G3_01_1_1_Chlorophyll_A_001_phosphate_plate4.tif,1,976.000,976,976
6171,G3_01_1_1_Chlorophyll_A_001_phosphate_plate4.tif,1,992.000,992,992
6172,G3_01_1_1_Chlorophyll_A_001_phosphate_plate4.tif,15,1091.200,944,1344
6173,G3_01_1_1_Chlorophyll_A_001_phosphate_plate4.tif,13,1036.308,944,1280
6174,G3_01_1_1_Chlorophyll_A_001_phosphate_plate4.tif,1,1120.000,1120,1120
6175,G3_01_1_1_Chlorophyll_A_001_phosphate_plate4.tif,77,1054.961,944,1232
6176,G3_01_1_1_Chlorophyll_A_001_phosphate_plate4.tif,1,1104.000,1104,1104
6177,G3_01_1_1_Chlorophyll_A_001_phosphate_plate4.tif,3,1002.667,944,1072
6178,G3_01_1_1_Chlorophyll_A_001_phosphate_plate4.tif,1,992.000,992,992
6179,G3_01_1_1_Chlorophyll_A_001_phosphate_plate4.tif,3,1013.333,944,1056
6180,G3_01_1_1_Chlorophyll_A_001_phosphate_plate4.tif,1,992.000,992,992
6181,G3_01_1_1_Chlorophyll_A_001_phosphate_plate4.tif,1,960.000,960,960
6182,G3_01_1_1_Chlorophyll_A_001_phosphate_plate4.tif,2,976.000,944,1008
6183,G3_01_1_1_Chlorophyll_A_001_phosphate_plate4.tif,1,1088.000,1088,1088
6184,G3_01_1_1_Chlorophyll_A_001_phosphate_plate4.tif,1,944.000,944,944
6185,G3_01_1_1_Chlorophyll_A_001_phosphate_plate4.tif,1,960.000,960,960
6186,G3_01_1_1_Chlorophyll_A_001_phosphate_plate4.tif,1,1024.000,1024,1024
6187,G3_01_1_1_Chlorophyll_A_001_phosphate_plate4.tif,1,960.000,960,960
6188,G3_01_1_1_Chlorophyll_A_001_phosphate_plate4.tif,37,1123.892,944,1456
6189,G3_01_1_1_Chlorophyll_A_001_phosphate_plate4.tif,1,992.000,992,992
6190,G3_01_1_1_Chlorophyll_A_001_phosphate_plate4.tif,1,1024.000,1024,1024
6191,G3_01_1_1_Chlorophyll_A_001_phosphate_plate4.tif,8,986.000,944,1056
6192,G3_01_1_1_Chlorophyll_A_001_phosphate_plate4.tif,2,1056.000,960,1152
6193,G3_01_1_1_Chlorophyll_A_001_phosphate_plate4.tif,1,976.000,976,976
6194,G3_01_1_1_Chlorophyll_A_001_phosphate_plate4.tif,1,944.000,944,944
6195,G3_01_1_1_Chlorophyll_A_001_phosphate_plate4.tif,1,1056.000,1056,1056
6196,G3_01_1_1_Chlorophyll_A_001_phosphate_plate4.tif,1,944.000,944,944
6197,G3_01_1_1_Chlorophyll_A_001_phosphate_plate4.tif,2,984.000,976,992
6198,G3_01_1_1_Chlorophyll_A_001_phosphate_plate4.tif,1,976.000,976,976
6199,G3_01_1_1_Chlorophyll_A_001_phosphate_plate4.tif,1,1024.000,1024,1024
6200,G3_01_1_1_Chlorophyll_A_001_phosphate_plate4.tif,1,960.000,960,960
6201,G3_01_1_1_Chlorophyll_A_001_phosphate_plate4.tif,1,1056.000,1056,1056
6202,G3_01_1_1_Chlorophyll_A_001_phosphate_plate4.tif,1,976.000,976,976
6203,G3_01_1_1_Chlorophyll_A_001_phosphate_plate4.tif,1,992.000,992,992
6204,G3_01_1_1_Chlorophyll_A_001_phosphate_plate4.tif,2,1008.000,944,1072
6205,G3_01_1_1_Chlorophyll_A_001_phosphate_plate4.tif,1,1024.000,1024,1024
6206,G3_01_1_1_Chlorophyll_A_001_phosphate_plate4.tif,1,1040.000,1040,1040
6207,G3_01_1_1_Chlorophyll_A_001_phosphate_plate4.tif,1,992.000,992,992
6208,G3_01_1_1_Chlorophyll_A_001_phosphate_plate4.tif,5,988.800,944,1024
6209,G3_01_1_1_Chlorophyll_A_001_phosphate_plate4.tif,44,1012.000,944,1184
6210,G3_01_1_1_Chlorophyll_A_001_phosphate_plate4.tif,3,1125.333,1040,1216
6211,G3_01_1_1_Chlorophyll_A_001_phosphate_plate4.tif,1,1056.000,1056,1056
6212,G3_01_1_1_Chlorophyll_A_001_phosphate_plate4.tif,5,1011.200,960,1104
6213,G3_01_1_1_Chlorophyll_A_001_phosphate_plate4.tif,1,1040.000,1040,1040
6214,G3_01_1_1_Chlorophyll_A_001_phosphate_plate4.tif,2,1024.000,992,1056
6215,G3_01_1_1_Chlorophyll_A_001_phosphate_plate4.tif,1,1040.000,1040,1040
6216,G3_01_1_1_Chlorophyll_A_001_phosphate_plate4.tif,1,976.000,976,976
6217,G3_01_1_1_Chlorophyll_A_001_phosphate_plate4.tif,1,1024.000,1024,1024
6218,G3_01_1_1_Chlorophyll_A_001_phosphate_plate4.tif,1,1152.000,1152,1152
6219,G3_01_1_1_Chlorophyll_A_001_phosphate_plate4.tif,1,992.000,992,992
6220,G3_01_1_1_Chlorophyll_A_001_phosphate_plate4.tif,1,992.000,992,992
6221,G3_01_1_1_Chlorophyll_A_001_phosphate_plate4.tif,1,992.000,992,992
6222,G3_01_1_1_Chlorophyll_A_001_phosphate_plate4.tif,1,976.000,976,976
6223,G3_01_1_1_Chlorophyll_A_001_phosphate_plate4.tif,1,1024.000,1024,1024
6224,G3_01_1_1_Chlorophyll_A_001_phosphate_plate4.tif,1,960.000,960,960
6225,G3_01_1_1_Chlorophyll_A_001_phosphate_plate4.tif,1,976.000,976,976
6226,G3_01_1_1_Chlorophyll_A_001_phosphate_plate4.tif,1,1056.000,1056,1056
6227,G3_01_1_1_Chlorophyll_A_001_phosphate_plate4.tif,417,2044.739,944,27568
6228,G3_01_1_1_Chlorophyll_A_001_phosphate_plate4.tif,261,2530.023,944,20944
6229,G3_01_1_1_Chlorophyll_A_001_phosphate_plate4.tif,18,1127.111,960,1472
6230,G3_01_1_1_Chlorophyll_A_001_phosphate_plate4.tif,2,968.000,960,976
6231,G3_01_1_1_Chlorophyll_A_001_phosphate_plate4.tif,1,1008.000,1008,1008
6232,G3_01_1_1_Chlorophyll_A_001_phosphate_plate4.tif,1,1056.000,1056,1056
6233,G3_01_1_1_Chlorophyll_A_001_phosphate_plate4.tif,2,984.000,960,1008
6234,G3_01_1_1_Chlorophyll_A_001_phosphate_plate4.tif,1,1024.000,1024,1024
6235,G3_01_1_1_Chlorophyll_A_001_phosphate_plate4.tif,60,2914.400,944,13952
6236,G3_01_1_1_Chlorophyll_A_001_phosphate_plate4.tif,1,1056.000,1056,1056
6237,G3_01_1_1_Chlorophyll_A_001_phosphate_plate4.tif,1,960.000,960,960
6238,G3_01_1_1_Chlorophyll_A_001_phosphate_plate4.tif,1,944.000,944,944
6239,G3_01_1_1_Chlorophyll_A_001_phosphate_plate4.tif,1,992.000,992,992
6240,G3_01_1_1_Chlorophyll_A_001_phosphate_plate4.tif,74,1113.730,944,1424
6241,G3_01_1_1_Chlorophyll_A_001_phosphate_plate4.tif,23,1060.870,944,1328
6242,G3_01_1_1_Chlorophyll_A_001_phosphate_plate4.tif,3,970.667,960,976
6243,G3_01_1_1_Chlorophyll_A_001_phosphate_plate4.tif,1,944.000,944,944
6244,G3_01_1_1_Chlorophyll_A_001_phosphate_plate4.tif,2,1064.000,1040,1088
6245,G3_01_1_1_Chlorophyll_A_001_phosphate_plate4.tif,1,960.000,960,960
6246,G3_01_1_1_Chlorophyll_A_001_phosphate_plate4.tif,5,1030.400,944,1120
6247,G3_01_1_1_Chlorophyll_A_001_phosphate_plate4.tif,1,944.000,944,944
6248,G3_01_1_1_Chlorophyll_A_001_phosphate_plate4.tif,1,1024.000,1024,1024
6249,G3_01_1_1_Chlorophyll_A_001_phosphate_plate4.tif,1,992.000,992,992
6250,G3_01_1_1_Chlorophyll_A_001_phosphate_plate4.tif,1,960.000,960,960
6251,G3_01_1_1_Chlorophyll_A_001_phosphate_plate4.tif,1,976.000,976,976
6252,G3_01_1_1_Chlorophyll_A_001_phosphate_plate4.tif,2,976.000,960,992
6253,G3_01_1_1_Chlorophyll_A_001_phosphate_plate4.tif,1,944.000,944,944
6254,G3_01_1_1_Chlorophyll_A_001_phosphate_plate4.tif,1,1072.000,1072,1072
6255,G3_01_1_1_Chlorophyll_A_001_phosphate_plate4.tif,1,944.000,944,944
6256,G3_01_1_1_Chlorophyll_A_001_phosphate_plate4.tif,1,960.000,960,960
6257,G3_01_1_1_Chlorophyll_A_001_phosphate_plate4.tif,31,1121.548,944,1424
6258,G3_01_1_1_Chlorophyll_A_001_phosphate_plate4.tif,45,1075.200,944,1248
6259,G3_01_1_1_Chlorophyll_A_001_phosphate_plate4.tif,20,1052.000,944,1264
6260,G3_01_1_1_Chlorophyll_A_001_phosphate_plate4.tif,439,2628.264,944,21280
6261,G3_01_1_1_Chlorophyll_A_001_phosphate_plate4.tif,2,1008.000,960,1056
6262,G3_01_1_1_Chlorophyll_A_001_phosphate_plate4.tif,4,956.000,944,976
6263,G3_01_1_1_Chlorophyll_A_001_phosphate_plate4.tif,1,1040.000,1040,1040
6264,G3_01_1_1_Chlorophyll_A_001_phosphate_plate4.tif,1,944.000,944,944
6265,G3_01_1_1_Chlorophyll_A_001_phosphate_plate4.tif,1,960.000,960,960
6266,G3_01_1_1_Chlorophyll_A_001_phosphate_plate4.tif,1,944.000,944,944
6267,G3_01_1_1_Chlorophyll_A_001_phosphate_plate4.tif,1,960.000,960,960
6268,G3_01_1_1_Chlorophyll_A_001_phosphate_plate4.tif,1,1056.000,1056,1056
6269,G3_01_1_1_Chlorophyll_A_001_phosphate_plate4.tif,1,1024.000,1024,1024
6270,G3_01_1_1_Chlorophyll_A_001_phosphate_plate4.tif,105,4722.590,944,30176
6271,G3_01_1_1_Chlorophyll_A_001_phosphate_plate4.tif,1,976.000,976,976
6272,G3_01_1_1_Chlorophyll_A_001_phosphate_plate4.tif,13,1101.538,944,1264
6273,G3_01_1_1_Chlorophyll_A_001_phosphate_plate4.tif,38,1149.474,944,1360
6274,G3_01_1_1_Chlorophyll_A_001_phosphate_plate4.tif,25,1104.000,944,1344
6275,G3_01_1_1_Chlorophyll_A_001_phosphate_plate4.tif,5,1033.600,944,1104
6276,G3_01_1_1_Chlorophyll_A_001_phosphate_plate4.tif,2,1064.000,1024,1104
6277,G3_01_1_1_Chlorophyll_A_001_phosphate_plate4.tif,15,1013.333,944,1200
6278,G3_01_1_1_Chlorophyll_A_001_phosphate_plate4.tif,3,1008.000,960,1072
6279,G3_01_1_1_Chlorophyll_A_001_phosphate_plate4.tif,1,960.000,960,960
6280,G3_01_1_1_Chlorophyll_A_001_phosphate_plate4.tif,1,944.000,944,944
6281,G3_01_1_1_Chlorophyll_A_001_phosphate_plate4.tif,5,966.400,944,1008
6282,G3_01_1_1_Chlorophyll_A_001_phosphate_plate4.tif,177,4049.266,944,24768
6283,G3_01_1_1_Chlorophyll_A_001_phosphate_plate4.tif,1,944.000,944,944
6284,G3_01_1_1_Chlorophyll_A_001_phosphate_plate4.tif,1,1008.000,1008,1008
6285,G3_01_1_1_Chlorophyll_A_001_phosphate_plate4.tif,1,944.000,944,944
6286,G3_01_1_1_Chlorophyll_A_001_phosphate_plate4.tif,1,1008.000,1008,1008
6287,G3_01_1_1_Chlorophyll_A_001_phosphate_plate4.tif,48,1110.333,944,1392
6288,G3_01_1_1_Chlorophyll_A_001_phosphate_plate4.tif,7,1019.429,976,1088
6289,G3_01_1_1_Chlorophyll_A_001_phosphate_plate4.tif,1,944.000,944,944
6290,G3_01_1_1_Chlorophyll_A_001_phosphate_plate4.tif,1,1104.000,1104,1104
6291,G3_01_1_1_Chlorophyll_A_001_phosphate_plate4.tif,2,960.000,960,960
6292,G3_01_1_1_Chlorophyll_A_001_phosphate_plate4.tif,1,960.000,960,960
6293,G3_01_1_1_Chlorophyll_A_001_phosphate_plate4.tif,1,960.000,960,960
6294,G3_01_1_1_Chlorophyll_A_001_phosphate_plate4.tif,1,1040.000,1040,1040
6295,G3_01_1_1_Chlorophyll_A_001_phosphate_plate4.tif,1,944.000,944,944
6296,G3_01_1_1_Chlorophyll_A_001_phosphate_plate4.tif,1,960.000,960,960
6297,G3_01_1_1_Chlorophyll_A_001_phosphate_plate4.tif,1,1088.000,1088,1088
6298,G3_01_1_1_Chlorophyll_A_001_phosphate_plate4.tif,45,1110.400,944,1408
6299,G3_01_1_1_Chlorophyll_A_001_phosphate_plate4.tif,1,1024.000,1024,1024
6300,G3_01_1_1_Chlorophyll_A_001_phosphate_plate4.tif,3,965.333,944,1008
6301,G3_01_1_1_Chlorophyll_A_001_phosphate_plate4.tif,2,1024.000,1008,1040
6302,G3_01_1_1_Chlorophyll_A_001_phosphate_plate4.tif,2,968.000,960,976
6303,G3_01_1_1_Chlorophyll_A_001_phosphate_plate4.tif,1,1152.000,1152,1152
6304,G3_01_1_1_Chlorophyll_A_001_phosphate_plate4.tif,2,976.000,976,976
6305,G3_01_1_1_Chlorophyll_A_001_phosphate_plate4.tif,2,1000.000,960,1040
6306,G3_01_1_1_Chlorophyll_A_001_phosphate_plate4.tif,1,960.000,960,960
6307,G3_01_1_1_Chlorophyll_A_001_phosphate_plate4.tif,1,1040.000,1040,1040
6308,G3_01_1_1_Chlorophyll_A_001_phosphate_plate4.tif,1,944.000,944,944
6309,G3_01_1_1_Chlorophyll_A_001_phosphate_plate4.tif,1,960.000,960,960
6310,G3_01_1_1_Chlorophyll_A_001_phosphate_plate4.tif,1,992.000,992,992
6311,G3_01_1_1_Chlorophyll_A_001_phosphate_plate4.tif,18,1160.000,944,1328
6312,G3_01_1_1_Chlorophyll_A_001_phosphate_plate4.tif,1,1216.000,1216,1216
6313,G3_01_1_1_Chlorophyll_A_001_phosphate_plate4.tif,1,1040.000,1040,1040
6314,G3_01_1_1_Chlorophyll_A_001_phosphate_plate4.tif,2,1024.000,960,1088
6315,G3_01_1_1_Chlorophyll_A_001_phosphate_plate4.tif,1,1120.000,1120,1120
6316,G3_01_1_1_Chlorophyll_A_001_phosphate_plate4.tif,2,1024.000,976,1072
6317,G3_01_1_1_Chlorophyll_A_001_phosphate_plate4.tif,2,1008.000,960,1056
6318,G3_01_1_1_Chlorophyll_A_001_phosphate_plate4.tif,1,944.000,944,944
6319,G3_01_1_1_Chlorophyll_A_001_phosphate_plate4.tif,1,960.000,960,960
6320,G3_01_1_1_Chlorophyll_A_001_phosphate_plate4.tif,1,1008.000,1008,1008
6321,G3_01_1_1_Chlorophyll_A_001_phosphate_plate4.tif,45,1036.089,944,1376
6322,G3_01_1_1_Chlorophyll_A_001_phosphate_plate4.tif,1,1072.000,1072,1072
6323,G3_01_1_1_Chlorophyll_A_001_phosphate_plate4.tif,3,1034.667,944,1088
6324,G3_01_1_1_Chlorophyll_A_001_phosphate_plate4.tif,3,1072.000,960,1200
6325,G3_01_1_1_Chlorophyll_A_001_phosphate_plate4.tif,5,1004.800,976,1040
6326,G3_01_1_1_Chlorophyll_A_001_phosphate_plate4.tif,1,1040.000,1040,1040
6327,G3_01_1_1_Chlorophyll_A_001_phosphate_plate4.tif,1,1024.000,1024,1024
6328,G3_01_1_1_Chlorophyll_A_001_phosphate_plate4.tif,1,1088.000,1088,1088
6329,G3_01_1_1_Chlorophyll_A_001_phosphate_plate4.tif,1,1024.000,1024,1024
6330,G3_01_1_1_Chlorophyll_A_001_phosphate_plate4.tif,1,960.000,960,960
6331,G3_01_1_1_Chlorophyll_A_001_phosphate_plate4.tif,1,944.000,944,944
6332,G3_01_1_1_Chlorophyll_A_001_phosphate_plate4.tif,46,1124.522,944,1440
6333,G3_01_1_1_Chlorophyll_A_001_phosphate_plate4.tif,39,1047.385,944,1296
6334,G3_01_1_1_Chlorophyll_A_001_phosphate_plate4.tif,1,1136.000,1136,1136
6335,G3_01_1_1_Chlorophyll_A_001_phosphate_plate4.tif,2,1064.000,1008,1120
6336,G3_01_1_1_Chlorophyll_A_001_phosphate_plate4.tif,11,1005.091,944,1104
6337,G3_01_1_1_Chlorophyll_A_001_phosphate_plate4.tif,1,1056.000,1056,1056
6338,G3_01_1_1_Chlorophyll_A_001_phosphate_plate4.tif,1,992.000,992,992
6339,G3_01_1_1_Chlorophyll_A_001_phosphate_plate4.tif,1,1040.000,1040,1040
6340,G3_01_1_1_Chlorophyll_A_001_phosphate_plate4.tif,2,968.000,960,976
6341,G3_01_1_1_Chlorophyll_A_001_phosphate_plate4.tif,2,968.000,960,976
6342,G3_01_1_1_Chlorophyll_A_001_phosphate_plate4.tif,1,976.000,976,976
6343,G3_01_1_1_Chlorophyll_A_001_phosphate_plate4.tif,1,1040.000,1040,1040
6344,G3_01_1_1_Chlorophyll_A_001_phosphate_plate4.tif,1,944.000,944,944
6345,G3_01_1_1_Chlorophyll_A_001_phosphate_plate4.tif,1,944.000,944,944
6346,G3_01_1_1_Chlorophyll_A_001_phosphate_plate4.tif,107,5895.178,944,37408
6347,G3_01_1_1_Chlorophyll_A_001_phosphate_plate4.tif,53,1108.830,960,1376
6348,G3_01_1_1_Chlorophyll_A_001_phosphate_plate4.tif,1,976.000,976,976
6349,G3_01_1_1_Chlorophyll_A_001_phosphate_plate4.tif,1,976.000,976,976
6350,G3_01_1_1_Chlorophyll_A_001_phosphate_plate4.tif,1,944.000,944,944
6351,G3_01_1_1_Chlorophyll_A_001_phosphate_plate4.tif,1,1104.000,1104,1104
6352,G3_01_1_1_Chlorophyll_A_001_phosphate_plate4.tif,1,1120.000,1120,1120
6353,G3_01_1_1_Chlorophyll_A_001_phosphate_plate4.tif,1,1040.000,1040,1040
6354,G3_01_1_1_Chlorophyll_A_001_phosphate_plate4.tif,6,1080.000,960,1264
6355,G3_01_1_1_Chlorophyll_A_001_phosphate_plate4.tif,3,986.667,976,992
6356,G3_01_1_1_Chlorophyll_A_001_phosphate_plate4.tif,24,1128.000,944,1328
6357,G3_01_1_1_Chlorophyll_A_001_phosphate_plate4.tif,34,1094.118,944,1264
6358,G3_01_1_1_Chlorophyll_A_001_phosphate_plate4.tif,47,1128.170,944,1440
6359,G3_01_1_1_Chlorophyll_A_001_phosphate_plate4.tif,41,1101.659,944,1376
6360,G3_01_1_1_Chlorophyll_A_001_phosphate_plate4.tif,2,952.000,944,960
6361,G3_01_1_1_Chlorophyll_A_001_phosphate_plate4.tif,2,984.000,944,1024
6362,G3_01_1_1_Chlorophyll_A_001_phosphate_plate4.tif,2,1000.000,992,1008
6363,G3_01_1_1_Chlorophyll_A_001_phosphate_plate4.tif,4,1008.000,944,1072
6364,G3_01_1_1_Chlorophyll_A_001_phosphate_plate4.tif,2,1056.000,944,1168
6365,G3_01_1_1_Chlorophyll_A_001_phosphate_plate4.tif,2,968.000,944,992
6366,G3_01_1_1_Chlorophyll_A_001_phosphate_plate4.tif,2,984.000,976,992
6367,G3_01_1_1_Chlorophyll_A_001_phosphate_plate4.tif,1,976.000,976,976
6368,G3_01_1_1_Chlorophyll_A_001_phosphate_plate4.tif,1,944.000,944,944
6369,G3_01_1_1_Chlorophyll_A_001_phosphate_plate4.tif,2,960.000,944,976
6370,G3_01_1_1_Chlorophyll_A_001_phosphate_plate4.tif,2,1000.000,992,1008
6371,G3_01_1_1_Chlorophyll_A_001_phosphate_plate4.tif,1,976.000,976,976
6372,G3_01_1_1_Chlorophyll_A_001_phosphate_plate4.tif,2,1120.000,1040,1200
6373,G3_01_1_1_Chlorophyll_A_001_phosphate_plate4.tif,1,960.000,960,960
6374,G3_01_1_1_Chlorophyll_A_001_phosphate_plate4.tif,1,944.000,944,944
6375,G3_01_1_1_Chlorophyll_A_001_phosphate_plate4.tif,1,944.000,944,944
6376,G3_01_1_1_Chlorophyll_A_001_phosphate_plate4.tif,1,976.000,976,976
6377,G3_01_1_1_Chlorophyll_A_001_phosphate_plate4.tif,1,1056.000,1056,1056
6378,G3_01_1_1_Chlorophyll_A_001_phosphate_plate4.tif,17,1098.353,944,1312
6379,G3_01_1_1_Chlorophyll_A_001_phosphate_plate4.tif,18,1068.444,944,1232
6380,G3_01_1_1_Chlorophyll_A_001_phosphate_plate4.tif,26,1088.000,944,1408
6381,G3_01_1_1_Chlorophyll_A_001_phosphate_plate4.tif,1,976.000,976,976
6382,G3_01_1_1_Chlorophyll_A_001_phosphate_plate4.tif,1,944.000,944,944
6383,G3_01_1_1_Chlorophyll_A_001_phosphate_plate4.tif,16,1017.000,944,1184
6384,G3_01_1_1_Chlorophyll_A_001_phosphate_plate4.tif,2,1056.000,1056,1056
6385,G3_01_1_1_Chlorophyll_A_001_phosphate_plate4.tif,1,1040.000,1040,1040
6386,G3_01_1_1_Chlorophyll_A_001_phosphate_plate4.tif,2,1000.000,992,1008
6387,G3_01_1_1_Chlorophyll_A_001_phosphate_plate4.tif,1,1040.000,1040,1040
6388,G3_01_1_1_Chlorophyll_A_001_phosphate_plate4.tif,1,1120.000,1120,1120
6389,G3_01_1_1_Chlorophyll_A_001_phosphate_plate4.tif,1,976.000,976,976
6390,G3_01_1_1_Chlorophyll_A_001_phosphate_plate4.tif,1,960.000,960,960
6391,G3_01_1_1_Chlorophyll_A_001_phosphate_plate4.tif,29,1089.103,944,1296
6392,G3_01_1_1_Chlorophyll_A_001_phosphate_plate4.tif,57,1103.439,944,1328
6393,G3_01_1_1_Chlorophyll_A_001_phosphate_plate4.tif,1,944.000,944,944
6394,G3_01_1_1_Chlorophyll_A_001_phosphate_plate4.tif,1,960.000,960,960
6395,G3_01_1_1_Chlorophyll_A_001_phosphate_plate4.tif,1,944.000,944,944
6396,G3_01_1_1_Chlorophyll_A_001_phosphate_plate4.tif,1,1056.000,1056,1056
6397,G3_01_1_1_Chlorophyll_A_001_phosphate_plate4.tif,2,1024.000,992,1056
6398,G3_01_1_1_Chlorophyll_A_001_phosphate_plate4.tif,1,944.000,944,944
6399,G3_01_1_1_Chlorophyll_A_001_phosphate_plate4.tif,1,976.000,976,976
6400,G3_01_1_1_Chlorophyll_A_001_phosphate_plate4.tif,1,960.000,960,960
6401,G3_01_1_1_Chlorophyll_A_001_phosphate_plate4.tif,1,976.000,976,976
6402,G3_01_1_1_Chlorophyll_A_001_phosphate_plate4.tif,4,1012.000,944,1088
6403,G3_01_1_1_Chlorophyll_A_001_phosphate_plate4.tif,1,1104.000,1104,1104
6404,G3_01_1_1_Chlorophyll_A_001_phosphate_plate4.tif,2,1040.000,944,1136
6405,G3_01_1_1_Chlorophyll_A_001_phosphate_plate4.tif,1,960.000,960,960
6406,G3_01_1_1_Chlorophyll_A_001_phosphate_plate4.tif,23,1073.391,944,1296
6407,G3_01_1_1_Chlorophyll_A_001_phosphate_plate4.tif,1,960.000,960,960
6408,G3_01_1_1_Chlorophyll_A_001_phosphate_plate4.tif,6,1010.667,944,1168
6409,G3_01_1_1_Chlorophyll_A_001_phosphate_plate4.tif,10,1028.800,944,1184
6410,G3_01_1_1_Chlorophyll_A_001_phosphate_plate4.tif,2,1024.000,1008,1040
6411,G3_01_1_1_Chlorophyll_A_001_phosphate_plate4.tif,1,944.000,944,944
6412,G3_01_1_1_Chlorophyll_A_001_phosphate_plate4.tif,2,952.000,944,960
6413,G3_01_1_1_Chlorophyll_A_001_phosphate_plate4.tif,4,988.000,960,1008
6414,G3_01_1_1_Chlorophyll_A_001_phosphate_plate4.tif,3,965.333,944,992
6415,G3_01_1_1_Chlorophyll_A_001_phosphate_plate4.tif,1,992.000,992,992
6416,G3_01_1_1_Chlorophyll_A_001_phosphate_plate4.tif,3,1034.667,960,1168
6417,G3_01_1_1_Chlorophyll_A_001_phosphate_plate4.tif,2,944.000,944,944
6418,G3_01_1_1_Chlorophyll_A_001_phosphate_plate4.tif,1,960.000,960,960
6419,G3_01_1_1_Chlorophyll_A_001_phosphate_plate4.tif,1,976.000,976,976
6420,G3_01_1_1_Chlorophyll_A_001_phosphate_plate4.tif,1,976.000,976,976
6421,G3_01_1_1_Chlorophyll_A_001_phosphate_plate4.tif,11,1085.091,944,1296
6422,G3_01_1_1_Chlorophyll_A_001_phosphate_plate4.tif,26,1106.462,944,1360
6423,G3_01_1_1_Chlorophyll_A_001_phosphate_plate4.tif,37,1103.135,944,1360
6424,G3_01_1_1_Chlorophyll_A_001_phosphate_plate4.tif,46,1075.826,944,1312
6425,G3_01_1_1_Chlorophyll_A_001_phosphate_plate4.tif,254,3002.646,944,34448
6426,G3_01_1_1_Chlorophyll_A_001_phosphate_plate4.tif,2,1024.000,1024,1024
6427,G3_01_1_1_Chlorophyll_A_001_phosphate_plate4.tif,4,992.000,944,1040
6428,G3_01_1_1_Chlorophyll_A_001_phosphate_plate4.tif,3,970.667,944,1008
6429,G3_01_1_1_Chlorophyll_A_001_phosphate_plate4.tif,6,1021.333,944,1120
6430,G3_01_1_1_Chlorophyll_A_001_phosphate_plate4.tif,2,968.000,960,976
6431,G3_01_1_1_Chlorophyll_A_001_phosphate_plate4.tif,1,944.000,944,944
6432,G3_01_1_1_Chlorophyll_A_001_phosphate_plate4.tif,1,1024.000,1024,1024
6433,G3_01_1_1_Chlorophyll_A_001_phosphate_plate4.tif,1,1024.000,1024,1024
6434,G3_01_1_1_Chlorophyll_A_001_phosphate_plate4.tif,1,1056.000,1056,1056
6435,G3_01_1_1_Chlorophyll_A_001_phosphate_plate4.tif,1,1184.000,1184,1184
6436,G3_01_1_1_Chlorophyll_A_001_phosphate_plate4.tif,1,992.000,992,992
6437,G3_01_1_1_Chlorophyll_A_001_phosphate_plate4.tif,88,4612.364,944,26400
6438,G3_01_1_1_Chlorophyll_A_001_phosphate_plate4.tif,184,2167.043,944,15760
6439,G3_01_1_1_Chlorophyll_A_001_phosphate_plate4.tif,4,1024.000,944,1088
6440,G3_01_1_1_Chlorophyll_A_001_phosphate_plate4.tif,1,976.000,976,976
6441,G3_01_1_1_Chlorophyll_A_001_phosphate_plate4.tif,1,1088.000,1088,1088
6442,G3_01_1_1_Chlorophyll_A_001_phosphate_plate4.tif,1,992.000,992,992
6443,G3_01_1_1_Chlorophyll_A_001_phosphate_plate4.tif,2,1000.000,992,1008
6444,G3_01_1_1_Chlorophyll_A_001_phosphate_plate4.tif,1,960.000,960,960
6445,G3_01_1_1_Chlorophyll_A_001_phosphate_plate4.tif,1,960.000,960,960
6446,G3_01_1_1_Chlorophyll_A_001_phosphate_plate4.tif,2,1016.000,976,1056
6447,G3_01_1_1_Chlorophyll_A_001_phosphate_plate4.tif,1,992.000,992,992
6448,G3_01_1_1_Chlorophyll_A_001_phosphate_plate4.tif,2,952.000,944,960
6449,G3_01_1_1_Chlorophyll_A_001_phosphate_plate4.tif,1,944.000,944,944
6450,G3_01_1_1_Chlorophyll_A_001_phosphate_plate4.tif,1,1024.000,1024,1024
6451,G3_01_1_1_Chlorophyll_A_001_phosphate_plate4.tif,1,944.000,944,944
6452,G3_01_1_1_Chlorophyll_A_001_phosphate_plate4.tif,1,960.000,960,960
6453,G3_01_1_1_Chlorophyll_A_001_phosphate_plate4.tif,1,976.000,976,976
6454,G3_01_1_1_Chlorophyll_A_001_phosphate_plate4.tif,2,1048.000,960,1136
6455,G3_01_1_1_Chlorophyll_A_001_phosphate_plate4.tif,1,1104.000,1104,1104
6456,G3_01_1_1_Chlorophyll_A_001_phosphate_plate4.tif,2,944.000,944,944
6457,G3_01_1_1_Chlorophyll_A_001_phosphate_plate4.tif,1,944.000,944,944
6458,G3_01_1_1_Chlorophyll_A_001_phosphate_plate4.tif,117,4504.615,944,30320
6459,G3_01_1_1_Chlorophyll_A_001_phosphate_plate4.tif,1,1008.000,1008,1008
6460,G3_01_1_1_Chlorophyll_A_001_phosphate_plate4.tif,1,976.000,976,976
6461,G3_01_1_1_Chlorophyll_A_001_phosphate_plate4.tif,1,976.000,976,976
6462,G3_01_1_1_Chlorophyll_A_001_phosphate_plate4.tif,1,1088.000,1088,1088
6463,G3_01_1_1_Chlorophyll_A_001_phosphate_plate4.tif,50,3933.760,944,22864
6464,G3_01_1_1_Chlorophyll_A_001_phosphate_plate4.tif,48,1129.000,944,1376
6465,G3_01_1_1_Chlorophyll_A_001_phosphate_plate4.tif,47,1107.404,944,1408
6466,G3_01_1_1_Chlorophyll_A_001_phosphate_plate4.tif,11,1105.455,992,1264
6467,G3_01_1_1_Chlorophyll_A_001_phosphate_plate4.tif,15,1146.667,1056,1296
6468,G3_01_1_1_Chlorophyll_A_001_phosphate_plate4.tif,36,1119.556,944,1360
6469,G3_01_1_1_Chlorophyll_A_001_phosphate_plate4.tif,1,960.000,960,960
6470,G3_01_1_1_Chlorophyll_A_001_phosphate_plate4.tif,2,1048.000,960,1136
6471,G3_01_1_1_Chlorophyll_A_001_phosphate_plate4.tif,1,1008.000,1008,1008
6472,G3_01_1_1_Chlorophyll_A_001_phosphate_plate4.tif,1,960.000,960,960
6473,G3_01_1_1_Chlorophyll_A_001_phosphate_plate4.tif,1,992.000,992,992
6474,G3_01_1_1_Chlorophyll_A_001_phosphate_plate4.tif,1,1200.000,1200,1200
6475,G3_01_1_1_Chlorophyll_A_001_phosphate_plate4.tif,1,944.000,944,944
6476,G3_01_1_1_Chlorophyll_A_001_phosphate_plate4.tif,1,976.000,976,976
6477,G3_01_1_1_Chlorophyll_A_001_phosphate_plate4.tif,1,976.000,976,976
6478,G3_01_1_1_Chlorophyll_A_001_phosphate_plate4.tif,102,5272.314,944,24272
6479,G3_01_1_1_Chlorophyll_A_001_phosphate_plate4.tif,28,1128.571,960,1440
6480,G3_01_1_1_Chlorophyll_A_001_phosphate_plate4.tif,6,1090.667,992,1248
6481,G3_01_1_1_Chlorophyll_A_001_phosphate_plate4.tif,22,1015.273,944,1232
6482,G3_01_1_1_Chlorophyll_A_001_phosphate_plate4.tif,1,1040.000,1040,1040
6483,G3_01_1_1_Chlorophyll_A_001_phosphate_plate4.tif,1,1056.000,1056,1056
6484,G3_01_1_1_Chlorophyll_A_001_phosphate_plate4.tif,2,960.000,944,976
6485,G3_01_1_1_Chlorophyll_A_001_phosphate_plate4.tif,4,1012.000,960,1088
6486,G3_01_1_1_Chlorophyll_A_001_phosphate_plate4.tif,3,1104.000,992,1200
6487,G3_01_1_1_Chlorophyll_A_001_phosphate_plate4.tif,2,952.000,944,960
6488,G3_01_1_1_Chlorophyll_A_001_phosphate_plate4.tif,1,992.000,992,992
6489,G3_01_1_1_Chlorophyll_A_001_phosphate_plate4.tif,1,1008.000,1008,1008
6490,G3_01_1_1_Chlorophyll_A_001_phosphate_plate4.tif,1,1040.000,1040,1040
6491,G3_01_1_1_Chlorophyll_A_001_phosphate_plate4.tif,1,976.000,976,976
6492,G3_01_1_1_Chlorophyll_A_001_phosphate_plate4.tif,1,992.000,992,992
6493,G3_01_1_1_Chlorophyll_A_001_phosphate_plate4.tif,1,1056.000,1056,1056
6494,G3_01_1_1_Chlorophyll_A_001_phosphate_plate4.tif,109,5611.596,944,35328
6495,G3_01_1_1_Chlorophyll_A_001_phosphate_plate4.tif,1,1008.000,1008,1008
6496,G3_01_1_1_Chlorophyll_A_001_phosphate_plate4.tif,24,1124.000,976,1312
6497,G3_01_1_1_Chlorophyll_A_001_phosphate_plate4.tif,31,1110.194,944,1376
6498,G3_01_1_1_Chlorophyll_A_001_phosphate_plate4.tif,55,1103.418,944,1312
6499,G3_01_1_1_Chlorophyll_A_001_phosphate_plate4.tif,46,1081.043,944,1440
6500,G3_01_1_1_Chlorophyll_A_001_phosphate_plate4.tif,13,1122.462,944,1296
6501,G3_01_1_1_Chlorophyll_A_001_phosphate_plate4.tif,1,1024.000,1024,1024
6502,G3_01_1_1_Chlorophyll_A_001_phosphate_plate4.tif,188,2516.255,944,26144
6503,G3_01_1_1_Chlorophyll_A_001_phosphate_plate4.tif,1,960.000,960,960
6504,G3_01_1_1_Chlorophyll_A_001_phosphate_plate4.tif,3,1040.000,976,1120
6505,G3_01_1_1_Chlorophyll_A_001_phosphate_plate4.tif,1,944.000,944,944
6506,G3_01_1_1_Chlorophyll_A_001_phosphate_plate4.tif,2,984.000,960,1008
6507,G3_01_1_1_Chlorophyll_A_001_phosphate_plate4.tif,1,944.000,944,944
6508,G3_01_1_1_Chlorophyll_A_001_phosphate_plate4.tif,1,944.000,944,944
6509,G3_01_1_1_Chlorophyll_A_001_phosphate_plate4.tif,1,1136.000,1136,1136
6510,G3_01_1_1_Chlorophyll_A_001_phosphate_plate4.tif,1,1008.000,1008,1008
6511,G3_01_1_1_Chlorophyll_A_001_phosphate_plate4.tif,3,1008.000,960,1104
6512,G3_01_1_1_Chlorophyll_A_001_phosphate_plate4.tif,1,1056.000,1056,1056
6513,G3_01_1_1_Chlorophyll_A_001_phosphate_plate4.tif,1,960.000,960,960
6514,G3_01_1_1_Chlorophyll_A_001_phosphate_plate4.tif,1,1136.000,1136,1136
6515,G3_01_1_1_Chlorophyll_A_001_phosphate_plate4.tif,1,976.000,976,976
6516,G3_01_1_1_Chlorophyll_A_001_phosphate_plate4.tif,1,976.000,976,976
6517,G3_01_1_1_Chlorophyll_A_001_phosphate_plate4.tif,1,1008.000,1008,1008
6518,G3_01_1_1_Chlorophyll_A_001_phosphate_plate4.tif,1,944.000,944,944
6519,G3_01_1_1_Chlorophyll_A_001_phosphate_plate4.tif,1,944.000,944,944
6520,G3_01_1_1_Chlorophyll_A_001_phosphate_plate4.tif,1,1104.000,1104,1104
6521,G3_01_1_1_Chlorophyll_A_001_phosphate_plate4.tif,1,944.000,944,944
6522,G3_01_1_1_Chlorophyll_A_001_phosphate_plate4.tif,1,960.000,960,960
6523,G3_01_1_1_Chlorophyll_A_001_phosphate_plate4.tif,1,960.000,960,960
6524,G3_01_1_1_Chlorophyll_A_001_phosphate_plate4.tif,1,1136.000,1136,1136
6525,G3_01_1_1_Chlorophyll_A_001_phosphate_plate4.tif,2,984.000,944,1024
6526,G3_01_1_1_Chlorophyll_A_001_phosphate_plate4.tif,1,976.000,976,976
6527,G3_01_1_1_Chlorophyll_A_001_phosphate_plate4.tif,1,1040.000,1040,1040
6528,G3_01_1_1_Chlorophyll_A_001_phosphate_plate4.tif,1,976.000,976,976
6529,G3_01_1_1_Chlorophyll_A_001_phosphate_plate4.tif,1,944.000,944,944
6530,G3_01_1_1_Chlorophyll_A_001_phosphate_plate4.tif,3,997.333,976,1024
6531,G3_01_1_1_Chlorophyll_A_001_phosphate_plate4.tif,2,1032.000,944,1120
6532,G3_01_1_1_Chlorophyll_A_001_phosphate_plate4.tif,6,1029.333,944,1200
6533,G3_01_1_1_Chlorophyll_A_001_phosphate_plate4.tif,1,1088.000,1088,1088
6534,G3_01_1_1_Chlorophyll_A_001_phosphate_plate4.tif,1,976.000,976,976
6535,G3_01_1_1_Chlorophyll_A_001_phosphate_plate4.tif,1,992.000,992,992
6536,G3_01_1_1_Chlorophyll_A_001_phosphate_plate4.tif,1,992.000,992,992
6537,G3_01_1_1_Chlorophyll_A_001_phosphate_plate4.tif,1,1024.000,1024,1024
6538,G3_01_1_1_Chlorophyll_A_001_phosphate_plate4.tif,1,944.000,944,944
6539,G3_01_1_1_Chlorophyll_A_001_phosphate_plate4.tif,1,960.000,960,960
6540,G3_01_1_1_Chlorophyll_A_001_phosphate_plate4.tif,25,1088.640,944,1216
6541,G3_01_1_1_Chlorophyll_A_001_phosphate_plate4.tif,34,1143.059,976,1424
6542,G3_01_1_1_Chlorophyll_A_001_phosphate_plate4.tif,2,960.000,944,976
6543,G3_01_1_1_Chlorophyll_A_001_phosphate_plate4.tif,4,980.000,944,1040
6544,G3_01_1_1_Chlorophyll_A_001_phosphate_plate4.tif,1,1024.000,1024,1024
6545,G3_01_1_1_Chlorophyll_A_001_phosphate_plate4.tif,1,960.000,960,960
6546,G3_01_1_1_Chlorophyll_A_001_phosphate_plate4.tif,1,976.000,976,976
6547,G3_01_1_1_Chlorophyll_A_001_phosphate_plate4.tif,1,992.000,992,992
6548,G3_01_1_1_Chlorophyll_A_001_phosphate_plate4.tif,1,1056.000,1056,1056
6549,G3_01_1_1_Chlorophyll_A_001_phosphate_plate4.tif,1,976.000,976,976
6550,G3_01_1_1_Chlorophyll_A_001_phosphate_plate4.tif,38,1126.316,944,1344
6551,G3_01_1_1_Chlorophyll_A_001_phosphate_plate4.tif,44,1117.091,944,1408
6552,G3_01_1_1_Chlorophyll_A_001_phosphate_plate4.tif,43,1093.953,944,1536
6553,G3_01_1_1_Chlorophyll_A_001_phosphate_plate4.tif,40,1107.200,944,1424
6554,G3_01_1_1_Chlorophyll_A_001_phosphate_plate4.tif,1,1008.000,1008,1008
6555,G3_01_1_1_Chlorophyll_A_001_phosphate_plate4.tif,25,1029.760,944,1248
6556,G3_01_1_1_Chlorophyll_A_001_phosphate_plate4.tif,1,1136.000,1136,1136
6557,G3_01_1_1_Chlorophyll_A_001_phosphate_plate4.tif,1,960.000,960,960
6558,G3_01_1_1_Chlorophyll_A_001_phosphate_plate4.tif,1,1024.000,1024,1024
6559,G3_01_1_1_Chlorophyll_A_001_phosphate_plate4.tif,1,976.000,976,976
6560,G3_01_1_1_Chlorophyll_A_001_phosphate_plate4.tif,1,1088.000,1088,1088
6561,G3_01_1_1_Chlorophyll_A_001_phosphate_plate4.tif,2,1040.000,976,1104
6562,G3_01_1_1_Chlorophyll_A_001_phosphate_plate4.tif,1,1024.000,1024,1024
6563,G3_01_1_1_Chlorophyll_A_001_phosphate_plate4.tif,1,1104.000,1104,1104
6564,G3_01_1_1_Chlorophyll_A_001_phosphate_plate4.tif,1,944.000,944,944
6565,G3_01_1_1_Chlorophyll_A_001_phosphate_plate4.tif,1,1168.000,1168,1168
6566,G3_01_1_1_Chlorophyll_A_001_phosphate_plate4.tif,1,1072.000,1072,1072
6567,G3_01_1_1_Chlorophyll_A_001_phosphate_plate4.tif,4,1080.000,944,1360
6568,G3_01_1_1_Chlorophyll_A_001_phosphate_plate4.tif,1,976.000,976,976
6569,G3_01_1_1_Chlorophyll_A_001_phosphate_plate4.tif,1,1008.000,1008,1008
6570,G3_01_1_1_Chlorophyll_A_001_phosphate_plate4.tif,19,1117.474,944,1376
6571,G3_01_1_1_Chlorophyll_A_001_phosphate_plate4.tif,18,1132.444,960,1408
6572,G3_01_1_1_Chlorophyll_A_001_phosphate_plate4.tif,35,1088.914,944,1328
6573,G3_01_1_1_Chlorophyll_A_001_phosphate_plate4.tif,17,1078.588,960,1312
6574,G3_01_1_1_Chlorophyll_A_001_phosphate_plate4.tif,1,1152.000,1152,1152
6575,G3_01_1_1_Chlorophyll_A_001_phosphate_plate4.tif,1,1024.000,1024,1024
6576,G3_01_1_1_Chlorophyll_A_001_phosphate_plate4.tif,1,960.000,960,960
6577,G3_01_1_1_Chlorophyll_A_001_phosphate_plate4.tif,1,960.000,960,960
6578,G3_01_1_1_Chlorophyll_A_001_phosphate_plate4.tif,1,960.000,960,960
6579,G3_01_1_1_Chlorophyll_A_001_phosphate_plate4.tif,129,4866.605,944,38896
6580,G3_01_1_1_Chlorophyll_A_001_phosphate_plate4.tif,1,976.000,976,976
6581,G3_01_1_1_Chlorophyll_A_001_phosphate_plate4.tif,1,944.000,944,944
6582,G3_01_1_1_Chlorophyll_A_001_phosphate_plate4.tif,97,5300.454,944,34928
6583,G3_01_1_1_Chlorophyll_A_001_phosphate_plate4.tif,1,1024.000,1024,1024
6584,G3_01_1_1_Chlorophyll_A_001_phosphate_plate4.tif,1,960.000,960,960
6585,G3_01_1_1_Chlorophyll_A_001_phosphate_plate4.tif,52,1131.077,944,1408
6586,G3_01_1_1_Chlorophyll_A_001_phosphate_plate4.tif,1,992.000,992,992
6587,G3_01_1_1_Chlorophyll_A_001_phosphate_plate4.tif,1,1072.000,1072,1072
6588,G3_01_1_1_Chlorophyll_A_001_phosphate_plate4.tif,3,1018.667,1008,1040
6589,G3_01_1_1_Chlorophyll_A_001_phosphate_plate4.tif,1,944.000,944,944
6590,G3_01_1_1_Chlorophyll_A_001_phosphate_plate4.tif,1,1008.000,1008,1008
6591,G3_01_1_1_Chlorophyll_A_001_phosphate_plate4.tif,1,992.000,992,992
6592,G3_01_1_1_Chlorophyll_A_001_phosphate_plate4.tif,4,976.000,944,1024
6593,G3_01_1_1_Chlorophyll_A_001_phosphate_plate4.tif,1,1040.000,1040,1040
6594,G3_01_1_1_Chlorophyll_A_001_phosphate_plate4.tif,1,1056.000,1056,1056
6595,G3_01_1_1_Chlorophyll_A_001_phosphate_plate4.tif,1,976.000,976,976
6596,G3_01_1_1_Chlorophyll_A_001_phosphate_plate4.tif,1,960.000,960,960
6597,G3_01_1_1_Chlorophyll_A_001_phosphate_plate4.tif,1,960.000,960,960
6598,G3_01_1_1_Chlorophyll_A_001_phosphate_plate4.tif,31,1092.645,960,1392
6599,G3_01_1_1_Chlorophyll_A_001_phosphate_plate4.tif,36,1077.333,944,1424
6600,G3_01_1_1_Chlorophyll_A_001_phosphate_plate4.tif,1,1040.000,1040,1040
6601,G3_01_1_1_Chlorophyll_A_001_phosphate_plate4.tif,2,968.000,960,976
6602,G3_01_1_1_Chlorophyll_A_001_phosphate_plate4.tif,1,1024.000,1024,1024
6603,G3_01_1_1_Chlorophyll_A_001_phosphate_plate4.tif,1,1056.000,1056,1056
6604,G3_01_1_1_Chlorophyll_A_001_phosphate_plate4.tif,2,960.000,960,960
6605,G3_01_1_1_Chlorophyll_A_001_phosphate_plate4.tif,2,1016.000,944,1088
6606,G3_01_1_1_Chlorophyll_A_001_phosphate_plate4.tif,1,1056.000,1056,1056
6607,G3_01_1_1_Chlorophyll_A_001_phosphate_plate4.tif,1,976.000,976,976
6608,G3_01_1_1_Chlorophyll_A_001_phosphate_plate4.tif,1,1024.000,1024,1024
6609,G3_01_1_1_Chlorophyll_A_001_phosphate_plate4.tif,1,1120.000,1120,1120
6610,G3_01_1_1_Chlorophyll_A_001_phosphate_plate4.tif,2,1000.000,944,1056
6611,G3_01_1_1_Chlorophyll_A_001_phosphate_plate4.tif,2,952.000,944,960
6612,G3_01_1_1_Chlorophyll_A_001_phosphate_plate4.tif,1,944.000,944,944
6613,G3_01_1_1_Chlorophyll_A_001_phosphate_plate4.tif,1,992.000,992,992
6614,G3_01_1_1_Chlorophyll_A_001_phosphate_plate4.tif,1,976.000,976,976
6615,G3_01_1_1_Chlorophyll_A_001_phosphate_plate4.tif,1,960.000,960,960
6616,G3_01_1_1_Chlorophyll_A_001_phosphate_plate4.tif,1,992.000,992,992
6617,G3_01_1_1_Chlorophyll_A_001_phosphate_plate4.tif,1,960.000,960,960
6618,G3_01_1_1_Chlorophyll_A_001_phosphate_plate4.tif,1,992.000,992,992
6619,G3_01_1_1_Chlorophyll_A_001_phosphate_plate4.tif,14,1105.143,944,1232
6620,G3_01_1_1_Chlorophyll_A_001_phosphate_plate4.tif,2,1168.000,1056,1280
6621,G3_01_1_1_Chlorophyll_A_001_phosphate_plate4.tif,28,1095.429,944,1584
6622,G3_01_1_1_Chlorophyll_A_001_phosphate_plate4.tif,9,1104.000,944,1232
6623,G3_01_1_1_Chlorophyll_A_001_phosphate_plate4.tif,19,1114.105,960,1328
6624,G3_01_1_1_Chlorophyll_A_001_phosphate_plate4.tif,16,1050.000,960,1200
6625,G3_01_1_1_Chlorophyll_A_001_phosphate_plate4.tif,2,1144.000,1104,1184
6626,G3_01_1_1_Chlorophyll_A_001_phosphate_plate4.tif,2,1048.000,1008,1088
6627,G3_01_1_1_Chlorophyll_A_001_phosphate_plate4.tif,1,976.000,976,976
6628,G3_01_1_1_Chlorophyll_A_001_phosphate_plate4.tif,1,976.000,976,976
6629,G3_01_1_1_Chlorophyll_A_001_phosphate_plate4.tif,1,1024.000,1024,1024
6630,G3_01_1_1_Chlorophyll_A_001_phosphate_plate4.tif,1,1040.000,1040,1040
6631,G3_01_1_1_Chlorophyll_A_001_phosphate_plate4.tif,1,960.000,960,960
6632,G3_01_1_1_Chlorophyll_A_001_phosphate_plate4.tif,1,960.000,960,960
6633,G3_01_1_1_Chlorophyll_A_001_phosphate_plate4.tif,1,960.000,960,960
6634,G3_01_1_1_Chlorophyll_A_001_phosphate_plate4.tif,18,1104.000,944,1472
6635,G3_01_1_1_Chlorophyll_A_001_phosphate_plate4.tif,12,1152.000,960,1328
6636,G3_01_1_1_Chlorophyll_A_001_phosphate_plate4.tif,307,1781.941,944,19168
6637,G3_01_1_1_Chlorophyll_A_001_phosphate_plate4.tif,69,1091.478,944,1488
6638,G3_01_1_1_Chlorophyll_A_001_phosphate_plate4.tif,63,1069.460,944,1584
6639,G3_01_1_1_Chlorophyll_A_001_phosphate_plate4.tif,3,1024.000,976,1056
6640,G3_01_1_1_Chlorophyll_A_001_phosphate_plate4.tif,2,960.000,944,976
6641,G3_01_1_1_Chlorophyll_A_001_phosphate_plate4.tif,1,960.000,960,960
6642,G3_01_1_1_Chlorophyll_A_001_phosphate_plate4.tif,2,1016.000,944,1088
6643,G3_01_1_1_Chlorophyll_A_001_phosphate_plate4.tif,1,960.000,960,960
6644,G3_01_1_1_Chlorophyll_A_001_phosphate_plate4.tif,1,976.000,976,976
6645,G3_01_1_1_Chlorophyll_A_001_phosphate_plate4.tif,1,1072.000,1072,1072
6646,G3_01_1_1_Chlorophyll_A_001_phosphate_plate4.tif,1,1248.000,1248,1248
6647,G3_01_1_1_Chlorophyll_A_001_phosphate_plate4.tif,1,992.000,992,992
6648,G3_01_1_1_Chlorophyll_A_001_phosphate_plate4.tif,1,960.000,960,960
6649,G3_01_1_1_Chlorophyll_A_001_phosphate_plate4.tif,23,1113.043,944,1280
6650,G3_01_1_1_Chlorophyll_A_001_phosphate_plate4.tif,27,1052.444,944,1184
6651,G3_01_1_1_Chlorophyll_A_001_phosphate_plate4.tif,20,1128.000,944,1424
6652,G3_01_1_1_Chlorophyll_A_001_phosphate_plate4.tif,34,1102.118,944,1392
6653,G3_01_1_1_Chlorophyll_A_001_phosphate_plate4.tif,34,1092.706,944,1312
6654,G3_01_1_1_Chlorophyll_A_001_phosphate_plate4.tif,23,1060.174,960,1312
6655,G3_01_1_1_Chlorophyll_A_001_phosphate_plate4.tif,76,1044.421,944,1312
6656,G3_01_1_1_Chlorophyll_A_001_phosphate_plate4.tif,1,944.000,944,944
6657,G3_01_1_1_Chlorophyll_A_001_phosphate_plate4.tif,1,944.000,944,944
6658,G3_01_1_1_Chlorophyll_A_001_phosphate_plate4.tif,1,1008.000,1008,1008
6659,G3_01_1_1_Chlorophyll_A_001_phosphate_plate4.tif,2,944.000,944,944
6660,G3_01_1_1_Chlorophyll_A_001_phosphate_plate4.tif,1,976.000,976,976
6661,G3_01_1_1_Chlorophyll_A_001_phosphate_plate4.tif,1,960.000,960,960
6662,G3_01_1_1_Chlorophyll_A_001_phosphate_plate4.tif,1,960.000,960,960
6663,G3_01_1_1_Chlorophyll_A_001_phosphate_plate4.tif,3,976.000,944,1024
6664,G3_01_1_1_Chlorophyll_A_001_phosphate_plate4.tif,1,944.000,944,944
6665,G3_01_1_1_Chlorophyll_A_001_phosphate_plate4.tif,1,1056.000,1056,1056
6666,G3_01_1_1_Chlorophyll_A_001_phosphate_plate4.tif,1,976.000,976,976
6667,G3_01_1_1_Chlorophyll_A_001_phosphate_plate4.tif,1,976.000,976,976
6668,G3_01_1_1_Chlorophyll_A_001_phosphate_plate4.tif,647,2188.093,944,24784
6669,G3_01_1_1_Chlorophyll_A_001_phosphate_plate4.tif,29,1100.690,960,1312
6670,G3_01_1_1_Chlorophyll_A_001_phosphate_plate4.tif,1,1136.000,1136,1136
6671,G3_01_1_1_Chlorophyll_A_001_phosphate_plate4.tif,2,960.000,944,976
6672,G3_01_1_1_Chlorophyll_A_001_phosphate_plate4.tif,2,968.000,944,992
6673,G3_01_1_1_Chlorophyll_A_001_phosphate_plate4.tif,2,1048.000,1008,1088
6674,G3_01_1_1_Chlorophyll_A_001_phosphate_plate4.tif,3,965.333,944,976
6675,G3_01_1_1_Chlorophyll_A_001_phosphate_plate4.tif,1,960.000,960,960
6676,G3_01_1_1_Chlorophyll_A_001_phosphate_plate4.tif,1,1024.000,1024,1024
6677,G3_01_1_1_Chlorophyll_A_001_phosphate_plate4.tif,1,960.000,960,960
6678,G3_01_1_1_Chlorophyll_A_001_phosphate_plate4.tif,1,960.000,960,960
6679,G3_01_1_1_Chlorophyll_A_001_phosphate_plate4.tif,1,1040.000,1040,1040
6680,G3_01_1_1_Chlorophyll_A_001_phosphate_plate4.tif,1,1072.000,1072,1072
6681,G3_01_1_1_Chlorophyll_A_001_phosphate_plate4.tif,35,1089.829,944,1344
6682,G3_01_1_1_Chlorophyll_A_001_phosphate_plate4.tif,22,1078.545,960,1440
6683,G3_01_1_1_Chlorophyll_A_001_phosphate_plate4.tif,24,1134.667,944,1440
6684,G3_01_1_1_Chlorophyll_A_001_phosphate_plate4.tif,2,984.000,944,1024
6685,G3_01_1_1_Chlorophyll_A_001_phosphate_plate4.tif,1,944.000,944,944
6686,G3_01_1_1_Chlorophyll_A_001_phosphate_plate4.tif,2,992.000,976,1008
6687,G3_01_1_1_Chlorophyll_A_001_phosphate_plate4.tif,1,1072.000,1072,1072
6688,G3_01_1_1_Chlorophyll_A_001_phosphate_plate4.tif,1,976.000,976,976
6689,G3_01_1_1_Chlorophyll_A_001_phosphate_plate4.tif,2,976.000,944,1008
6690,G3_01_1_1_Chlorophyll_A_001_phosphate_plate4.tif,1,960.000,960,960
6691,G3_01_1_1_Chlorophyll_A_001_phosphate_plate4.tif,1,992.000,992,992
6692,G3_01_1_1_Chlorophyll_A_001_phosphate_plate4.tif,1,976.000,976,976
6693,G3_01_1_1_Chlorophyll_A_001_phosphate_plate4.tif,1,1072.000,1072,1072
6694,G3_01_1_1_Chlorophyll_A_001_phosphate_plate4.tif,23,1097.043,944,1328
6695,G3_01_1_1_Chlorophyll_A_001_phosphate_plate4.tif,73,1105.973,944,1376
6696,G3_01_1_1_Chlorophyll_A_001_phosphate_plate4.tif,62,1091.871,944,1344
6697,G3_01_1_1_Chlorophyll_A_001_phosphate_plate4.tif,255,2507.922,944,19616
6698,G3_01_1_1_Chlorophyll_A_001_phosphate_plate4.tif,1,1120.000,1120,1120
6699,G3_01_1_1_Chlorophyll_A_001_phosphate_plate4.tif,1,1040.000,1040,1040
6700,G3_01_1_1_Chlorophyll_A_001_phosphate_plate4.tif,32,1047.500,944,1264
6701,G3_01_1_1_Chlorophyll_A_001_phosphate_plate4.tif,1,1040.000,1040,1040
6702,G3_01_1_1_Chlorophyll_A_001_phosphate_plate4.tif,2,1000.000,944,1056
6703,G3_01_1_1_Chlorophyll_A_001_phosphate_plate4.tif,1,1104.000,1104,1104
6704,G3_01_1_1_Chlorophyll_A_001_phosphate_plate4.tif,1,960.000,960,960
6705,G3_01_1_1_Chlorophyll_A_001_phosphate_plate4.tif,1,1168.000,1168,1168
6706,G3_01_1_1_Chlorophyll_A_001_phosphate_plate4.tif,1,944.000,944,944
6707,G3_01_1_1_Chlorophyll_A_001_phosphate_plate4.tif,2,944.000,944,944
6708,G3_01_1_1_Chlorophyll_A_001_phosphate_plate4.tif,1,976.000,976,976
6709,G3_01_1_1_Chlorophyll_A_001_phosphate_plate4.tif,1,944.000,944,944
6710,G3_01_1_1_Chlorophyll_A_001_phosphate_plate4.tif,2,1000.000,976,1024
6711,G3_01_1_1_Chlorophyll_A_001_phosphate_plate4.tif,1,944.000,944,944
6712,G3_01_1_1_Chlorophyll_A_001_phosphate_plate4.tif,2,960.000,944,976
6713,G3_01_1_1_Chlorophyll_A_001_phosphate_plate4.tif,1,1056.000,1056,1056
6714,G3_01_1_1_Chlorophyll_A_001_phosphate_plate4.tif,1,992.000,992,992
6715,G3_01_1_1_Chlorophyll_A_001_phosphate_plate4.tif,1,960.000,960,960
6716,G3_01_1_1_Chlorophyll_A_001_phosphate_plate4.tif,102,5137.882,944,26912
6717,G3_01_1_1_Chlorophyll_A_001_phosphate_plate4.tif,1,992.000,992,992
6718,G3_01_1_1_Chlorophyll_A_001_phosphate_plate4.tif,5,1024.000,992,1088
6719,G3_01_1_1_Chlorophyll_A_001_phosphate_plate4.tif,2,960.000,944,976
6720,G3_01_1_1_Chlorophyll_A_001_phosphate_plate4.tif,8,1006.000,960,1120
6721,G3_01_1_1_Chlorophyll_A_001_phosphate_plate4.tif,1,976.000,976,976
6722,G3_01_1_1_Chlorophyll_A_001_phosphate_plate4.tif,1,944.000,944,944
6723,G3_01_1_1_Chlorophyll_A_001_phosphate_plate4.tif,1,1120.000,1120,1120
6724,G3_01_1_1_Chlorophyll_A_001_phosphate_plate4.tif,1,960.000,960,960
6725,G3_01_1_1_Chlorophyll_A_001_phosphate_plate4.tif,1,960.000,960,960
6726,G3_01_1_1_Chlorophyll_A_001_phosphate_plate4.tif,16,1084.000,976,1248
6727,G3_01_1_1_Chlorophyll_A_001_phosphate_plate4.tif,35,1065.600,944,1424
6728,G3_01_1_1_Chlorophyll_A_001_phosphate_plate4.tif,1,1008.000,1008,1008
6729,G3_01_1_1_Chlorophyll_A_001_phosphate_plate4.tif,3,970.667,960,992
6730,G3_01_1_1_Chlorophyll_A_001_phosphate_plate4.tif,1,1008.000,1008,1008
6731,G3_01_1_1_Chlorophyll_A_001_phosphate_plate4.tif,1,944.000,944,944
6732,G3_01_1_1_Chlorophyll_A_001_phosphate_plate4.tif,1,1040.000,1040,1040
6733,G3_01_1_1_Chlorophyll_A_001_phosphate_plate4.tif,1,944.000,944,944
6734,G3_01_1_1_Chlorophyll_A_001_phosphate_plate4.tif,1,1056.000,1056,1056
6735,G3_01_1_1_Chlorophyll_A_001_phosphate_plate4.tif,1,944.000,944,944
6736,G3_01_1_1_Chlorophyll_A_001_phosphate_plate4.tif,1,960.000,960,960
6737,G3_01_1_1_Chlorophyll_A_001_phosphate_plate4.tif,1,1040.000,1040,1040
6738,G3_01_1_1_Chlorophyll_A_001_phosphate_plate4.tif,1,960.000,960,960
6739,G3_01_1_1_Chlorophyll_A_001_phosphate_plate4.tif,1,960.000,960,960
6740,G3_01_1_1_Chlorophyll_A_001_phosphate_plate4.tif,1,976.000,976,976
6741,G3_01_1_1_Chlorophyll_A_001_phosphate_plate4.tif,1,976.000,976,976
6742,G3_01_1_1_Chlorophyll_A_001_phosphate_plate4.tif,1,1008.000,1008,1008
6743,G3_01_1_1_Chlorophyll_A_001_phosphate_plate4.tif,1,976.000,976,976
6744,G3_01_1_1_Chlorophyll_A_001_phosphate_plate4.tif,64,1144.000,944,1440
6745,G3_01_1_1_Chlorophyll_A_001_phosphate_plate4.tif,4,1088.000,992,1200
6746,G3_01_1_1_Chlorophyll_A_001_phosphate_plate4.tif,36,1094.667,944,1488
6747,G3_01_1_1_Chlorophyll_A_001_phosphate_plate4.tif,44,1103.636,944,1488
6748,G3_01_1_1_Chlorophyll_A_001_phosphate_plate4.tif,19,1073.684,960,1264
6749,G3_01_1_1_Chlorophyll_A_001_phosphate_plate4.tif,27,1080.296,960,1344
6750,G3_01_1_1_Chlorophyll_A_001_phosphate_plate4.tif,1,960.000,960,960
6751,G3_01_1_1_Chlorophyll_A_001_phosphate_plate4.tif,1,992.000,992,992
6752,G3_01_1_1_Chlorophyll_A_001_phosphate_plate4.tif,1,960.000,960,960
6753,G3_01_1_1_Chlorophyll_A_001_phosphate_plate4.tif,1,1024.000,1024,1024
6754,G3_01_1_1_Chlorophyll_A_001_phosphate_plate4.tif,1,1024.000,1024,1024
6755,G3_01_1_1_Chlorophyll_A_001_phosphate_plate4.tif,1,992.000,992,992
6756,G3_01_1_1_Chlorophyll_A_001_phosphate_plate4.tif,4,1032.000,944,1120
6757,G3_01_1_1_Chlorophyll_A_001_phosphate_plate4.tif,1,1008.000,1008,1008
6758,G3_01_1_1_Chlorophyll_A_001_phosphate_plate4.tif,1,960.000,960,960
6759,G3_01_1_1_Chlorophyll_A_001_phosphate_plate4.tif,1,1008.000,1008,1008
6760,G3_01_1_1_Chlorophyll_A_001_phosphate_plate4.tif,1,992.000,992,992
6761,G3_01_1_1_Chlorophyll_A_001_phosphate_plate4.tif,1,960.000,960,960
6762,G3_01_1_1_Chlorophyll_A_001_phosphate_plate4.tif,1,992.000,992,992
6763,G3_01_1_1_Chlorophyll_A_001_phosphate_plate4.tif,1,992.000,992,992
6764,G3_01_1_1_Chlorophyll_A_001_phosphate_plate4.tif,43,1033.302,944,1216
6765,G3_01_1_1_Chlorophyll_A_001_phosphate_plate4.tif,4,1016.000,944,1040
6766,G3_01_1_1_Chlorophyll_A_001_phosphate_plate4.tif,1,1056.000,1056,1056
6767,G3_01_1_1_Chlorophyll_A_001_phosphate_plate4.tif,1,1136.000,1136,1136
6768,G3_01_1_1_Chlorophyll_A_001_phosphate_plate4.tif,1,976.000,976,976
6769,G3_01_1_1_Chlorophyll_A_001_phosphate_plate4.tif,1,960.000,960,960
6770,G3_01_1_1_Chlorophyll_A_001_phosphate_plate4.tif,1,960.000,960,960
6771,G3_01_1_1_Chlorophyll_A_001_phosphate_plate4.tif,1,960.000,960,960
6772,G3_01_1_1_Chlorophyll_A_001_phosphate_plate4.tif,1,992.000,992,992
6773,G3_01_1_1_Chlorophyll_A_001_phosphate_plate4.tif,30,3217.600,992,12064
6774,G3_01_1_1_Chlorophyll_A_001_phosphate_plate4.tif,63,3872.762,960,15136
6775,G3_01_1_1_Chlorophyll_A_001_phosphate_plate4.tif,63,1139.048,944,1456
6776,G3_01_1_1_Chlorophyll_A_001_phosphate_plate4.tif,40,1142.400,944,1376
6777,G3_01_1_1_Chlorophyll_A_001_phosphate_plate4.tif,23,1093.565,944,1248
6778,G3_01_1_1_Chlorophyll_A_001_phosphate_plate4.tif,50,1082.560,944,1344
6779,G3_01_1_1_Chlorophyll_A_001_phosphate_plate4.tif,1,1104.000,1104,1104
6780,G3_01_1_1_Chlorophyll_A_001_phosphate_plate4.tif,1,960.000,960,960
6781,G3_01_1_1_Chlorophyll_A_001_phosphate_plate4.tif,1,976.000,976,976
6782,G3_01_1_1_Chlorophyll_A_001_phosphate_plate4.tif,1,960.000,960,960
6783,G3_01_1_1_Chlorophyll_A_001_phosphate_plate4.tif,1,1008.000,1008,1008
6784,G3_01_1_1_Chlorophyll_A_001_phosphate_plate4.tif,2,1000.000,944,1056
6785,G3_01_1_1_Chlorophyll_A_001_phosphate_plate4.tif,1,944.000,944,944
6786,G3_01_1_1_Chlorophyll_A_001_phosphate_plate4.tif,1,976.000,976,976
6787,G3_01_1_1_Chlorophyll_A_001_phosphate_plate4.tif,1,960.000,960,960
6788,G3_01_1_1_Chlorophyll_A_001_phosphate_plate4.tif,1,944.000,944,944
6789,G3_01_1_1_Chlorophyll_A_001_phosphate_plate4.tif,1,1136.000,1136,1136
6790,G3_01_1_1_Chlorophyll_A_001_phosphate_plate4.tif,1,944.000,944,944
6791,G3_01_1_1_Chlorophyll_A_001_phosphate_plate4.tif,1,976.000,976,976
6792,G3_01_1_1_Chlorophyll_A_001_phosphate_plate4.tif,1,960.000,960,960
6793,G3_01_1_1_Chlorophyll_A_001_phosphate_plate4.tif,1,976.000,976,976
6794,G3_01_1_1_Chlorophyll_A_001_phosphate_plate4.tif,1,1024.000,1024,1024
6795,G3_01_1_1_Chlorophyll_A_001_phosphate_plate4.tif,1,944.000,944,944
6796,G3_01_1_1_Chlorophyll_A_001_phosphate_plate4.tif,8,1080.000,944,1264
6797,G3_01_1_1_Chlorophyll_A_001_phosphate_plate4.tif,17,1073.882,976,1344
6798,G3_01_1_1_Chlorophyll_A_001_phosphate_plate4.tif,8,1076.000,944,1216
6799,G3_01_1_1_Chlorophyll_A_001_phosphate_plate4.tif,2,952.000,944,960
6800,G3_01_1_1_Chlorophyll_A_001_phosphate_plate4.tif,1,960.000,960,960
6801,G3_01_1_1_Chlorophyll_A_001_phosphate_plate4.tif,1,1040.000,1040,1040
6802,G3_01_1_1_Chlorophyll_A_001_phosphate_plate4.tif,2,1048.000,1040,1056
6803,G3_01_1_1_Chlorophyll_A_001_phosphate_plate4.tif,5,988.800,944,1104
6804,G3_01_1_1_Chlorophyll_A_001_phosphate_plate4.tif,1,1056.000,1056,1056
6805,G3_01_1_1_Chlorophyll_A_001_phosphate_plate4.tif,1,944.000,944,944
6806,G3_01_1_1_Chlorophyll_A_001_phosphate_plate4.tif,1,1008.000,1008,1008
6807,G3_01_1_1_Chlorophyll_A_001_phosphate_plate4.tif,3,986.667,976,1008
6808,G3_01_1_1_Chlorophyll_A_001_phosphate_plate4.tif,1,976.000,976,976
6809,G3_01_1_1_Chlorophyll_A_001_phosphate_plate4.tif,13,1164.308,1008,1392
6810,G3_01_1_1_Chlorophyll_A_001_phosphate_plate4.tif,19,1105.684,944,1488
6811,G3_01_1_1_Chlorophyll_A_001_phosphate_plate4.tif,27,1079.111,944,1328
6812,G3_01_1_1_Chlorophyll_A_001_phosphate_plate4.tif,3,1029.333,944,1072
6813,G3_01_1_1_Chlorophyll_A_001_phosphate_plate4.tif,1,1056.000,1056,1056
6814,G3_01_1_1_Chlorophyll_A_001_phosphate_plate4.tif,1,1104.000,1104,1104
6815,G3_01_1_1_Chlorophyll_A_001_phosphate_plate4.tif,1,1008.000,1008,1008
6816,G3_01_1_1_Chlorophyll_A_001_phosphate_plate4.tif,1,960.000,960,960
6817,G3_01_1_1_Chlorophyll_A_001_phosphate_plate4.tif,1,1040.000,1040,1040
6818,G3_01_1_1_Chlorophyll_A_001_phosphate_plate4.tif,1,992.000,992,992
6819,G3_01_1_1_Chlorophyll_A_001_phosphate_plate4.tif,2,1000.000,960,1040
6820,G3_01_1_1_Chlorophyll_A_001_phosphate_plate4.tif,1,976.000,976,976
6821,G3_01_1_1_Chlorophyll_A_001_phosphate_plate4.tif,1,1008.000,1008,1008
6822,G3_01_1_1_Chlorophyll_A_001_phosphate_plate4.tif,1,1040.000,1040,1040
6823,G3_01_1_1_Chlorophyll_A_001_phosphate_plate4.tif,17,1101.176,960,1504
6824,G3_01_1_1_Chlorophyll_A_001_phosphate_plate4.tif,319,2164.765,944,22976
6825,G3_01_1_1_Chlorophyll_A_001_phosphate_plate4.tif,1,1072.000,1072,1072
6826,G3_01_1_1_Chlorophyll_A_001_phosphate_plate4.tif,1,976.000,976,976
6827,G3_01_1_1_Chlorophyll_A_001_phosphate_plate4.tif,1,1040.000,1040,1040
6828,G3_01_1_1_Chlorophyll_A_001_phosphate_plate4.tif,2,1096.000,1056,1136
6829,G3_01_1_1_Chlorophyll_A_001_phosphate_plate4.tif,1,944.000,944,944
6830,G3_01_1_1_Chlorophyll_A_001_phosphate_plate4.tif,1,960.000,960,960
6831,G3_01_1_1_Chlorophyll_A_001_phosphate_plate4.tif,2,968.000,960,976
6832,G3_01_1_1_Chlorophyll_A_001_phosphate_plate4.tif,1,944.000,944,944
6833,G3_01_1_1_Chlorophyll_A_001_phosphate_plate4.tif,1,960.000,960,960
6834,G3_01_1_1_Chlorophyll_A_001_phosphate_plate4.tif,10,1041.600,944,1200
6835,G3_01_1_1_Chlorophyll_A_001_phosphate_plate4.tif,2,1008.000,992,1024
6836,G3_01_1_1_Chlorophyll_A_001_phosphate_plate4.tif,1,960.000,960,960
6837,G3_01_1_1_Chlorophyll_A_001_phosphate_plate4.tif,1,976.000,976,976
6838,G3_01_1_1_Chlorophyll_A_001_phosphate_plate4.tif,1,1088.000,1088,1088
6839,G3_01_1_1_Chlorophyll_A_001_phosphate_plate4.tif,2,1024.000,1008,1040
6840,G3_01_1_1_Chlorophyll_A_001_phosphate_plate4.tif,1,944.000,944,944
6841,G3_01_1_1_Chlorophyll_A_001_phosphate_plate4.tif,1,1072.000,1072,1072
6842,G3_01_1_1_Chlorophyll_A_001_phosphate_plate4.tif,1,976.000,976,976
6843,G3_01_1_1_Chlorophyll_A_001_phosphate_plate4.tif,4,1020.000,960,1088
6844,G3_01_1_1_Chlorophyll_A_001_phosphate_plate4.tif,1,992.000,992,992
6845,G3_01_1_1_Chlorophyll_A_001_phosphate_plate4.tif,1,1024.000,1024,1024
6846,G3_01_1_1_Chlorophyll_A_001_phosphate_plate4.tif,1,1056.000,1056,1056
6847,G3_01_1_1_Chlorophyll_A_001_phosphate_plate4.tif,1,960.000,960,960
6848,G3_01_1_1_Chlorophyll_A_001_phosphate_plate4.tif,1,976.000,976,976
6849,G3_01_1_1_Chlorophyll_A_001_phosphate_plate4.tif,1,1024.000,1024,1024
6850,G3_01_1_1_Chlorophyll_A_001_phosphate_plate4.tif,73,4479.781,944,24864
6851,G3_01_1_1_Chlorophyll_A_001_phosphate_plate4.tif,26,1134.154,976,1424
6852,G3_01_1_1_Chlorophyll_A_001_phosphate_plate4.tif,19,1108.211,944,1264
6853,G3_01_1_1_Chlorophyll_A_001_phosphate_plate4.tif,62,1064.774,944,1376
6854,G3_01_1_1_Chlorophyll_A_001_phosphate_plate4.tif,3,1040.000,944,1152
6855,G3_01_1_1_Chlorophyll_A_001_phosphate_plate4.tif,1,1040.000,1040,1040
6856,G3_01_1_1_Chlorophyll_A_001_phosphate_plate4.tif,2,984.000,960,1008
6857,G3_01_1_1_Chlorophyll_A_001_phosphate_plate4.tif,1,1008.000,1008,1008
6858,G3_01_1_1_Chlorophyll_A_001_phosphate_plate4.tif,1,944.000,944,944
6859,G3_01_1_1_Chlorophyll_A_001_phosphate_plate4.tif,2,984.000,976,992
6860,G3_01_1_1_Chlorophyll_A_001_phosphate_plate4.tif,7,1010.286,960,1088
6861,G3_01_1_1_Chlorophyll_A_001_phosphate_plate4.tif,2,952.000,944,960
6862,G3_01_1_1_Chlorophyll_A_001_phosphate_plate4.tif,13,998.154,944,1120
6863,G3_01_1_1_Chlorophyll_A_001_phosphate_plate4.tif,3,1024.000,960,1072
6864,G3_01_1_1_Chlorophyll_A_001_phosphate_plate4.tif,2,968.000,944,992
6865,G3_01_1_1_Chlorophyll_A_001_phosphate_plate4.tif,1,976.000,976,976
6866,G3_01_1_1_Chlorophyll_A_001_phosphate_plate4.tif,3,981.333,960,992
6867,G3_01_1_1_Chlorophyll_A_001_phosphate_plate4.tif,1,960.000,960,960
6868,G3_01_1_1_Chlorophyll_A_001_phosphate_plate4.tif,1,976.000,976,976
6869,G3_01_1_1_Chlorophyll_A_001_phosphate_plate4.tif,1,976.000,976,976
6870,G3_01_1_1_Chlorophyll_A_001_phosphate_plate4.tif,1,1008.000,1008,1008
6871,G3_01_1_1_Chlorophyll_A_001_phosphate_plate4.tif,1,960.000,960,960
6872,G3_01_1_1_Chlorophyll_A_001_phosphate_plate4.tif,4,1064.000,944,1248
6873,G3_01_1_1_Chlorophyll_A_001_phosphate_plate4.tif,1,944.000,944,944
6874,G3_01_1_1_Chlorophyll_A_001_phosphate_plate4.tif,1,1056.000,1056,1056
6875,G3_01_1_1_Chlorophyll_A_001_phosphate_plate4.tif,1,992.000,992,992
6876,G3_01_1_1_Chlorophyll_A_001_phosphate_plate4.tif,1,1072.000,1072,1072
6877,G3_01_1_1_Chlorophyll_A_001_phosphate_plate4.tif,1,1040.000,1040,1040
6878,G3_01_1_1_Chlorophyll_A_001_phosphate_plate4.tif,1,976.000,976,976
6879,G3_01_1_1_Chlorophyll_A_001_phosphate_plate4.tif,1,944.000,944,944
6880,G3_01_1_1_Chlorophyll_A_001_phosphate_plate4.tif,1,976.000,976,976
6881,G3_01_1_1_Chlorophyll_A_001_phosphate_plate4.tif,1,976.000,976,976
6882,G3_01_1_1_Chlorophyll_A_001_phosphate_plate4.tif,222,2034.667,944,21376
6883,G3_01_1_1_Chlorophyll_A_001_phosphate_plate4.tif,16,1112.000,944,1264
6884,G3_01_1_1_Chlorophyll_A_001_phosphate_plate4.tif,306,2127.948,944,24224
6885,G3_01_1_1_Chlorophyll_A_001_phosphate_plate4.tif,265,1739.713,944,13776
6886,G3_01_1_1_Chlorophyll_A_001_phosphate_plate4.tif,23,1106.087,960,1328
6887,G3_01_1_1_Chlorophyll_A_001_phosphate_plate4.tif,17,1091.765,944,1280
6888,G3_01_1_1_Chlorophyll_A_001_phosphate_plate4.tif,1,1168.000,1168,1168
6889,G3_01_1_1_Chlorophyll_A_001_phosphate_plate4.tif,2,1016.000,976,1056
6890,G3_01_1_1_Chlorophyll_A_001_phosphate_plate4.tif,2,984.000,976,992
6891,G3_01_1_1_Chlorophyll_A_001_phosphate_plate4.tif,1,1024.000,1024,1024
6892,G3_01_1_1_Chlorophyll_A_001_phosphate_plate4.tif,1,1040.000,1040,1040
6893,G3_01_1_1_Chlorophyll_A_001_phosphate_plate4.tif,3,1056.000,1056,1056
6894,G3_01_1_1_Chlorophyll_A_001_phosphate_plate4.tif,1,992.000,992,992
6895,G3_01_1_1_Chlorophyll_A_001_phosphate_plate4.tif,1,976.000,976,976
6896,G3_01_1_1_Chlorophyll_A_001_phosphate_plate4.tif,1,1104.000,1104,1104
6897,G3_01_1_1_Chlorophyll_A_001_phosphate_plate4.tif,1,960.000,960,960
6898,G3_01_1_1_Chlorophyll_A_001_phosphate_plate4.tif,1,1200.000,1200,1200
6899,G3_01_1_1_Chlorophyll_A_001_phosphate_plate4.tif,1,1104.000,1104,1104
6900,G3_01_1_1_Chlorophyll_A_001_phosphate_plate4.tif,1,976.000,976,976
6901,G3_01_1_1_Chlorophyll_A_001_phosphate_plate4.tif,1,944.000,944,944
6902,G3_01_1_1_Chlorophyll_A_001_phosphate_plate4.tif,14,1069.714,944,1136
6903,G3_01_1_1_Chlorophyll_A_001_phosphate_plate4.tif,1,1008.000,1008,1008
6904,G3_01_1_1_Chlorophyll_A_001_phosphate_plate4.tif,3,1098.667,960,1280
6905,G3_01_1_1_Chlorophyll_A_001_phosphate_plate4.tif,2,992.000,960,1024
6906,G3_01_1_1_Chlorophyll_A_001_phosphate_plate4.tif,4,960.000,944,976
6907,G3_01_1_1_Chlorophyll_A_001_phosphate_plate4.tif,1,976.000,976,976
6908,G3_01_1_1_Chlorophyll_A_001_phosphate_plate4.tif,1,992.000,992,992
6909,G3_01_1_1_Chlorophyll_A_001_phosphate_plate4.tif,1,960.000,960,960
6910,G3_01_1_1_Chlorophyll_A_001_phosphate_plate4.tif,1,944.000,944,944
6911,G3_01_1_1_Chlorophyll_A_001_phosphate_plate4.tif,3,1008.000,944,1104
6912,G3_01_1_1_Chlorophyll_A_001_phosphate_plate4.tif,1,1008.000,1008,1008
6913,G3_01_1_1_Chlorophyll_A_001_phosphate_plate4.tif,1,1120.000,1120,1120
6914,G3_01_1_1_Chlorophyll_A_001_phosphate_plate4.tif,55,3050.182,944,10624
6915,G3_01_1_1_Chlorophyll_A_001_phosphate_plate4.tif,1,1072.000,1072,1072
6916,G3_01_1_1_Chlorophyll_A_001_phosphate_plate4.tif,1,1024.000,1024,1024
6917,G3_01_1_1_Chlorophyll_A_001_phosphate_plate4.tif,20,1084.800,944,1392
6918,G3_01_1_1_Chlorophyll_A_001_phosphate_plate4.tif,40,1074.000,944,1328
6919,G3_01_1_1_Chlorophyll_A_001_phosphate_plate4.tif,246,1821.593,944,22336
6920,G3_01_1_1_Chlorophyll_A_001_phosphate_plate4.tif,1,1024.000,1024,1024
6921,G3_01_1_1_Chlorophyll_A_001_phosphate_plate4.tif,1,1056.000,1056,1056
6922,G3_01_1_1_Chlorophyll_A_001_phosphate_plate4.tif,3,1082.667,1008,1216
6923,G3_01_1_1_Chlorophyll_A_001_phosphate_plate4.tif,1,944.000,944,944
6924,G3_01_1_1_Chlorophyll_A_001_phosphate_plate4.tif,1,976.000,976,976
6925,G3_01_1_1_Chlorophyll_A_001_phosphate_plate4.tif,1,1072.000,1072,1072
6926,G3_01_1_1_Chlorophyll_A_001_phosphate_plate4.tif,1,1024.000,1024,1024
6927,G3_01_1_1_Chlorophyll_A_001_phosphate_plate4.tif,1,960.000,960,960
6928,G3_01_1_1_Chlorophyll_A_001_phosphate_plate4.tif,1,944.000,944,944
6929,G3_01_1_1_Chlorophyll_A_001_phosphate_plate4.tif,362,4024.398,944,30496
6930,G3_01_1_1_Chlorophyll_A_001_phosphate_plate4.tif,2,984.000,976,992
6931,G3_01_1_1_Chlorophyll_A_001_phosphate_plate4.tif,1,976.000,976,976
6932,G3_01_1_1_Chlorophyll_A_001_phosphate_plate4.tif,1,960.000,960,960
6933,G3_01_1_1_Chlorophyll_A_001_phosphate_plate4.tif,1,944.000,944,944
6934,G3_01_1_1_Chlorophyll_A_001_phosphate_plate4.tif,1,1024.000,1024,1024
6935,G3_01_1_1_Chlorophyll_A_001_phosphate_plate4.tif,18,1068.444,944,1376
6936,G3_01_1_1_Chlorophyll_A_001_phosphate_plate4.tif,51,1069.804,944,1296
6937,G3_01_1_1_Chlorophyll_A_001_phosphate_plate4.tif,32,1121.000,960,1408
6938,G3_01_1_1_Chlorophyll_A_001_phosphate_plate4.tif,3,1013.333,944,1056
6939,G3_01_1_1_Chlorophyll_A_001_phosphate_plate4.tif,1,1024.000,1024,1024
6940,G3_01_1_1_Chlorophyll_A_001_phosphate_plate4.tif,7,1003.429,944,1056
6941,G3_01_1_1_Chlorophyll_A_001_phosphate_plate4.tif,2,1000.000,992,1008
6942,G3_01_1_1_Chlorophyll_A_001_phosphate_plate4.tif,1,1088.000,1088,1088
6943,G3_01_1_1_Chlorophyll_A_001_phosphate_plate4.tif,1,1088.000,1088,1088
6944,G3_01_1_1_Chlorophyll_A_001_phosphate_plate4.tif,1,944.000,944,944
6945,G3_01_1_1_Chlorophyll_A_001_phosphate_plate4.tif,1,1024.000,1024,1024
6946,G3_01_1_1_Chlorophyll_A_001_phosphate_plate4.tif,1,976.000,976,976
6947,G3_01_1_1_Chlorophyll_A_001_phosphate_plate4.tif,2,968.000,944,992
6948,G3_01_1_1_Chlorophyll_A_001_phosphate_plate4.tif,1,1120.000,1120,1120
6949,G3_01_1_1_Chlorophyll_A_001_phosphate_plate4.tif,1,944.000,944,944
6950,G3_01_1_1_Chlorophyll_A_001_phosphate_plate4.tif,1,976.000,976,976
6951,G3_01_1_1_Chlorophyll_A_001_phosphate_plate4.tif,1,1024.000,1024,1024
6952,G3_01_1_1_Chlorophyll_A_001_phosphate_plate4.tif,1,944.000,944,944
6953,G3_01_1_1_Chlorophyll_A_001_phosphate_plate4.tif,1,960.000,960,960
6954,G3_01_1_1_Chlorophyll_A_001_phosphate_plate4.tif,1,944.000,944,944
6955,G3_01_1_1_Chlorophyll_A_001_phosphate_plate4.tif,12,1008.000,944,1136
6956,G3_01_1_1_Chlorophyll_A_001_phosphate_plate4.tif,1,944.000,944,944
6957,G3_01_1_1_Chlorophyll_A_001_phosphate_plate4.tif,1,960.000,960,960
6958,G3_01_1_1_Chlorophyll_A_001_phosphate_plate4.tif,1,944.000,944,944
6959,G3_01_1_1_Chlorophyll_A_001_phosphate_plate4.tif,1,1024.000,1024,1024
6960,G3_01_1_1_Chlorophyll_A_001_phosphate_plate4.tif,1,944.000,944,944
6961,G3_01_1_1_Chlorophyll_A_001_phosphate_plate4.tif,1,1040.000,1040,1040
6962,G3_01_1_1_Chlorophyll_A_001_phosphate_plate4.tif,2,976.000,944,1008
6963,G3_01_1_1_Chlorophyll_A_001_phosphate_plate4.tif,1,944.000,944,944
6964,G3_01_1_1_Chlorophyll_A_001_phosphate_plate4.tif,1,944.000,944,944
6965,G3_01_1_1_Chlorophyll_A_001_phosphate_plate4.tif,1,1024.000,1024,1024
6966,G3_01_1_1_Chlorophyll_A_001_phosphate_plate4.tif,1,976.000,976,976
6967,G3_01_1_1_Chlorophyll_A_001_phosphate_plate4.tif,2,976.000,976,976
6968,G3_01_1_1_Chlorophyll_A_001_phosphate_plate4.tif,2,1048.000,1024,1072
6969,G3_01_1_1_Chlorophyll_A_001_phosphate_plate4.tif,4,984.000,944,1024
6970,G3_01_1_1_Chlorophyll_A_001_phosphate_plate4.tif,4,1072.000,992,1136
6971,G3_01_1_1_Chlorophyll_A_001_phosphate_plate4.tif,1,960.000,960,960
6972,G3_01_1_1_Chlorophyll_A_001_phosphate_plate4.tif,2,960.000,944,976
6973,G3_01_1_1_Chlorophyll_A_001_phosphate_plate4.tif,3,1034.667,976,1120
6974,G3_01_1_1_Chlorophyll_A_001_phosphate_plate4.tif,2,992.000,944,1040
6975,G3_01_1_1_Chlorophyll_A_001_phosphate_plate4.tif,1,944.000,944,944
6976,G3_01_1_1_Chlorophyll_A_001_phosphate_plate4.tif,1,960.000,960,960
6977,G3_01_1_1_Chlorophyll_A_001_phosphate_plate4.tif,1,960.000,960,960
6978,G3_01_1_1_Chlorophyll_A_001_phosphate_plate4.tif,8,1012.000,944,1120
6979,G3_01_1_1_Chlorophyll_A_001_phosphate_plate4.tif,1,976.000,976,976
6980,G3_01_1_1_Chlorophyll_A_001_phosphate_plate4.tif,1,1024.000,1024,1024
6981,G3_01_1_1_Chlorophyll_A_001_phosphate_plate4.tif,1,944.000,944,944
6982,G3_01_1_1_Chlorophyll_A_001_phosphate_plate4.tif,1,960.000,960,960
6983,G3_01_1_1_Chlorophyll_A_001_phosphate_plate4.tif,90,4332.622,960,17616
6984,G3_01_1_1_Chlorophyll_A_001_phosphate_plate4.tif,18,1183.111,960,1488
6985,G3_01_1_1_Chlorophyll_A_001_phosphate_plate4.tif,578,3201.772,944,39296
6986,G3_01_1_1_Chlorophyll_A_001_phosphate_plate4.tif,2,1112.000,944,1280
6987,G3_01_1_1_Chlorophyll_A_001_phosphate_plate4.tif,1,1072.000,1072,1072
6988,G3_01_1_1_Chlorophyll_A_001_phosphate_plate4.tif,3,981.333,960,1008
6989,G3_01_1_1_Chlorophyll_A_001_phosphate_plate4.tif,1,1008.000,1008,1008
6990,G3_01_1_1_Chlorophyll_A_001_phosphate_plate4.tif,1,1008.000,1008,1008
6991,G3_01_1_1_Chlorophyll_A_001_phosphate_plate4.tif,1,1056.000,1056,1056
6992,G3_01_1_1_Chlorophyll_A_001_phosphate_plate4.tif,1,1104.000,1104,1104
6993,G3_01_1_1_Chlorophyll_A_001_phosphate_plate4.tif,1,1040.000,1040,1040
6994,G3_01_1_1_Chlorophyll_A_001_phosphate_plate4.tif,1,1040.000,1040,1040
6995,G3_01_1_1_Chlorophyll_A_001_phosphate_plate4.tif,1,1024.000,1024,1024
6996,G3_01_1_1_Chlorophyll_A_001_phosphate_plate4.tif,2,976.000,960,992
6997,G3_01_1_1_Chlorophyll_A_001_phosphate_plate4.tif,1,992.000,992,992
6998,G3_01_1_1_Chlorophyll_A_001_phosphate_plate4.tif,1,1024.000,1024,1024
6999,G3_01_1_1_Chlorophyll_A_001_phosphate_plate4.tif,1,1008.000,1008,1008
7000,G3_01_1_1_Chlorophyll_A_001_phosphate_plate4.tif,13,1182.769,1072,1408
7001,G3_01_1_1_Chlorophyll_A_001_phosphate_plate4.tif,1,1008.000,1008,1008
7002,G3_01_1_1_Chlorophyll_A_001_phosphate_plate4.tif,1,1024.000,1024,1024
7003,G3_01_1_1_Chlorophyll_A_001_phosphate_plate4.tif,1,976.000,976,976
7004,G3_01_1_1_Chlorophyll_A_001_phosphate_plate4.tif,1,1104.000,1104,1104
7005,G3_01_1_1_Chlorophyll_A_001_phosphate_plate4.tif,165,4402.424,944,25632
7006,G3_01_1_1_Chlorophyll_A_001_phosphate_plate4.tif,1,1008.000,1008,1008
7007,G3_01_1_1_Chlorophyll_A_001_phosphate_plate4.tif,1,960.000,960,960
7008,G3_01_1_1_Chlorophyll_A_001_phosphate_plate4.tif,1,1104.000,1104,1104
7009,G3_01_1_1_Chlorophyll_A_001_phosphate_plate4.tif,1,960.000,960,960
7010,G3_01_1_1_Chlorophyll_A_001_phosphate_plate4.tif,1,1072.000,1072,1072
7011,G3_01_1_1_Chlorophyll_A_001_phosphate_plate4.tif,30,1111.467,976,1296
7012,G3_01_1_1_Chlorophyll_A_001_phosphate_plate4.tif,29,1080.276,944,1408
7013,G3_01_1_1_Chlorophyll_A_001_phosphate_plate4.tif,18,1120.000,976,1280
7014,G3_01_1_1_Chlorophyll_A_001_phosphate_plate4.tif,31,1051.871,944,1200
7015,G3_01_1_1_Chlorophyll_A_001_phosphate_plate4.tif,1,944.000,944,944
7016,G3_01_1_1_Chlorophyll_A_001_phosphate_plate4.tif,1,944.000,944,944
7017,G3_01_1_1_Chlorophyll_A_001_phosphate_plate4.tif,2,976.000,944,1008
7018,G3_01_1_1_Chlorophyll_A_001_phosphate_plate4.tif,1,1056.000,1056,1056
7019,G3_01_1_1_Chlorophyll_A_001_phosphate_plate4.tif,1,944.000,944,944
7020,G3_01_1_1_Chlorophyll_A_001_phosphate_plate4.tif,1,1040.000,1040,1040
7021,G3_01_1_1_Chlorophyll_A_001_phosphate_plate4.tif,1,992.000,992,992
7022,G3_01_1_1_Chlorophyll_A_001_phosphate_plate4.tif,1,944.000,944,944
7023,G3_01_1_1_Chlorophyll_A_001_phosphate_plate4.tif,2,944.000,944,944
7024,G3_01_1_1_Chlorophyll_A_001_phosphate_plate4.tif,1,960.000,960,960
7025,G3_01_1_1_Chlorophyll_A_001_phosphate_plate4.tif,1,1040.000,1040,1040
7026,G3_01_1_1_Chlorophyll_A_001_phosphate_plate4.tif,18,1135.111,960,1488
7027,G3_01_1_1_Chlorophyll_A_001_phosphate_plate4.tif,50,1112.960,944,1344
7028,G3_01_1_1_Chlorophyll_A_001_phosphate_plate4.tif,9,1047.111,976,1280
7029,G3_01_1_1_Chlorophyll_A_001_phosphate_plate4.tif,1,1040.000,1040,1040
7030,G3_01_1_1_Chlorophyll_A_001_phosphate_plate4.tif,2,1040.000,976,1104
7031,G3_01_1_1_Chlorophyll_A_001_phosphate_plate4.tif,1,976.000,976,976
7032,G3_01_1_1_Chlorophyll_A_001_phosphate_plate4.tif,2,1072.000,976,1168
7033,G3_01_1_1_Chlorophyll_A_001_phosphate_plate4.tif,2,1040.000,992,1088
7034,G3_01_1_1_Chlorophyll_A_001_phosphate_plate4.tif,3,1018.667,944,1152
7035,G3_01_1_1_Chlorophyll_A_001_phosphate_plate4.tif,1,944.000,944,944
7036,G3_01_1_1_Chlorophyll_A_001_phosphate_plate4.tif,1,1008.000,1008,1008
7037,G3_01_1_1_Chlorophyll_A_001_phosphate_plate4.tif,1,1072.000,1072,1072
7038,G3_01_1_1_Chlorophyll_A_001_phosphate_plate4.tif,1,960.000,960,960
7039,G3_01_1_1_Chlorophyll_A_001_phosphate_plate4.tif,1,1056.000,1056,1056
7040,G3_01_1_1_Chlorophyll_A_001_phosphate_plate4.tif,1,1120.000,1120,1120
7041,G3_01_1_1_Chlorophyll_A_001_phosphate_plate4.tif,2,984.000,960,1008
7042,G3_01_1_1_Chlorophyll_A_001_phosphate_plate4.tif,1,944.000,944,944
7043,G3_01_1_1_Chlorophyll_A_001_phosphate_plate4.tif,2,952.000,944,960
7044,G3_01_1_1_Chlorophyll_A_001_phosphate_plate4.tif,1,976.000,976,976
7045,G3_01_1_1_Chlorophyll_A_001_phosphate_plate4.tif,1,1024.000,1024,1024
7046,G3_01_1_1_Chlorophyll_A_001_phosphate_plate4.tif,123,5475.122,944,28496
7047,G3_01_1_1_Chlorophyll_A_001_phosphate_plate4.tif,24,1030.667,944,1264
7048,G3_01_1_1_Chlorophyll_A_001_phosphate_plate4.tif,25,1045.120,944,1264
7049,G3_01_1_1_Chlorophyll_A_001_phosphate_plate4.tif,1,992.000,992,992
7050,G3_01_1_1_Chlorophyll_A_001_phosphate_plate4.tif,7,1008.000,976,1072
7051,G3_01_1_1_Chlorophyll_A_001_phosphate_plate4.tif,1,1056.000,1056,1056
7052,G3_01_1_1_Chlorophyll_A_001_phosphate_plate4.tif,2,1072.000,1040,1104
7053,G3_01_1_1_Chlorophyll_A_001_phosphate_plate4.tif,1,1184.000,1184,1184
7054,G3_01_1_1_Chlorophyll_A_001_phosphate_plate4.tif,1,1024.000,1024,1024
7055,G3_01_1_1_Chlorophyll_A_001_phosphate_plate4.tif,1,944.000,944,944
7056,G3_01_1_1_Chlorophyll_A_001_phosphate_plate4.tif,1,1056.000,1056,1056
7057,G3_01_1_1_Chlorophyll_A_001_phosphate_plate4.tif,1,944.000,944,944
7058,G3_01_1_1_Chlorophyll_A_001_phosphate_plate4.tif,1,944.000,944,944
7059,G3_01_1_1_Chlorophyll_A_001_phosphate_plate4.tif,1,1040.000,1040,1040
7060,G3_01_1_1_Chlorophyll_A_001_phosphate_plate4.tif,78,4081.846,944,15936
7061,G3_01_1_1_Chlorophyll_A_001_phosphate_plate4.tif,48,1138.667,944,1440
7062,G3_01_1_1_Chlorophyll_A_001_phosphate_plate4.tif,19,1082.105,944,1232
7063,G3_01_1_1_Chlorophyll_A_001_phosphate_plate4.tif,1,976.000,976,976
7064,G3_01_1_1_Chlorophyll_A_001_phosphate_plate4.tif,1,992.000,992,992
7065,G3_01_1_1_Chlorophyll_A_001_phosphate_plate4.tif,1,1040.000,1040,1040
7066,G3_01_1_1_Chlorophyll_A_001_phosphate_plate4.tif,1,976.000,976,976
7067,G3_01_1_1_Chlorophyll_A_001_phosphate_plate4.tif,3,1034.667,960,1152
7068,G3_01_1_1_Chlorophyll_A_001_phosphate_plate4.tif,2,992.000,960,1024
7069,G3_01_1_1_Chlorophyll_A_001_phosphate_plate4.tif,1,1104.000,1104,1104
7070,G3_01_1_1_Chlorophyll_A_001_phosphate_plate4.tif,1,976.000,976,976
7071,G3_01_1_1_Chlorophyll_A_001_phosphate_plate4.tif,1,960.000,960,960
7072,G3_01_1_1_Chlorophyll_A_001_phosphate_plate4.tif,2,1008.000,976,1040
7073,G3_01_1_1_Chlorophyll_A_001_phosphate_plate4.tif,1,1264.000,1264,1264
7074,G3_01_1_1_Chlorophyll_A_001_phosphate_plate4.tif,1,976.000,976,976
7075,G3_01_1_1_Chlorophyll_A_001_phosphate_plate4.tif,2,944.000,944,944
7076,G3_01_1_1_Chlorophyll_A_001_phosphate_plate4.tif,1,1008.000,1008,1008
7077,G3_01_1_1_Chlorophyll_A_001_phosphate_plate4.tif,164,5244.683,944,26432
7078,G3_01_1_1_Chlorophyll_A_001_phosphate_plate4.tif,1,1024.000,1024,1024
7079,G3_01_1_1_Chlorophyll_A_001_phosphate_plate4.tif,2,960.000,944,976
7080,G3_01_1_1_Chlorophyll_A_001_phosphate_plate4.tif,1,944.000,944,944
7081,G3_01_1_1_Chlorophyll_A_001_phosphate_plate4.tif,1,992.000,992,992
7082,G3_01_1_1_Chlorophyll_A_001_phosphate_plate4.tif,91,4988.484,944,29744
7083,G3_01_1_1_Chlorophyll_A_001_phosphate_plate4.tif,25,1111.680,960,1296
7084,G3_01_1_1_Chlorophyll_A_001_phosphate_plate4.tif,44,1133.091,944,1472
7085,G3_01_1_1_Chlorophyll_A_001_phosphate_plate4.tif,33,1047.758,944,1328
7086,G3_01_1_1_Chlorophyll_A_001_phosphate_plate4.tif,1,960.000,960,960
7087,G3_01_1_1_Chlorophyll_A_001_phosphate_plate4.tif,1,992.000,992,992
7088,G3_01_1_1_Chlorophyll_A_001_phosphate_plate4.tif,1,1024.000,1024,1024
7089,G3_01_1_1_Chlorophyll_A_001_phosphate_plate4.tif,1,1040.000,1040,1040
7090,G3_01_1_1_Chlorophyll_A_001_phosphate_plate4.tif,1,992.000,992,992
7091,G3_01_1_1_Chlorophyll_A_001_phosphate_plate4.tif,2,1016.000,992,1040
7092,G3_01_1_1_Chlorophyll_A_001_phosphate_plate4.tif,166,4260.434,944,41088
7093,G3_01_1_1_Chlorophyll_A_001_phosphate_plate4.tif,1,944.000,944,944
7094,G3_01_1_1_Chlorophyll_A_001_phosphate_plate4.tif,2,968.000,944,992
7095,G3_01_1_1_Chlorophyll_A_001_phosphate_plate4.tif,1,944.000,944,944
7096,G3_01_1_1_Chlorophyll_A_001_phosphate_plate4.tif,36,1119.556,960,1376
7097,G3_01_1_1_Chlorophyll_A_001_phosphate_plate4.tif,37,1090.595,944,1328
7098,G3_01_1_1_Chlorophyll_A_001_phosphate_plate4.tif,1,1008.000,1008,1008
7099,G3_01_1_1_Chlorophyll_A_001_phosphate_plate4.tif,21,1051.429,960,1216
7100,G3_01_1_1_Chlorophyll_A_001_phosphate_plate4.tif,1,1088.000,1088,1088
7101,G3_01_1_1_Chlorophyll_A_001_phosphate_plate4.tif,1,976.000,976,976
7102,G3_01_1_1_Chlorophyll_A_001_phosphate_plate4.tif,10,1024.000,944,1104
7103,G3_01_1_1_Chlorophyll_A_001_phosphate_plate4.tif,1,960.000,960,960
7104,G3_01_1_1_Chlorophyll_A_001_phosphate_plate4.tif,3,970.667,944,1008
7105,G3_01_1_1_Chlorophyll_A_001_phosphate_plate4.tif,1,976.000,976,976
7106,G3_01_1_1_Chlorophyll_A_001_phosphate_plate4.tif,1,1008.000,1008,1008
7107,G3_01_1_1_Chlorophyll_A_001_phosphate_plate4.tif,1,992.000,992,992
7108,G3_01_1_1_Chlorophyll_A_001_phosphate_plate4.tif,3,986.667,976,1008
7109,G3_01_1_1_Chlorophyll_A_001_phosphate_plate4.tif,1,1008.000,1008,1008
7110,G3_01_1_1_Chlorophyll_A_001_phosphate_plate4.tif,1,1120.000,1120,1120
7111,G3_01_1_1_Chlorophyll_A_001_phosphate_plate4.tif,1,1040.000,1040,1040
7112,G3_01_1_1_Chlorophyll_A_001_phosphate_plate4.tif,1,960.000,960,960
7113,G3_01_1_1_Chlorophyll_A_001_phosphate_plate4.tif,1,1024.000,1024,1024
7114,G3_01_1_1_Chlorophyll_A_001_phosphate_plate4.tif,1,976.000,976,976
7115,G3_01_1_1_Chlorophyll_A_001_phosphate_plate4.tif,1,992.000,992,992
7116,G3_01_1_1_Chlorophyll_A_001_phosphate_plate4.tif,37,1117.838,944,1424
7117,G3_01_1_1_Chlorophyll_A_001_phosphate_plate4.tif,26,1116.308,944,1360
7118,G3_01_1_1_Chlorophyll_A_001_phosphate_plate4.tif,32,1072.500,944,1264
7119,G3_01_1_1_Chlorophyll_A_001_phosphate_plate4.tif,43,1053.395,944,1216
7120,G3_01_1_1_Chlorophyll_A_001_phosphate_plate4.tif,1,992.000,992,992
7121,G3_01_1_1_Chlorophyll_A_001_phosphate_plate4.tif,1,1184.000,1184,1184
7122,G3_01_1_1_Chlorophyll_A_001_phosphate_plate4.tif,2,1040.000,960,1120
7123,G3_01_1_1_Chlorophyll_A_001_phosphate_plate4.tif,8,1018.000,960,1120
7124,G3_01_1_1_Chlorophyll_A_001_phosphate_plate4.tif,1,1152.000,1152,1152
7125,G3_01_1_1_Chlorophyll_A_001_phosphate_plate4.tif,2,1024.000,944,1104
7126,G3_01_1_1_Chlorophyll_A_001_phosphate_plate4.tif,1,1008.000,1008,1008
7127,G3_01_1_1_Chlorophyll_A_001_phosphate_plate4.tif,1,1024.000,1024,1024
7128,G3_01_1_1_Chlorophyll_A_001_phosphate_plate4.tif,1,944.000,944,944
7129,G3_01_1_1_Chlorophyll_A_001_phosphate_plate4.tif,1,976.000,976,976
7130,G3_01_1_1_Chlorophyll_A_001_phosphate_plate4.tif,17,1109.647,944,1488
7131,G3_01_1_1_Chlorophyll_A_001_phosphate_plate4.tif,23,1052.522,944,1216
7132,G3_01_1_1_Chlorophyll_A_001_phosphate_plate4.tif,3,1024.000,976,1056
7133,G3_01_1_1_Chlorophyll_A_001_phosphate_plate4.tif,8,1026.000,944,1104
7134,G3_01_1_1_Chlorophyll_A_001_phosphate_plate4.tif,2,1008.000,976,1040
7135,G3_01_1_1_Chlorophyll_A_001_phosphate_plate4.tif,1,960.000,960,960
7136,G3_01_1_1_Chlorophyll_A_001_phosphate_plate4.tif,3,1040.000,992,1072
7137,G3_01_1_1_Chlorophyll_A_001_phosphate_plate4.tif,1,1024.000,1024,1024
7138,G3_01_1_1_Chlorophyll_A_001_phosphate_plate4.tif,1,944.000,944,944
7139,G3_01_1_1_Chlorophyll_A_001_phosphate_plate4.tif,1,944.000,944,944
7140,G3_01_1_1_Chlorophyll_A_001_phosphate_plate4.tif,84,5022.095,944,31952
7141,G3_01_1_1_Chlorophyll_A_001_phosphate_plate4.tif,1,944.000,944,944
7142,G3_01_1_1_Chlorophyll_A_001_phosphate_plate4.tif,1,976.000,976,976
7143,G3_01_1_1_Chlorophyll_A_001_phosphate_plate4.tif,2,984.000,960,1008
7144,G3_01_1_1_Chlorophyll_A_001_phosphate_plate4.tif,119,5321.546,960,34560
7145,G3_01_1_1_Chlorophyll_A_001_phosphate_plate4.tif,10,1088.000,960,1232
7146,G3_01_1_1_Chlorophyll_A_001_phosphate_plate4.tif,43,1105.488,944,1488
7147,G3_01_1_1_Chlorophyll_A_001_phosphate_plate4.tif,3,997.333,976,1024
7148,G3_01_1_1_Chlorophyll_A_001_phosphate_plate4.tif,1,944.000,944,944
7149,G3_01_1_1_Chlorophyll_A_001_phosphate_plate4.tif,2,968.000,960,976
7150,G3_01_1_1_Chlorophyll_A_001_phosphate_plate4.tif,1,976.000,976,976
7151,G3_01_1_1_Chlorophyll_A_001_phosphate_plate4.tif,2,1000.000,976,1024
7152,G3_01_1_1_Chlorophyll_A_001_phosphate_plate4.tif,1,992.000,992,992
7153,G3_01_1_1_Chlorophyll_A_001_phosphate_plate4.tif,1,944.000,944,944
7154,G3_01_1_1_Chlorophyll_A_001_phosphate_plate4.tif,1,960.000,960,960
7155,G3_01_1_1_Chlorophyll_A_001_phosphate_plate4.tif,1,1024.000,1024,1024
7156,G3_01_1_1_Chlorophyll_A_001_phosphate_plate4.tif,2,1104.000,1104,1104
7157,G3_01_1_1_Chlorophyll_A_001_phosphate_plate4.tif,2,1000.000,944,1056
7158,G3_01_1_1_Chlorophyll_A_001_phosphate_plate4.tif,1,1248.000,1248,1248
7159,G3_01_1_1_Chlorophyll_A_001_phosphate_plate4.tif,2,1008.000,992,1024
7160,G3_01_1_1_Chlorophyll_A_001_phosphate_plate4.tif,1,960.000,960,960
7161,G3_01_1_1_Chlorophyll_A_001_phosphate_plate4.tif,1,1008.000,1008,1008
7162,G3_01_1_1_Chlorophyll_A_001_phosphate_plate4.tif,1,976.000,976,976
7163,G3_01_1_1_Chlorophyll_A_001_phosphate_plate4.tif,1,960.000,960,960
7164,G3_01_1_1_Chlorophyll_A_001_phosphate_plate4.tif,1,1024.000,1024,1024
7165,G3_01_1_1_Chlorophyll_A_001_phosphate_plate4.tif,1,944.000,944,944
7166,G3_01_1_1_Chlorophyll_A_001_phosphate_plate4.tif,28,1109.714,944,1360
7167,G3_01_1_1_Chlorophyll_A_001_phosphate_plate4.tif,18,1136.889,944,1376
7168,G3_01_1_1_Chlorophyll_A_001_phosphate_plate4.tif,23,1077.565,960,1248
7169,G3_01_1_1_Chlorophyll_A_001_phosphate_plate4.tif,43,1070.884,960,1296
7170,G3_01_1_1_Chlorophyll_A_001_phosphate_plate4.tif,24,1027.333,944,1200
7171,G3_01_1_1_Chlorophyll_A_001_phosphate_plate4.tif,48,1083.333,944,1328
7172,G3_01_1_1_Chlorophyll_A_001_phosphate_plate4.tif,7,1017.143,944,1168
7173,G3_01_1_1_Chlorophyll_A_001_phosphate_plate4.tif,2,992.000,944,1040
7174,G3_01_1_1_Chlorophyll_A_001_phosphate_plate4.tif,1,960.000,960,960
7175,G3_01_1_1_Chlorophyll_A_001_phosphate_plate4.tif,1,1104.000,1104,1104
7176,G3_01_1_1_Chlorophyll_A_001_phosphate_plate4.tif,2,984.000,944,1024
7177,G3_01_1_1_Chlorophyll_A_001_phosphate_plate4.tif,1,944.000,944,944
7178,G3_01_1_1_Chlorophyll_A_001_phosphate_plate4.tif,1,992.000,992,992
7179,G3_01_1_1_Chlorophyll_A_001_phosphate_plate4.tif,1,960.000,960,960
7180,G3_01_1_1_Chlorophyll_A_001_phosphate_plate4.tif,1,976.000,976,976
7181,G3_01_1_1_Chlorophyll_A_001_phosphate_plate4.tif,1,960.000,960,960
7182,G3_01_1_1_Chlorophyll_A_001_phosphate_plate4.tif,2,1064.000,1040,1088
7183,G3_01_1_1_Chlorophyll_A_001_phosphate_plate4.tif,1,944.000,944,944
7184,G3_01_1_1_Chlorophyll_A_001_phosphate_plate4.tif,58,1100.690,944,1328
7185,G3_01_1_1_Chlorophyll_A_001_phosphate_plate4.tif,15,1180.800,960,1360
7186,G3_01_1_1_Chlorophyll_A_001_phosphate_plate4.tif,13,1107.692,944,1312
7187,G3_01_1_1_Chlorophyll_A_001_phosphate_plate4.tif,35,1111.771,944,1376
7188,G3_01_1_1_Chlorophyll_A_001_phosphate_plate4.tif,44,1108.727,944,1360
7189,G3_01_1_1_Chlorophyll_A_001_phosphate_plate4.tif,234,2389.128,944,20752
7190,G3_01_1_1_Chlorophyll_A_001_phosphate_plate4.tif,1,1008.000,1008,1008
7191,G3_01_1_1_Chlorophyll_A_001_phosphate_plate4.tif,5,1011.200,944,1072
7192,G3_01_1_1_Chlorophyll_A_001_phosphate_plate4.tif,1,1152.000,1152,1152
7193,G3_01_1_1_Chlorophyll_A_001_phosphate_plate4.tif,2,944.000,944,944
7194,G3_01_1_1_Chlorophyll_A_001_phosphate_plate4.tif,1,976.000,976,976
7195,G3_01_1_1_Chlorophyll_A_001_phosphate_plate4.tif,2,984.000,944,1024
7196,G3_01_1_1_Chlorophyll_A_001_phosphate_plate4.tif,112,3014.714,944,20112
7197,G3_01_1_1_Chlorophyll_A_001_phosphate_plate4.tif,1,1024.000,1024,1024
7198,G3_01_1_1_Chlorophyll_A_001_phosphate_plate4.tif,2,1024.000,944,1104
7199,G3_01_1_1_Chlorophyll_A_001_phosphate_plate4.tif,1,960.000,960,960
7200,G3_01_1_1_Chlorophyll_A_001_phosphate_plate4.tif,49,1101.714,944,1376
7201,G3_01_1_1_Chlorophyll_A_001_phosphate_plate4.tif,6,1056.000,976,1168
7202,G3_01_1_1_Chlorophyll_A_001_phosphate_plate4.tif,7,976.000,960,1056
7203,G3_01_1_1_Chlorophyll_A_001_phosphate_plate4.tif,1,960.000,960,960
7204,G3_01_1_1_Chlorophyll_A_001_phosphate_plate4.tif,1,960.000,960,960
7205,G3_01_1_1_Chlorophyll_A_001_phosphate_plate4.tif,1,992.000,992,992
7206,G3_01_1_1_Chlorophyll_A_001_phosphate_plate4.tif,134,2167.403,944,14384
7207,G3_01_1_1_Chlorophyll_A_001_phosphate_plate4.tif,2,984.000,976,992
7208,G3_01_1_1_Chlorophyll_A_001_phosphate_plate4.tif,1,992.000,992,992
7209,G3_01_1_1_Chlorophyll_A_001_phosphate_plate4.tif,1,960.000,960,960
7210,G3_01_1_1_Chlorophyll_A_001_phosphate_plate4.tif,1,1008.000,1008,1008
7211,G3_01_1_1_Chlorophyll_A_001_phosphate_plate4.tif,2,976.000,944,1008
7212,G3_01_1_1_Chlorophyll_A_001_phosphate_plate4.tif,1,1024.000,1024,1024
7213,G3_01_1_1_Chlorophyll_A_001_phosphate_plate4.tif,29,1096.276,944,1392
7214,G3_01_1_1_Chlorophyll_A_001_phosphate_plate4.tif,16,1093.000,944,1296
7215,G3_01_1_1_Chlorophyll_A_001_phosphate_plate4.tif,3,1045.333,1008,1072
7216,G3_01_1_1_Chlorophyll_A_001_phosphate_plate4.tif,20,1010.400,944,1152
7217,G3_01_1_1_Chlorophyll_A_001_phosphate_plate4.tif,1,992.000,992,992
7218,G3_01_1_1_Chlorophyll_A_001_phosphate_plate4.tif,3,1029.333,960,1120
7219,G3_01_1_1_Chlorophyll_A_001_phosphate_plate4.tif,2,992.000,944,1040
7220,G3_01_1_1_Chlorophyll_A_001_phosphate_plate4.tif,1,960.000,960,960
7221,G3_01_1_1_Chlorophyll_A_001_phosphate_plate4.tif,1,976.000,976,976
7222,G3_01_1_1_Chlorophyll_A_001_phosphate_plate4.tif,1,976.000,976,976
7223,G3_01_1_1_Chlorophyll_A_001_phosphate_plate4.tif,1,944.000,944,944
7224,G3_01_1_1_Chlorophyll_A_001_phosphate_plate4.tif,1,1088.000,1088,1088
7225,G3_01_1_1_Chlorophyll_A_001_phosphate_plate4.tif,1,992.000,992,992
7226,G3_01_1_1_Chlorophyll_A_001_phosphate_plate4.tif,45,1125.333,976,1392
7227,G3_01_1_1_Chlorophyll_A_001_phosphate_plate4.tif,32,1094.000,944,1392
7228,G3_01_1_1_Chlorophyll_A_001_phosphate_plate4.tif,59,1088.542,944,1424
7229,G3_01_1_1_Chlorophyll_A_001_phosphate_plate4.tif,12,1053.333,944,1296
7230,G3_01_1_1_Chlorophyll_A_001_phosphate_plate4.tif,1,960.000,960,960
7231,G3_01_1_1_Chlorophyll_A_001_phosphate_plate4.tif,5,1024.000,944,1136
7232,G3_01_1_1_Chlorophyll_A_001_phosphate_plate4.tif,1,944.000,944,944
7233,G3_01_1_1_Chlorophyll_A_001_phosphate_plate4.tif,2,1136.000,992,1280
7234,G3_01_1_1_Chlorophyll_A_001_phosphate_plate4.tif,1,992.000,992,992
7235,G3_01_1_1_Chlorophyll_A_001_phosphate_plate4.tif,1,960.000,960,960
7236,G3_01_1_1_Chlorophyll_A_001_phosphate_plate4.tif,1,1008.000,1008,1008
7237,G3_01_1_1_Chlorophyll_A_001_phosphate_plate4.tif,1,1040.000,1040,1040
7238,G3_01_1_1_Chlorophyll_A_001_phosphate_plate4.tif,1,976.000,976,976
7239,G3_01_1_1_Chlorophyll_A_001_phosphate_plate4.tif,1,1040.000,1040,1040
7240,G3_01_1_1_Chlorophyll_A_001_phosphate_plate4.tif,1,976.000,976,976
7241,G3_01_1_1_Chlorophyll_A_001_phosphate_plate4.tif,1,960.000,960,960
7242,G3_01_1_1_Chlorophyll_A_001_phosphate_plate4.tif,1,944.000,944,944
7243,G3_01_1_1_Chlorophyll_A_001_phosphate_plate4.tif,1,1040.000,1040,1040
7244,G3_01_1_1_Chlorophyll_A_001_phosphate_plate4.tif,1,944.000,944,944
7245,G3_01_1_1_Chlorophyll_A_001_phosphate_plate4.tif,98,4877.714,944,27408
7246,G3_01_1_1_Chlorophyll_A_001_phosphate_plate4.tif,12,1133.333,960,1408
7247,G3_01_1_1_Chlorophyll_A_001_phosphate_plate4.tif,26,1080.615,944,1216
7248,G3_01_1_1_Chlorophyll_A_001_phosphate_plate4.tif,12,1054.667,944,1216
7249,G3_01_1_1_Chlorophyll_A_001_phosphate_plate4.tif,22,1040.000,944,1216
7250,G3_01_1_1_Chlorophyll_A_001_phosphate_plate4.tif,7,987.429,944,1104
7251,G3_01_1_1_Chlorophyll_A_001_phosphate_plate4.tif,4,1048.000,976,1200
7252,G3_01_1_1_Chlorophyll_A_001_phosphate_plate4.tif,9,1006.222,944,1088
7253,G3_01_1_1_Chlorophyll_A_001_phosphate_plate4.tif,1,944.000,944,944
7254,G3_01_1_1_Chlorophyll_A_001_phosphate_plate4.tif,1,944.000,944,944
7255,G3_01_1_1_Chlorophyll_A_001_phosphate_plate4.tif,1,1008.000,1008,1008
7256,G3_01_1_1_Chlorophyll_A_001_phosphate_plate4.tif,1,976.000,976,976
7257,G3_01_1_1_Chlorophyll_A_001_phosphate_plate4.tif,1,960.000,960,960
7258,G3_01_1_1_Chlorophyll_A_001_phosphate_plate4.tif,60,1128.000,944,1424
7259,G3_01_1_1_Chlorophyll_A_001_phosphate_plate4.tif,18,1077.333,944,1312
7260,G3_01_1_1_Chlorophyll_A_001_phosphate_plate4.tif,54,1105.185,944,1424
7261,G3_01_1_1_Chlorophyll_A_001_phosphate_plate4.tif,34,1105.882,960,1376
7262,G3_01_1_1_Chlorophyll_A_001_phosphate_plate4.tif,1,1056.000,1056,1056
7263,G3_01_1_1_Chlorophyll_A_001_phosphate_plate4.tif,3,1141.333,1104,1168
7264,G3_01_1_1_Chlorophyll_A_001_phosphate_plate4.tif,1,944.000,944,944
7265,G3_01_1_1_Chlorophyll_A_001_phosphate_plate4.tif,1,992.000,992,992
7266,G3_01_1_1_Chlorophyll_A_001_phosphate_plate4.tif,6,1010.667,960,1120
7267,G3_01_1_1_Chlorophyll_A_001_phosphate_plate4.tif,1,1072.000,1072,1072
7268,G3_01_1_1_Chlorophyll_A_001_phosphate_plate4.tif,1,1040.000,1040,1040
7269,G3_01_1_1_Chlorophyll_A_001_phosphate_plate4.tif,2,1048.000,944,1152
7270,G3_01_1_1_Chlorophyll_A_001_phosphate_plate4.tif,1,944.000,944,944
7271,G3_01_1_1_Chlorophyll_A_001_phosphate_plate4.tif,1,944.000,944,944
7272,G3_01_1_1_Chlorophyll_A_001_phosphate_plate4.tif,55,3471.418,944,14624
7273,G3_01_1_1_Chlorophyll_A_001_phosphate_plate4.tif,1,960.000,960,960
7274,G3_01_1_1_Chlorophyll_A_001_phosphate_plate4.tif,115,5830.957,944,30736
7275,G3_01_1_1_Chlorophyll_A_001_phosphate_plate4.tif,2,944.000,944,944
7276,G3_01_1_1_Chlorophyll_A_001_phosphate_plate4.tif,68,1056.000,944,1344
7277,G3_01_1_1_Chlorophyll_A_001_phosphate_plate4.tif,1,1232.000,1232,1232
7278,G3_01_1_1_Chlorophyll_A_001_phosphate_plate4.tif,3,976.000,944,992
7279,G3_01_1_1_Chlorophyll_A_001_phosphate_plate4.tif,1,944.000,944,944
7280,G3_01_1_1_Chlorophyll_A_001_phosphate_plate4.tif,1,1024.000,1024,1024
7281,G3_01_1_1_Chlorophyll_A_001_phosphate_plate4.tif,1,992.000,992,992
7282,G3_01_1_1_Chlorophyll_A_001_phosphate_plate4.tif,1,1040.000,1040,1040
7283,G3_01_1_1_Chlorophyll_A_001_phosphate_plate4.tif,77,3912.519,944,27536
7284,G3_01_1_1_Chlorophyll_A_001_phosphate_plate4.tif,1,944.000,944,944
7285,G3_01_1_1_Chlorophyll_A_001_phosphate_plate4.tif,1,976.000,976,976
7286,G3_01_1_1_Chlorophyll_A_001_phosphate_plate4.tif,43,1092.093,944,1360
7287,G3_01_1_1_Chlorophyll_A_001_phosphate_plate4.tif,24,1093.333,960,1280
7288,G3_01_1_1_Chlorophyll_A_001_phosphate_plate4.tif,25,1097.600,944,1264
7289,G3_01_1_1_Chlorophyll_A_001_phosphate_plate4.tif,15,1054.933,960,1152
7290,G3_01_1_1_Chlorophyll_A_001_phosphate_plate4.tif,18,1117.333,960,1344
7291,G3_01_1_1_Chlorophyll_A_001_phosphate_plate4.tif,2,984.000,976,992
7292,G3_01_1_1_Chlorophyll_A_001_phosphate_plate4.tif,1,992.000,992,992
7293,G3_01_1_1_Chlorophyll_A_001_phosphate_plate4.tif,1,1088.000,1088,1088
7294,G3_01_1_1_Chlorophyll_A_001_phosphate_plate4.tif,1,1024.000,1024,1024
7295,G3_01_1_1_Chlorophyll_A_001_phosphate_plate4.tif,1,1040.000,1040,1040
7296,G3_01_1_1_Chlorophyll_A_001_phosphate_plate4.tif,1,944.000,944,944
7297,G3_01_1_1_Chlorophyll_A_001_phosphate_plate4.tif,2,1056.000,944,1168
7298,G3_01_1_1_Chlorophyll_A_001_phosphate_plate4.tif,1,1040.000,1040,1040
7299,G3_01_1_1_Chlorophyll_A_001_phosphate_plate4.tif,1,976.000,976,976
7300,G3_01_1_1_Chlorophyll_A_001_phosphate_plate4.tif,278,4576.978,944,34672
7301,G3_01_1_1_Chlorophyll_A_001_phosphate_plate4.tif,1,960.000,960,960
7302,G3_01_1_1_Chlorophyll_A_001_phosphate_plate4.tif,1,960.000,960,960
7303,G3_01_1_1_Chlorophyll_A_001_phosphate_plate4.tif,35,1090.743,944,1296
7304,G3_01_1_1_Chlorophyll_A_001_phosphate_plate4.tif,35,1104.000,944,1456
7305,G3_01_1_1_Chlorophyll_A_001_phosphate_plate4.tif,33,1133.091,944,1440
7306,G3_01_1_1_Chlorophyll_A_001_phosphate_plate4.tif,6,1026.667,944,1104
7307,G3_01_1_1_Chlorophyll_A_001_phosphate_plate4.tif,1,976.000,976,976
7308,G3_01_1_1_Chlorophyll_A_001_phosphate_plate4.tif,5,1027.200,960,1136
7309,G3_01_1_1_Chlorophyll_A_001_phosphate_plate4.tif,4,1024.000,944,1168
7310,G3_01_1_1_Chlorophyll_A_001_phosphate_plate4.tif,1,976.000,976,976
7311,G3_01_1_1_Chlorophyll_A_001_phosphate_plate4.tif,2,992.000,976,1008
7312,G3_01_1_1_Chlorophyll_A_001_phosphate_plate4.tif,1,976.000,976,976
7313,G3_01_1_1_Chlorophyll_A_001_phosphate_plate4.tif,1,1072.000,1072,1072
7314,G3_01_1_1_Chlorophyll_A_001_phosphate_plate4.tif,1,944.000,944,944
7315,G3_01_1_1_Chlorophyll_A_001_phosphate_plate4.tif,1,944.000,944,944
7316,G3_01_1_1_Chlorophyll_A_001_phosphate_plate4.tif,1,992.000,992,992
7317,G3_01_1_1_Chlorophyll_A_001_phosphate_plate4.tif,2,960.000,960,960
7318,G3_01_1_1_Chlorophyll_A_001_phosphate_plate4.tif,1,1072.000,1072,1072
7319,G3_01_1_1_Chlorophyll_A_001_phosphate_plate4.tif,1,944.000,944,944
7320,G3_01_1_1_Chlorophyll_A_001_phosphate_plate4.tif,1,1104.000,1104,1104
7321,G3_01_1_1_Chlorophyll_A_001_phosphate_plate4.tif,1,960.000,960,960
7322,G3_01_1_1_Chlorophyll_A_001_phosphate_plate4.tif,62,4352.258,992,26912
7323,G3_01_1_1_Chlorophyll_A_001_phosphate_plate4.tif,1,1184.000,1184,1184
7324,G3_01_1_1_Chlorophyll_A_001_phosphate_plate4.tif,4,1048.000,960,1120
7325,G3_01_1_1_Chlorophyll_A_001_phosphate_plate4.tif,6,1016.000,944,1120
7326,G3_01_1_1_Chlorophyll_A_001_phosphate_plate4.tif,1,944.000,944,944
7327,G3_01_1_1_Chlorophyll_A_001_phosphate_plate4.tif,1,1072.000,1072,1072
7328,G3_01_1_1_Chlorophyll_A_001_phosphate_plate4.tif,1,1040.000,1040,1040
7329,G3_01_1_1_Chlorophyll_A_001_phosphate_plate4.tif,1,944.000,944,944
7330,G3_01_1_1_Chlorophyll_A_001_phosphate_plate4.tif,5,1033.600,944,1136
7331,G3_01_1_1_Chlorophyll_A_001_phosphate_plate4.tif,1,1040.000,1040,1040
7332,G3_01_1_1_Chlorophyll_A_001_phosphate_plate4.tif,2,1016.000,1008,1024
7333,G3_01_1_1_Chlorophyll_A_001_phosphate_plate4.tif,1,1056.000,1056,1056
7334,G3_01_1_1_Chlorophyll_A_001_phosphate_plate4.tif,6,1029.333,944,1184
7335,G3_01_1_1_Chlorophyll_A_001_phosphate_plate4.tif,1,1040.000,1040,1040
7336,G3_01_1_1_Chlorophyll_A_001_phosphate_plate4.tif,1,1008.000,1008,1008
7337,G3_01_1_1_Chlorophyll_A_001_phosphate_plate4.tif,1,960.000,960,960
7338,G3_01_1_1_Chlorophyll_A_001_phosphate_plate4.tif,1,976.000,976,976
7339,G3_01_1_1_Chlorophyll_A_001_phosphate_plate4.tif,1,960.000,960,960
7340,G3_01_1_1_Chlorophyll_A_001_phosphate_plate4.tif,1,976.000,976,976
7341,G3_01_1_1_Chlorophyll_A_001_phosphate_plate4.tif,1,960.000,960,960
7342,G3_01_1_1_Chlorophyll_A_001_phosphate_plate4.tif,1,1104.000,1104,1104
7343,G3_01_1_1_Chlorophyll_A_001_phosphate_plate4.tif,1,992.000,992,992
7344,G3_01_1_1_Chlorophyll_A_001_phosphate_plate4.tif,19,1083.789,960,1264
7345,G3_01_1_1_Chlorophyll_A_001_phosphate_plate4.tif,39,1076.513,944,1280
7346,G3_01_1_1_Chlorophyll_A_001_phosphate_plate4.tif,42,1104.000,944,1392
7347,G3_01_1_1_Chlorophyll_A_001_phosphate_plate4.tif,36,1100.889,944,1344
7348,G3_01_1_1_Chlorophyll_A_001_phosphate_plate4.tif,20,1048.800,944,1200
7349,G3_01_1_1_Chlorophyll_A_001_phosphate_plate4.tif,1,1040.000,1040,1040
7350,G3_01_1_1_Chlorophyll_A_001_phosphate_plate4.tif,1,1056.000,1056,1056
7351,G3_01_1_1_Chlorophyll_A_001_phosphate_plate4.tif,1,944.000,944,944
7352,G3_01_1_1_Chlorophyll_A_001_phosphate_plate4.tif,5,995.200,944,1056
7353,G3_01_1_1_Chlorophyll_A_001_phosphate_plate4.tif,1,944.000,944,944
7354,G3_01_1_1_Chlorophyll_A_001_phosphate_plate4.tif,1,960.000,960,960
7355,G3_01_1_1_Chlorophyll_A_001_phosphate_plate4.tif,6,976.000,944,1040
7356,G3_01_1_1_Chlorophyll_A_001_phosphate_plate4.tif,4,996.000,944,1056
7357,G3_01_1_1_Chlorophyll_A_001_phosphate_plate4.tif,3,1002.667,944,1072
7358,G3_01_1_1_Chlorophyll_A_001_phosphate_plate4.tif,1,944.000,944,944
7359,G3_01_1_1_Chlorophyll_A_001_phosphate_plate4.tif,2,976.000,976,976
7360,G3_01_1_1_Chlorophyll_A_001_phosphate_plate4.tif,1,976.000,976,976
7361,G3_01_1_1_Chlorophyll_A_001_phosphate_plate4.tif,58,3153.103,944,12608
7362,G3_01_1_1_Chlorophyll_A_001_phosphate_plate4.tif,1,960.000,960,960
7363,G3_01_1_1_Chlorophyll_A_001_phosphate_plate4.tif,1,992.000,992,992
7364,G3_01_1_1_Chlorophyll_A_001_phosphate_plate4.tif,2,1000.000,976,1024
7365,G3_01_1_1_Chlorophyll_A_001_phosphate_plate4.tif,1,960.000,960,960
7366,G3_01_1_1_Chlorophyll_A_001_phosphate_plate4.tif,1,944.000,944,944
7367,G3_01_1_1_Chlorophyll_A_001_phosphate_plate4.tif,29,1104.000,944,1520
7368,G3_01_1_1_Chlorophyll_A_001_phosphate_plate4.tif,35,1085.257,944,1328
7369,G3_01_1_1_Chlorophyll_A_001_phosphate_plate4.tif,21,1083.429,944,1280
7370,G3_01_1_1_Chlorophyll_A_001_phosphate_plate4.tif,2,1096.000,1040,1152
7371,G3_01_1_1_Chlorophyll_A_001_phosphate_plate4.tif,4,1056.000,960,1248
7372,G3_01_1_1_Chlorophyll_A_001_phosphate_plate4.tif,1,1056.000,1056,1056
7373,G3_01_1_1_Chlorophyll_A_001_phosphate_plate4.tif,1,944.000,944,944
7374,G3_01_1_1_Chlorophyll_A_001_phosphate_plate4.tif,1,1056.000,1056,1056
7375,G3_01_1_1_Chlorophyll_A_001_phosphate_plate4.tif,10,1016.000,944,1216
7376,G3_01_1_1_Chlorophyll_A_001_phosphate_plate4.tif,1,1104.000,1104,1104
7377,G3_01_1_1_Chlorophyll_A_001_phosphate_plate4.tif,1,960.000,960,960
7378,G3_01_1_1_Chlorophyll_A_001_phosphate_plate4.tif,1,1072.000,1072,1072
7379,G3_01_1_1_Chlorophyll_A_001_phosphate_plate4.tif,127,5634.394,944,33232
7380,G3_01_1_1_Chlorophyll_A_001_phosphate_plate4.tif,1,976.000,976,976
7381,G3_01_1_1_Chlorophyll_A_001_phosphate_plate4.tif,91,4756.396,944,31312
7382,G3_01_1_1_Chlorophyll_A_001_phosphate_plate4.tif,84,1117.905,944,1408
7383,G3_01_1_1_Chlorophyll_A_001_phosphate_plate4.tif,29,1129.931,944,1408
7384,G3_01_1_1_Chlorophyll_A_001_phosphate_plate4.tif,45,1087.644,944,1520
7385,G3_01_1_1_Chlorophyll_A_001_phosphate_plate4.tif,19,1088.842,944,1392
7386,G3_01_1_1_Chlorophyll_A_001_phosphate_plate4.tif,321,2432.399,944,29792
7387,G3_01_1_1_Chlorophyll_A_001_phosphate_plate4.tif,3,1066.667,1024,1120
7388,G3_01_1_1_Chlorophyll_A_001_phosphate_plate4.tif,2,960.000,944,976
7389,G3_01_1_1_Chlorophyll_A_001_phosphate_plate4.tif,1,1008.000,1008,1008
7390,G3_01_1_1_Chlorophyll_A_001_phosphate_plate4.tif,11,1000.727,944,1104
7391,G3_01_1_1_Chlorophyll_A_001_phosphate_plate4.tif,8,1018.000,944,1184
7392,G3_01_1_1_Chlorophyll_A_001_phosphate_plate4.tif,5,976.000,944,1024
7393,G3_01_1_1_Chlorophyll_A_001_phosphate_plate4.tif,1,1088.000,1088,1088
7394,G3_01_1_1_Chlorophyll_A_001_phosphate_plate4.tif,1,976.000,976,976
7395,G3_01_1_1_Chlorophyll_A_001_phosphate_plate4.tif,46,3195.130,944,12592
7396,G3_01_1_1_Chlorophyll_A_001_phosphate_plate4.tif,22,1168.000,960,1408
7397,G3_01_1_1_Chlorophyll_A_001_phosphate_plate4.tif,27,1092.148,944,1360
7398,G3_01_1_1_Chlorophyll_A_001_phosphate_plate4.tif,1,960.000,960,960
7399,G3_01_1_1_Chlorophyll_A_001_phosphate_plate4.tif,4,1004.000,944,1088
7400,G3_01_1_1_Chlorophyll_A_001_phosphate_plate4.tif,1,976.000,976,976
7401,G3_01_1_1_Chlorophyll_A_001_phosphate_plate4.tif,1,1024.000,1024,1024
7402,G3_01_1_1_Chlorophyll_A_001_phosphate_plate4.tif,1,1056.000,1056,1056
7403,G3_01_1_1_Chlorophyll_A_001_phosphate_plate4.tif,2,1016.000,992,1040
7404,G3_01_1_1_Chlorophyll_A_001_phosphate_plate4.tif,2,1040.000,944,1136
7405,G3_01_1_1_Chlorophyll_A_001_phosphate_plate4.tif,3,997.333,960,1024
7406,G3_01_1_1_Chlorophyll_A_001_phosphate_plate4.tif,1,1104.000,1104,1104
7407,G3_01_1_1_Chlorophyll_A_001_phosphate_plate4.tif,1,960.000,960,960
7408,G3_01_1_1_Chlorophyll_A_001_phosphate_plate4.tif,1,992.000,992,992
7409,G3_01_1_1_Chlorophyll_A_001_phosphate_plate4.tif,1,976.000,976,976
7410,G3_01_1_1_Chlorophyll_A_001_phosphate_plate4.tif,1,944.000,944,944
7411,G3_01_1_1_Chlorophyll_A_001_phosphate_plate4.tif,1,992.000,992,992
7412,G3_01_1_1_Chlorophyll_A_001_phosphate_plate4.tif,1,976.000,976,976
7413,G3_01_1_1_Chlorophyll_A_001_phosphate_plate4.tif,68,1110.588,944,1408
7414,G3_01_1_1_Chlorophyll_A_001_phosphate_plate4.tif,22,1047.273,944,1248
7415,G3_01_1_1_Chlorophyll_A_001_phosphate_plate4.tif,2,1096.000,944,1248
7416,G3_01_1_1_Chlorophyll_A_001_phosphate_plate4.tif,1,944.000,944,944
7417,G3_01_1_1_Chlorophyll_A_001_phosphate_plate4.tif,2,992.000,960,1024
7418,G3_01_1_1_Chlorophyll_A_001_phosphate_plate4.tif,2,960.000,960,960
7419,G3_01_1_1_Chlorophyll_A_001_phosphate_plate4.tif,1,1136.000,1136,1136
7420,G3_01_1_1_Chlorophyll_A_001_phosphate_plate4.tif,1,1040.000,1040,1040
7421,G3_01_1_1_Chlorophyll_A_001_phosphate_plate4.tif,4,988.000,944,1040
7422,G3_01_1_1_Chlorophyll_A_001_phosphate_plate4.tif,1,944.000,944,944
7423,G3_01_1_1_Chlorophyll_A_001_phosphate_plate4.tif,1,1024.000,1024,1024
7424,G3_01_1_1_Chlorophyll_A_001_phosphate_plate4.tif,206,4787.029,944,32176
7425,G3_01_1_1_Chlorophyll_A_001_phosphate_plate4.tif,1,976.000,976,976
7426,G3_01_1_1_Chlorophyll_A_001_phosphate_plate4.tif,21,1129.143,944,1456
7427,G3_01_1_1_Chlorophyll_A_001_phosphate_plate4.tif,89,1079.371,944,1392
7428,G3_01_1_1_Chlorophyll_A_001_phosphate_plate4.tif,20,1075.200,944,1392
7429,G3_01_1_1_Chlorophyll_A_001_phosphate_plate4.tif,91,1058.110,944,1360
7430,G3_01_1_1_Chlorophyll_A_001_phosphate_plate4.tif,5,995.200,944,1040
7431,G3_01_1_1_Chlorophyll_A_001_phosphate_plate4.tif,3,1024.000,976,1120
7432,G3_01_1_1_Chlorophyll_A_001_phosphate_plate4.tif,3,1024.000,944,1072
7433,G3_01_1_1_Chlorophyll_A_001_phosphate_plate4.tif,2,1056.000,1024,1088
7434,G3_01_1_1_Chlorophyll_A_001_phosphate_plate4.tif,1,944.000,944,944
7435,G3_01_1_1_Chlorophyll_A_001_phosphate_plate4.tif,1,1040.000,1040,1040
7436,G3_01_1_1_Chlorophyll_A_001_phosphate_plate4.tif,2,1096.000,992,1200
7437,G3_01_1_1_Chlorophyll_A_001_phosphate_plate4.tif,5,988.800,944,1040
7438,G3_01_1_1_Chlorophyll_A_001_phosphate_plate4.tif,1,944.000,944,944
7439,G3_01_1_1_Chlorophyll_A_001_phosphate_plate4.tif,1,1360.000,1360,1360
7440,G3_01_1_1_Chlorophyll_A_001_phosphate_plate4.tif,1,976.000,976,976
7441,G3_01_1_1_Chlorophyll_A_001_phosphate_plate4.tif,1,1024.000,1024,1024
7442,G3_01_1_1_Chlorophyll_A_001_phosphate_plate4.tif,1,1072.000,1072,1072
7443,G3_01_1_1_Chlorophyll_A_001_phosphate_plate4.tif,3,1018.667,976,1088
7444,G3_01_1_1_Chlorophyll_A_001_phosphate_plate4.tif,2,1040.000,976,1104
7445,G3_01_1_1_Chlorophyll_A_001_phosphate_plate4.tif,1,944.000,944,944
7446,G3_01_1_1_Chlorophyll_A_001_phosphate_plate4.tif,1,992.000,992,992
7447,G3_01_1_1_Chlorophyll_A_001_phosphate_plate4.tif,1,944.000,944,944
7448,G3_01_1_1_Chlorophyll_A_001_phosphate_plate4.tif,1,944.000,944,944
7449,G3_01_1_1_Chlorophyll_A_001_phosphate_plate4.tif,1,944.000,944,944
7450,G3_01_1_1_Chlorophyll_A_001_phosphate_plate4.tif,1,1072.000,1072,1072
7451,G3_01_1_1_Chlorophyll_A_001_phosphate_plate4.tif,1,976.000,976,976
7452,G3_01_1_1_Chlorophyll_A_001_phosphate_plate4.tif,34,1072.471,960,1328
7453,G3_01_1_1_Chlorophyll_A_001_phosphate_plate4.tif,16,1099.000,976,1216
7454,G3_01_1_1_Chlorophyll_A_001_phosphate_plate4.tif,31,1023.484,944,1216
7455,G3_01_1_1_Chlorophyll_A_001_phosphate_plate4.tif,2,992.000,992,992
7456,G3_01_1_1_Chlorophyll_A_001_phosphate_plate4.tif,3,981.333,960,992
7457,G3_01_1_1_Chlorophyll_A_001_phosphate_plate4.tif,1,976.000,976,976
7458,G3_01_1_1_Chlorophyll_A_001_phosphate_plate4.tif,1,944.000,944,944
7459,G3_01_1_1_Chlorophyll_A_001_phosphate_plate4.tif,1,1024.000,1024,1024
7460,G3_01_1_1_Chlorophyll_A_001_phosphate_plate4.tif,5,1014.400,960,1136
7461,G3_01_1_1_Chlorophyll_A_001_phosphate_plate4.tif,478,5054.661,944,45392
7462,G3_01_1_1_Chlorophyll_A_001_phosphate_plate4.tif,1,976.000,976,976
7463,G3_01_1_1_Chlorophyll_A_001_phosphate_plate4.tif,41,1135.610,944,1632
7464,G3_01_1_1_Chlorophyll_A_001_phosphate_plate4.tif,5,1126.400,976,1344
7465,G3_01_1_1_Chlorophyll_A_001_phosphate_plate4.tif,3,986.667,944,1040
7466,G3_01_1_1_Chlorophyll_A_001_phosphate_plate4.tif,1,976.000,976,976
7467,G3_01_1_1_Chlorophyll_A_001_phosphate_plate4.tif,1,960.000,960,960
7468,G3_01_1_1_Chlorophyll_A_001_phosphate_plate4.tif,1,976.000,976,976
7469,G3_01_1_1_Chlorophyll_A_001_phosphate_plate4.tif,1,1008.000,1008,1008
7470,G3_01_1_1_Chlorophyll_A_001_phosphate_plate4.tif,3,1002.667,960,1040
7471,G3_01_1_1_Chlorophyll_A_001_phosphate_plate4.tif,1,1168.000,1168,1168
7472,G3_01_1_1_Chlorophyll_A_001_phosphate_plate4.tif,1,944.000,944,944
7473,G3_01_1_1_Chlorophyll_A_001_phosphate_plate4.tif,5,1027.200,960,1104
7474,G3_01_1_1_Chlorophyll_A_001_phosphate_plate4.tif,1,1024.000,1024,1024
7475,G3_01_1_1_Chlorophyll_A_001_phosphate_plate4.tif,1,944.000,944,944
7476,G3_01_1_1_Chlorophyll_A_001_phosphate_plate4.tif,1,960.000,960,960
7477,G3_01_1_1_Chlorophyll_A_001_phosphate_plate4.tif,3,1050.667,992,1120
7478,G3_01_1_1_Chlorophyll_A_001_phosphate_plate4.tif,24,1110.667,960,1328
7479,G3_01_1_1_Chlorophyll_A_001_phosphate_plate4.tif,18,1078.222,944,1376
7480,G3_01_1_1_Chlorophyll_A_001_phosphate_plate4.tif,18,1160.889,944,1424
7481,G3_01_1_1_Chlorophyll_A_001_phosphate_plate4.tif,18,1134.222,1008,1328
7482,G3_01_1_1_Chlorophyll_A_001_phosphate_plate4.tif,2,1088.000,1056,1120
7483,G3_01_1_1_Chlorophyll_A_001_phosphate_plate4.tif,2,1056.000,960,1152
7484,G3_01_1_1_Chlorophyll_A_001_phosphate_plate4.tif,1,976.000,976,976
7485,G3_01_1_1_Chlorophyll_A_001_phosphate_plate4.tif,2,952.000,944,960
7486,G3_01_1_1_Chlorophyll_A_001_phosphate_plate4.tif,2,976.000,944,1008
7487,G3_01_1_1_Chlorophyll_A_001_phosphate_plate4.tif,1,944.000,944,944
7488,G3_01_1_1_Chlorophyll_A_001_phosphate_plate4.tif,3,981.333,960,1024
7489,G3_01_1_1_Chlorophyll_A_001_phosphate_plate4.tif,362,3921.768,944,39376
7490,G3_01_1_1_Chlorophyll_A_001_phosphate_plate4.tif,1,992.000,992,992
7491,G3_01_1_1_Chlorophyll_A_001_phosphate_plate4.tif,1,1056.000,1056,1056
7492,G3_01_1_1_Chlorophyll_A_001_phosphate_plate4.tif,1,1008.000,1008,1008
7493,G3_01_1_1_Chlorophyll_A_001_phosphate_plate4.tif,1,1152.000,1152,1152
7494,G3_01_1_1_Chlorophyll_A_001_phosphate_plate4.tif,1,1216.000,1216,1216
7495,G3_01_1_1_Chlorophyll_A_001_phosphate_plate4.tif,1,960.000,960,960
7496,G3_01_1_1_Chlorophyll_A_001_phosphate_plate4.tif,2,1048.000,1024,1072
7497,G3_01_1_1_Chlorophyll_A_001_phosphate_plate4.tif,1,944.000,944,944
7498,G3_01_1_1_Chlorophyll_A_001_phosphate_plate4.tif,4,1120.000,944,1280
7499,G3_01_1_1_Chlorophyll_A_001_phosphate_plate4.tif,1,1008.000,1008,1008
7500,G3_01_1_1_Chlorophyll_A_001_phosphate_plate4.tif,1,1024.000,1024,1024
7501,G3_01_1_1_Chlorophyll_A_001_phosphate_plate4.tif,1,1056.000,1056,1056
7502,G3_01_1_1_Chlorophyll_A_001_phosphate_plate4.tif,3,1018.667,976,1088
7503,G3_01_1_1_Chlorophyll_A_001_phosphate_plate4.tif,3,1061.333,992,1184
7504,G3_01_1_1_Chlorophyll_A_001_phosphate_plate4.tif,3,1002.667,944,1088
7505,G3_01_1_1_Chlorophyll_A_001_phosphate_plate4.tif,1,1040.000,1040,1040
7506,G3_01_1_1_Chlorophyll_A_001_phosphate_plate4.tif,1,1024.000,1024,1024
7507,G3_01_1_1_Chlorophyll_A_001_phosphate_plate4.tif,8,998.000,944,1088
7508,G3_01_1_1_Chlorophyll_A_001_phosphate_plate4.tif,4,1020.000,960,1056
7509,G3_01_1_1_Chlorophyll_A_001_phosphate_plate4.tif,1,992.000,992,992
7510,G3_01_1_1_Chlorophyll_A_001_phosphate_plate4.tif,3,1056.000,960,1232
7511,G3_01_1_1_Chlorophyll_A_001_phosphate_plate4.tif,1,1040.000,1040,1040
7512,G3_01_1_1_Chlorophyll_A_001_phosphate_plate4.tif,2,976.000,960,992
7513,G3_01_1_1_Chlorophyll_A_001_phosphate_plate4.tif,1,976.000,976,976
7514,G3_01_1_1_Chlorophyll_A_001_phosphate_plate4.tif,1,1024.000,1024,1024
7515,G3_01_1_1_Chlorophyll_A_001_phosphate_plate4.tif,1,944.000,944,944
7516,G3_01_1_1_Chlorophyll_A_001_phosphate_plate4.tif,1,960.000,960,960
7517,G3_01_1_1_Chlorophyll_A_001_phosphate_plate4.tif,1,944.000,944,944
7518,G3_01_1_1_Chlorophyll_A_001_phosphate_plate4.tif,1,944.000,944,944
7519,G3_01_1_1_Chlorophyll_A_001_phosphate_plate4.tif,21,1085.714,944,1360
7520,G3_01_1_1_Chlorophyll_A_001_phosphate_plate4.tif,5,1088.000,944,1232
7521,G3_01_1_1_Chlorophyll_A_001_phosphate_plate4.tif,17,1148.235,944,1392
7522,G3_01_1_1_Chlorophyll_A_001_phosphate_plate4.tif,25,1145.600,944,1344
7523,G3_01_1_1_Chlorophyll_A_001_phosphate_plate4.tif,2,1072.000,992,1152
7524,G3_01_1_1_Chlorophyll_A_001_phosphate_plate4.tif,1,944.000,944,944
7525,G3_01_1_1_Chlorophyll_A_001_phosphate_plate4.tif,15,1017.600,944,1152
7526,G3_01_1_1_Chlorophyll_A_001_phosphate_plate4.tif,1,1056.000,1056,1056
7527,G3_01_1_1_Chlorophyll_A_001_phosphate_plate4.tif,2,984.000,944,1024
7528,G3_01_1_1_Chlorophyll_A_001_phosphate_plate4.tif,1,976.000,976,976
7529,G3_01_1_1_Chlorophyll_A_001_phosphate_plate4.tif,1,1008.000,1008,1008
7530,G3_01_1_1_Chlorophyll_A_001_phosphate_plate4.tif,1,1088.000,1088,1088
7531,G3_01_1_1_Chlorophyll_A_001_phosphate_plate4.tif,4,1012.000,960,1056
7532,G3_01_1_1_Chlorophyll_A_001_phosphate_plate4.tif,1,944.000,944,944
7533,G3_01_1_1_Chlorophyll_A_001_phosphate_plate4.tif,1,976.000,976,976
7534,G3_01_1_1_Chlorophyll_A_001_phosphate_plate4.tif,1,944.000,944,944
7535,G3_01_1_1_Chlorophyll_A_001_phosphate_plate4.tif,1,960.000,960,960
7536,G3_01_1_1_Chlorophyll_A_001_phosphate_plate4.tif,1,944.000,944,944
7537,G3_01_1_1_Chlorophyll_A_001_phosphate_plate4.tif,1,1024.000,1024,1024
7538,G3_01_1_1_Chlorophyll_A_001_phosphate_plate4.tif,1,976.000,976,976
7539,G3_01_1_1_Chlorophyll_A_001_phosphate_plate4.tif,1,1040.000,1040,1040
7540,G3_01_1_1_Chlorophyll_A_001_phosphate_plate4.tif,99,1148.283,944,1584
7541,G3_01_1_1_Chlorophyll_A_001_phosphate_plate4.tif,25,1108.480,944,1488
7542,G3_01_1_1_Chlorophyll_A_001_phosphate_plate4.tif,32,1116.500,944,1328
7543,G3_01_1_1_Chlorophyll_A_001_phosphate_plate4.tif,70,1111.086,944,1488
7544,G3_01_1_1_Chlorophyll_A_001_phosphate_plate4.tif,40,1103.200,944,1376
7545,G3_01_1_1_Chlorophyll_A_001_phosphate_plate4.tif,21,1030.857,944,1168
7546,G3_01_1_1_Chlorophyll_A_001_phosphate_plate4.tif,3,1130.667,1088,1200
7547,G3_01_1_1_Chlorophyll_A_001_phosphate_plate4.tif,6,1000.000,944,1088
7548,G3_01_1_1_Chlorophyll_A_001_phosphate_plate4.tif,1,992.000,992,992
7549,G3_01_1_1_Chlorophyll_A_001_phosphate_plate4.tif,2,1000.000,976,1024
7550,G3_01_1_1_Chlorophyll_A_001_phosphate_plate4.tif,1,976.000,976,976
7551,G3_01_1_1_Chlorophyll_A_001_phosphate_plate4.tif,1,1024.000,1024,1024
7552,G3_01_1_1_Chlorophyll_A_001_phosphate_plate4.tif,1,944.000,944,944
7553,G3_01_1_1_Chlorophyll_A_001_phosphate_plate4.tif,2,1000.000,944,1056
7554,G3_01_1_1_Chlorophyll_A_001_phosphate_plate4.tif,2,1096.000,1088,1104
7555,G3_01_1_1_Chlorophyll_A_001_phosphate_plate4.tif,1,944.000,944,944
7556,G3_01_1_1_Chlorophyll_A_001_phosphate_plate4.tif,1,976.000,976,976
7557,G3_01_1_1_Chlorophyll_A_001_phosphate_plate4.tif,1,1152.000,1152,1152
7558,G3_01_1_1_Chlorophyll_A_001_phosphate_plate4.tif,1,1056.000,1056,1056
7559,G3_01_1_1_Chlorophyll_A_001_phosphate_plate4.tif,1,1056.000,1056,1056
7560,G3_01_1_1_Chlorophyll_A_001_phosphate_plate4.tif,1,960.000,960,960
7561,G3_01_1_1_Chlorophyll_A_001_phosphate_plate4.tif,124,6010.065,944,35280
7562,G3_01_1_1_Chlorophyll_A_001_phosphate_plate4.tif,1,944.000,944,944
7563,G3_01_1_1_Chlorophyll_A_001_phosphate_plate4.tif,20,1138.400,976,1328
7564,G3_01_1_1_Chlorophyll_A_001_phosphate_plate4.tif,16,1074.000,944,1472
7565,G3_01_1_1_Chlorophyll_A_001_phosphate_plate4.tif,2,1008.000,960,1056
7566,G3_01_1_1_Chlorophyll_A_001_phosphate_plate4.tif,8,1034.000,944,1168
7567,G3_01_1_1_Chlorophyll_A_001_phosphate_plate4.tif,2,1024.000,992,1056
7568,G3_01_1_1_Chlorophyll_A_001_phosphate_plate4.tif,1,1120.000,1120,1120
7569,G3_01_1_1_Chlorophyll_A_001_phosphate_plate4.tif,1,1056.000,1056,1056
7570,G3_01_1_1_Chlorophyll_A_001_phosphate_plate4.tif,1,960.000,960,960
7571,G3_01_1_1_Chlorophyll_A_001_phosphate_plate4.tif,3,1045.333,976,1104
7572,G3_01_1_1_Chlorophyll_A_001_phosphate_plate4.tif,1,1184.000,1184,1184
7573,G3_01_1_1_Chlorophyll_A_001_phosphate_plate4.tif,3,1008.000,992,1024
7574,G3_01_1_1_Chlorophyll_A_001_phosphate_plate4.tif,2,992.000,976,1008
7575,G3_01_1_1_Chlorophyll_A_001_phosphate_plate4.tif,2,1072.000,1040,1104
7576,G3_01_1_1_Chlorophyll_A_001_phosphate_plate4.tif,1,960.000,960,960
7577,G3_01_1_1_Chlorophyll_A_001_phosphate_plate4.tif,1,944.000,944,944
7578,G3_01_1_1_Chlorophyll_A_001_phosphate_plate4.tif,4,1036.000,944,1232
7579,G3_01_1_1_Chlorophyll_A_001_phosphate_plate4.tif,109,4028.771,944,23232
7580,G3_01_1_1_Chlorophyll_A_001_phosphate_plate4.tif,1,1040.000,1040,1040
7581,G3_01_1_1_Chlorophyll_A_001_phosphate_plate4.tif,1,976.000,976,976
7582,G3_01_1_1_Chlorophyll_A_001_phosphate_plate4.tif,1,976.000,976,976
7583,G3_01_1_1_Chlorophyll_A_001_phosphate_plate4.tif,1,944.000,944,944
7584,G3_01_1_1_Chlorophyll_A_001_phosphate_plate4.tif,78,4833.026,960,27488
7585,G3_01_1_1_Chlorophyll_A_001_phosphate_plate4.tif,128,6179.750,944,38400
7586,G3_01_1_1_Chlorophyll_A_001_phosphate_plate4.tif,25,1112.320,976,1376
7587,G3_01_1_1_Chlorophyll_A_001_phosphate_plate4.tif,26,1126.154,944,1312
7588,G3_01_1_1_Chlorophyll_A_001_phosphate_plate4.tif,35,1111.771,944,1392
7589,G3_01_1_1_Chlorophyll_A_001_phosphate_plate4.tif,15,1080.533,960,1248
7590,G3_01_1_1_Chlorophyll_A_001_phosphate_plate4.tif,224,2118.286,944,15824
7591,G3_01_1_1_Chlorophyll_A_001_phosphate_plate4.tif,272,1685.824,944,14192
7592,G3_01_1_1_Chlorophyll_A_001_phosphate_plate4.tif,3,981.333,944,1056
7593,G3_01_1_1_Chlorophyll_A_001_phosphate_plate4.tif,5,1030.400,944,1184
7594,G3_01_1_1_Chlorophyll_A_001_phosphate_plate4.tif,1,1104.000,1104,1104
7595,G3_01_1_1_Chlorophyll_A_001_phosphate_plate4.tif,1,976.000,976,976
7596,G3_01_1_1_Chlorophyll_A_001_phosphate_plate4.tif,1,992.000,992,992
7597,G3_01_1_1_Chlorophyll_A_001_phosphate_plate4.tif,1,960.000,960,960
7598,G3_01_1_1_Chlorophyll_A_001_phosphate_plate4.tif,1,960.000,960,960
7599,G3_01_1_1_Chlorophyll_A_001_phosphate_plate4.tif,15,1100.800,976,1248
7600,G3_01_1_1_Chlorophyll_A_001_phosphate_plate4.tif,58,1099.862,944,1376
7601,G3_01_1_1_Chlorophyll_A_001_phosphate_plate4.tif,26,1088.615,960,1600
7602,G3_01_1_1_Chlorophyll_A_001_phosphate_plate4.tif,1,960.000,960,960
7603,G3_01_1_1_Chlorophyll_A_001_phosphate_plate4.tif,1,1120.000,1120,1120
7604,G3_01_1_1_Chlorophyll_A_001_phosphate_plate4.tif,3,965.333,944,1008
7605,G3_01_1_1_Chlorophyll_A_001_phosphate_plate4.tif,1,1040.000,1040,1040
7606,G3_01_1_1_Chlorophyll_A_001_phosphate_plate4.tif,1,944.000,944,944
7607,G3_01_1_1_Chlorophyll_A_001_phosphate_plate4.tif,1,1024.000,1024,1024
7608,G3_01_1_1_Chlorophyll_A_001_phosphate_plate4.tif,3,1045.333,1008,1072
7609,G3_01_1_1_Chlorophyll_A_001_phosphate_plate4.tif,1,1072.000,1072,1072
7610,G3_01_1_1_Chlorophyll_A_001_phosphate_plate4.tif,273,4407.033,944,33920
7611,G3_01_1_1_Chlorophyll_A_001_phosphate_plate4.tif,1,1024.000,1024,1024
7612,G3_01_1_1_Chlorophyll_A_001_phosphate_plate4.tif,1,960.000,960,960
7613,G3_01_1_1_Chlorophyll_A_001_phosphate_plate4.tif,1,944.000,944,944
7614,G3_01_1_1_Chlorophyll_A_001_phosphate_plate4.tif,1,992.000,992,992
7615,G3_01_1_1_Chlorophyll_A_001_phosphate_plate4.tif,1,960.000,960,960
7616,G3_01_1_1_Chlorophyll_A_001_phosphate_plate4.tif,1,992.000,992,992
7617,G3_01_1_1_Chlorophyll_A_001_phosphate_plate4.tif,9,1057.778,944,1312
7618,G3_01_1_1_Chlorophyll_A_001_phosphate_plate4.tif,43,1049.302,944,1296
7619,G3_01_1_1_Chlorophyll_A_001_phosphate_plate4.tif,19,1025.684,944,1248
7620,G3_01_1_1_Chlorophyll_A_001_phosphate_plate4.tif,6,994.667,944,1040
7621,G3_01_1_1_Chlorophyll_A_001_phosphate_plate4.tif,10,993.600,944,1072
7622,G3_01_1_1_Chlorophyll_A_001_phosphate_plate4.tif,1,944.000,944,944
7623,G3_01_1_1_Chlorophyll_A_001_phosphate_plate4.tif,5,1068.800,944,1296
7624,G3_01_1_1_Chlorophyll_A_001_phosphate_plate4.tif,2,1016.000,976,1056
7625,G3_01_1_1_Chlorophyll_A_001_phosphate_plate4.tif,1,944.000,944,944
7626,G3_01_1_1_Chlorophyll_A_001_phosphate_plate4.tif,1,1024.000,1024,1024
7627,G3_01_1_1_Chlorophyll_A_001_phosphate_plate4.tif,2,1064.000,944,1184
7628,G3_01_1_1_Chlorophyll_A_001_phosphate_plate4.tif,1,944.000,944,944
7629,G3_01_1_1_Chlorophyll_A_001_phosphate_plate4.tif,1,976.000,976,976
7630,G3_01_1_1_Chlorophyll_A_001_phosphate_plate4.tif,1,1056.000,1056,1056
7631,G3_01_1_1_Chlorophyll_A_001_phosphate_plate4.tif,1,976.000,976,976
7632,G3_01_1_1_Chlorophyll_A_001_phosphate_plate4.tif,50,1119.360,944,1488
7633,G3_01_1_1_Chlorophyll_A_001_phosphate_plate4.tif,185,2415.827,944,26816
7634,G3_01_1_1_Chlorophyll_A_001_phosphate_plate4.tif,79,1051.747,944,1280
7635,G3_01_1_1_Chlorophyll_A_001_phosphate_plate4.tif,35,1056.914,944,1408
7636,G3_01_1_1_Chlorophyll_A_001_phosphate_plate4.tif,1,992.000,992,992
7637,G3_01_1_1_Chlorophyll_A_001_phosphate_plate4.tif,1,944.000,944,944
7638,G3_01_1_1_Chlorophyll_A_001_phosphate_plate4.tif,2,984.000,944,1024
7639,G3_01_1_1_Chlorophyll_A_001_phosphate_plate4.tif,2,1000.000,960,1040
7640,G3_01_1_1_Chlorophyll_A_001_phosphate_plate4.tif,1,944.000,944,944
7641,G3_01_1_1_Chlorophyll_A_001_phosphate_plate4.tif,1,960.000,960,960
7642,G3_01_1_1_Chlorophyll_A_001_phosphate_plate4.tif,4,1016.000,944,1088
7643,G3_01_1_1_Chlorophyll_A_001_phosphate_plate4.tif,1,1024.000,1024,1024
7644,G3_01_1_1_Chlorophyll_A_001_phosphate_plate4.tif,1,1088.000,1088,1088
7645,G3_01_1_1_Chlorophyll_A_001_phosphate_plate4.tif,1,1024.000,1024,1024
7646,G3_01_1_1_Chlorophyll_A_001_phosphate_plate4.tif,80,3512.400,944,14384
7647,G3_01_1_1_Chlorophyll_A_001_phosphate_plate4.tif,1,944.000,944,944
7648,G3_01_1_1_Chlorophyll_A_001_phosphate_plate4.tif,1,976.000,976,976
7649,G3_01_1_1_Chlorophyll_A_001_phosphate_plate4.tif,26,1084.308,944,1312
7650,G3_01_1_1_Chlorophyll_A_001_phosphate_plate4.tif,3,1002.667,960,1040
7651,G3_01_1_1_Chlorophyll_A_001_phosphate_plate4.tif,1,976.000,976,976
7652,G3_01_1_1_Chlorophyll_A_001_phosphate_plate4.tif,1,992.000,992,992
7653,G3_01_1_1_Chlorophyll_A_001_phosphate_plate4.tif,1,944.000,944,944
7654,G3_01_1_1_Chlorophyll_A_001_phosphate_plate4.tif,2,1008.000,960,1056
7655,G3_01_1_1_Chlorophyll_A_001_phosphate_plate4.tif,3,992.000,944,1040
7656,G3_01_1_1_Chlorophyll_A_001_phosphate_plate4.tif,2,968.000,944,992
7657,G3_01_1_1_Chlorophyll_A_001_phosphate_plate4.tif,1,992.000,992,992
7658,G3_01_1_1_Chlorophyll_A_001_phosphate_plate4.tif,1,944.000,944,944
7659,G3_01_1_1_Chlorophyll_A_001_phosphate_plate4.tif,1,1056.000,1056,1056
7660,G3_01_1_1_Chlorophyll_A_001_phosphate_plate4.tif,96,4661.333,944,27152
7661,G3_01_1_1_Chlorophyll_A_001_phosphate_plate4.tif,1,976.000,976,976
7662,G3_01_1_1_Chlorophyll_A_001_phosphate_plate4.tif,1,944.000,944,944
7663,G3_01_1_1_Chlorophyll_A_001_phosphate_plate4.tif,1,976.000,976,976
7664,G3_01_1_1_Chlorophyll_A_001_phosphate_plate4.tif,76,4425.474,960,22256
7665,G3_01_1_1_Chlorophyll_A_001_phosphate_plate4.tif,1,944.000,944,944
7666,G3_01_1_1_Chlorophyll_A_001_phosphate_plate4.tif,39,1114.667,944,1472
7667,G3_01_1_1_Chlorophyll_A_001_phosphate_plate4.tif,18,1128.000,944,1408
7668,G3_01_1_1_Chlorophyll_A_001_phosphate_plate4.tif,17,1110.588,944,1552
7669,G3_01_1_1_Chlorophyll_A_001_phosphate_plate4.tif,29,1119.448,976,1360
7670,G3_01_1_1_Chlorophyll_A_001_phosphate_plate4.tif,9,1034.667,960,1200
7671,G3_01_1_1_Chlorophyll_A_001_phosphate_plate4.tif,6,1034.667,944,1152
7672,G3_01_1_1_Chlorophyll_A_001_phosphate_plate4.tif,1,1040.000,1040,1040
7673,G3_01_1_1_Chlorophyll_A_001_phosphate_plate4.tif,4,1036.000,992,1072
7674,G3_01_1_1_Chlorophyll_A_001_phosphate_plate4.tif,1,976.000,976,976
7675,G3_01_1_1_Chlorophyll_A_001_phosphate_plate4.tif,2,944.000,944,944
7676,G3_01_1_1_Chlorophyll_A_001_phosphate_plate4.tif,2,992.000,944,1040
7677,G3_01_1_1_Chlorophyll_A_001_phosphate_plate4.tif,1,1056.000,1056,1056
7678,G3_01_1_1_Chlorophyll_A_001_phosphate_plate4.tif,1,944.000,944,944
7679,G3_01_1_1_Chlorophyll_A_001_phosphate_plate4.tif,1,992.000,992,992
7680,G3_01_1_1_Chlorophyll_A_001_phosphate_plate4.tif,1,1040.000,1040,1040
7681,G3_01_1_1_Chlorophyll_A_001_phosphate_plate4.tif,16,1140.000,944,1328
7682,G3_01_1_1_Chlorophyll_A_001_phosphate_plate4.tif,59,1123.254,944,1488
7683,G3_01_1_1_Chlorophyll_A_001_phosphate_plate4.tif,30,1072.533,944,1376
7684,G3_01_1_1_Chlorophyll_A_001_phosphate_plate4.tif,4,1060.000,1040,1072
7685,G3_01_1_1_Chlorophyll_A_001_phosphate_plate4.tif,7,1040.000,944,1280
7686,G3_01_1_1_Chlorophyll_A_001_phosphate_plate4.tif,1,1088.000,1088,1088
7687,G3_01_1_1_Chlorophyll_A_001_phosphate_plate4.tif,6,978.667,944,1072
7688,G3_01_1_1_Chlorophyll_A_001_phosphate_plate4.tif,5,988.800,944,1056
7689,G3_01_1_1_Chlorophyll_A_001_phosphate_plate4.tif,2,1008.000,944,1072
7690,G3_01_1_1_Chlorophyll_A_001_phosphate_plate4.tif,5,1049.600,992,1088
7691,G3_01_1_1_Chlorophyll_A_001_phosphate_plate4.tif,2,1112.000,944,1280
7692,G3_01_1_1_Chlorophyll_A_001_phosphate_plate4.tif,8,1020.000,976,1120
7693,G3_01_1_1_Chlorophyll_A_001_phosphate_plate4.tif,2,1016.000,992,1040
7694,G3_01_1_1_Chlorophyll_A_001_phosphate_plate4.tif,2,944.000,944,944
7695,G3_01_1_1_Chlorophyll_A_001_phosphate_plate4.tif,2,1000.000,976,1024
7696,G3_01_1_1_Chlorophyll_A_001_phosphate_plate4.tif,1,1040.000,1040,1040
7697,G3_01_1_1_Chlorophyll_A_001_phosphate_plate4.tif,4,1092.000,960,1152
7698,G3_01_1_1_Chlorophyll_A_001_phosphate_plate4.tif,1,976.000,976,976
7699,G3_01_1_1_Chlorophyll_A_001_phosphate_plate4.tif,83,4204.723,960,21776
7700,G3_01_1_1_Chlorophyll_A_001_phosphate_plate4.tif,1,960.000,960,960
7701,G3_01_1_1_Chlorophyll_A_001_phosphate_plate4.tif,1,960.000,960,960
7702,G3_01_1_1_Chlorophyll_A_001_phosphate_plate4.tif,1,944.000,944,944
7703,G3_01_1_1_Chlorophyll_A_001_phosphate_plate4.tif,63,1100.190,944,1456
7704,G3_01_1_1_Chlorophyll_A_001_phosphate_plate4.tif,52,1084.000,944,1360
7705,G3_01_1_1_Chlorophyll_A_001_phosphate_plate4.tif,5,979.200,944,1040
7706,G3_01_1_1_Chlorophyll_A_001_phosphate_plate4.tif,1,944.000,944,944
7707,G3_01_1_1_Chlorophyll_A_001_phosphate_plate4.tif,1,1056.000,1056,1056
7708,G3_01_1_1_Chlorophyll_A_001_phosphate_plate4.tif,1,1040.000,1040,1040
7709,G3_01_1_1_Chlorophyll_A_001_phosphate_plate4.tif,1,960.000,960,960
7710,G3_01_1_1_Chlorophyll_A_001_phosphate_plate4.tif,1,1072.000,1072,1072
7711,G3_01_1_1_Chlorophyll_A_001_phosphate_plate4.tif,1,944.000,944,944
7712,G3_01_1_1_Chlorophyll_A_001_phosphate_plate4.tif,1,960.000,960,960
7713,G3_01_1_1_Chlorophyll_A_001_phosphate_plate4.tif,1,960.000,960,960
7714,G3_01_1_1_Chlorophyll_A_001_phosphate_plate4.tif,1,944.000,944,944
7715,G3_01_1_1_Chlorophyll_A_001_phosphate_plate4.tif,1,1040.000,1040,1040
7716,G3_01_1_1_Chlorophyll_A_001_phosphate_plate4.tif,1,1008.000,1008,1008
7717,G3_01_1_1_Chlorophyll_A_001_phosphate_plate4.tif,1,944.000,944,944
7718,G3_01_1_1_Chlorophyll_A_001_phosphate_plate4.tif,1,1072.000,1072,1072
7719,G3_01_1_1_Chlorophyll_A_001_phosphate_plate4.tif,4,1120.000,1008,1184
7720,G3_01_1_1_Chlorophyll_A_001_phosphate_plate4.tif,1,1056.000,1056,1056
7721,G3_01_1_1_Chlorophyll_A_001_phosphate_plate4.tif,4,1004.000,960,1040
7722,G3_01_1_1_Chlorophyll_A_001_phosphate_plate4.tif,2,976.000,976,976
7723,G3_01_1_1_Chlorophyll_A_001_phosphate_plate4.tif,2,976.000,944,1008
7724,G3_01_1_1_Chlorophyll_A_001_phosphate_plate4.tif,1,976.000,976,976
7725,G3_01_1_1_Chlorophyll_A_001_phosphate_plate4.tif,1,1040.000,1040,1040
7726,G3_01_1_1_Chlorophyll_A_001_phosphate_plate4.tif,113,5266.549,944,23680
7727,G3_01_1_1_Chlorophyll_A_001_phosphate_plate4.tif,41,1124.293,944,1568
7728,G3_01_1_1_Chlorophyll_A_001_phosphate_plate4.tif,20,1110.400,944,1424
7729,G3_01_1_1_Chlorophyll_A_001_phosphate_plate4.tif,3,1045.333,960,1088
7730,G3_01_1_1_Chlorophyll_A_001_phosphate_plate4.tif,1,1024.000,1024,1024
7731,G3_01_1_1_Chlorophyll_A_001_phosphate_plate4.tif,2,1000.000,960,1040
7732,G3_01_1_1_Chlorophyll_A_001_phosphate_plate4.tif,4,1072.000,976,1264
7733,G3_01_1_1_Chlorophyll_A_001_phosphate_plate4.tif,5,1004.800,944,1056
7734,G3_01_1_1_Chlorophyll_A_001_phosphate_plate4.tif,166,3570.892,944,25424
7735,G3_01_1_1_Chlorophyll_A_001_phosphate_plate4.tif,2,1032.000,1024,1040
7736,G3_01_1_1_Chlorophyll_A_001_phosphate_plate4.tif,1,992.000,992,992
7737,G3_01_1_1_Chlorophyll_A_001_phosphate_plate4.tif,1,960.000,960,960
7738,G3_01_1_1_Chlorophyll_A_001_phosphate_plate4.tif,1,960.000,960,960
7739,G3_01_1_1_Chlorophyll_A_001_phosphate_plate4.tif,1,1088.000,1088,1088
7740,G3_01_1_1_Chlorophyll_A_001_phosphate_plate4.tif,1,1008.000,1008,1008
7741,G3_01_1_1_Chlorophyll_A_001_phosphate_plate4.tif,1,992.000,992,992
7742,G3_01_1_1_Chlorophyll_A_001_phosphate_plate4.tif,48,1087.667,944,1280
7743,G3_01_1_1_Chlorophyll_A_001_phosphate_plate4.tif,59,1068.475,944,1344
7744,G3_01_1_1_Chlorophyll_A_001_phosphate_plate4.tif,6,986.667,944,1024
7745,G3_01_1_1_Chlorophyll_A_001_phosphate_plate4.tif,1,1088.000,1088,1088
7746,G3_01_1_1_Chlorophyll_A_001_phosphate_plate4.tif,1,976.000,976,976
7747,G3_01_1_1_Chlorophyll_A_001_phosphate_plate4.tif,1,1040.000,1040,1040
7748,G3_01_1_1_Chlorophyll_A_001_phosphate_plate4.tif,1,944.000,944,944
7749,G3_01_1_1_Chlorophyll_A_001_phosphate_plate4.tif,1,960.000,960,960
7750,G3_01_1_1_Chlorophyll_A_001_phosphate_plate4.tif,1,976.000,976,976
7751,G3_01_1_1_Chlorophyll_A_001_phosphate_plate4.tif,1,960.000,960,960
7752,G3_01_1_1_Chlorophyll_A_001_phosphate_plate4.tif,84,4791.048,944,33232
7753,G3_01_1_1_Chlorophyll_A_001_phosphate_plate4.tif,1,960.000,960,960
7754,G3_01_1_1_Chlorophyll_A_001_phosphate_plate4.tif,1,1088.000,1088,1088
7755,G3_01_1_1_Chlorophyll_A_001_phosphate_plate4.tif,1,1040.000,1040,1040
7756,G3_01_1_1_Chlorophyll_A_001_phosphate_plate4.tif,1,992.000,992,992
7757,G3_01_1_1_Chlorophyll_A_001_phosphate_plate4.tif,2,1016.000,976,1056
7758,G3_01_1_1_Chlorophyll_A_001_phosphate_plate4.tif,19,1082.105,960,1248
7759,G3_01_1_1_Chlorophyll_A_001_phosphate_plate4.tif,27,1097.481,976,1232
7760,G3_01_1_1_Chlorophyll_A_001_phosphate_plate4.tif,24,1110.667,944,1312
7761,G3_01_1_1_Chlorophyll_A_001_phosphate_plate4.tif,27,1111.704,944,1296
7762,G3_01_1_1_Chlorophyll_A_001_phosphate_plate4.tif,32,1114.500,944,1328
7763,G3_01_1_1_Chlorophyll_A_001_phosphate_plate4.tif,80,1053.800,944,1360
7764,G3_01_1_1_Chlorophyll_A_001_phosphate_plate4.tif,1,1312.000,1312,1312
7765,G3_01_1_1_Chlorophyll_A_001_phosphate_plate4.tif,4,1024.000,976,1104
7766,G3_01_1_1_Chlorophyll_A_001_phosphate_plate4.tif,1,976.000,976,976
7767,G3_01_1_1_Chlorophyll_A_001_phosphate_plate4.tif,1,1056.000,1056,1056
7768,G3_01_1_1_Chlorophyll_A_001_phosphate_plate4.tif,4,1032.000,944,1184
7769,G3_01_1_1_Chlorophyll_A_001_phosphate_plate4.tif,2,952.000,944,960
7770,G3_01_1_1_Chlorophyll_A_001_phosphate_plate4.tif,1,1008.000,1008,1008
7771,G3_01_1_1_Chlorophyll_A_001_phosphate_plate4.tif,1,960.000,960,960
7772,G3_01_1_1_Chlorophyll_A_001_phosphate_plate4.tif,3,949.333,944,960
7773,G3_01_1_1_Chlorophyll_A_001_phosphate_plate4.tif,2,944.000,944,944
7774,G3_01_1_1_Chlorophyll_A_001_phosphate_plate4.tif,1,960.000,960,960
7775,G3_01_1_1_Chlorophyll_A_001_phosphate_plate4.tif,1,992.000,992,992
7776,G3_01_1_1_Chlorophyll_A_001_phosphate_plate4.tif,1,944.000,944,944
7777,G3_01_1_1_Chlorophyll_A_001_phosphate_plate4.tif,96,4804.000,944,24704
7778,G3_01_1_1_Chlorophyll_A_001_phosphate_plate4.tif,36,1101.778,944,1392
7779,G3_01_1_1_Chlorophyll_A_001_phosphate_plate4.tif,318,2978.063,944,23568
7780,G3_01_1_1_Chlorophyll_A_001_phosphate_plate4.tif,2,984.000,944,1024
7781,G3_01_1_1_Chlorophyll_A_001_phosphate_plate4.tif,3,1024.000,944,1104
7782,G3_01_1_1_Chlorophyll_A_001_phosphate_plate4.tif,3,997.333,944,1056
7783,G3_01_1_1_Chlorophyll_A_001_phosphate_plate4.tif,1,992.000,992,992
7784,G3_01_1_1_Chlorophyll_A_001_phosphate_plate4.tif,2,1040.000,992,1088
7785,G3_01_1_1_Chlorophyll_A_001_phosphate_plate4.tif,1,1040.000,1040,1040
7786,G3_01_1_1_Chlorophyll_A_001_phosphate_plate4.tif,1,1008.000,1008,1008
7787,G3_01_1_1_Chlorophyll_A_001_phosphate_plate4.tif,1,992.000,992,992
7788,G3_01_1_1_Chlorophyll_A_001_phosphate_plate4.tif,72,4192.000,944,25392
7789,G3_01_1_1_Chlorophyll_A_001_phosphate_plate4.tif,10,1147.200,976,1280
7790,G3_01_1_1_Chlorophyll_A_001_phosphate_plate4.tif,4,1008.000,944,1088
7791,G3_01_1_1_Chlorophyll_A_001_phosphate_plate4.tif,1,1040.000,1040,1040
7792,G3_01_1_1_Chlorophyll_A_001_phosphate_plate4.tif,1,1184.000,1184,1184
7793,G3_01_1_1_Chlorophyll_A_001_phosphate_plate4.tif,2,1144.000,1136,1152
7794,G3_01_1_1_Chlorophyll_A_001_phosphate_plate4.tif,1,1008.000,1008,1008
7795,G3_01_1_1_Chlorophyll_A_001_phosphate_plate4.tif,1,1040.000,1040,1040
7796,G3_01_1_1_Chlorophyll_A_001_phosphate_plate4.tif,3,997.333,976,1040
7797,G3_01_1_1_Chlorophyll_A_001_phosphate_plate4.tif,1,1008.000,1008,1008
7798,G3_01_1_1_Chlorophyll_A_001_phosphate_plate4.tif,1,1024.000,1024,1024
7799,G3_01_1_1_Chlorophyll_A_001_phosphate_plate4.tif,1,976.000,976,976
7800,G3_01_1_1_Chlorophyll_A_001_phosphate_plate4.tif,1,976.000,976,976
7801,G3_01_1_1_Chlorophyll_A_001_phosphate_plate4.tif,1,992.000,992,992
7802,G3_01_1_1_Chlorophyll_A_001_phosphate_plate4.tif,1,960.000,960,960
7803,G3_01_1_1_Chlorophyll_A_001_phosphate_plate4.tif,41,3255.024,944,9840
7804,G3_01_1_1_Chlorophyll_A_001_phosphate_plate4.tif,1,944.000,944,944
7805,G3_01_1_1_Chlorophyll_A_001_phosphate_plate4.tif,25,1119.360,944,1440
7806,G3_01_1_1_Chlorophyll_A_001_phosphate_plate4.tif,2,1088.000,1040,1136
7807,G3_01_1_1_Chlorophyll_A_001_phosphate_plate4.tif,6,984.000,944,1040
7808,G3_01_1_1_Chlorophyll_A_001_phosphate_plate4.tif,2,1064.000,1040,1088
7809,G3_01_1_1_Chlorophyll_A_001_phosphate_plate4.tif,4,1008.000,976,1056
7810,G3_01_1_1_Chlorophyll_A_001_phosphate_plate4.tif,4,992.000,944,1056
7811,G3_01_1_1_Chlorophyll_A_001_phosphate_plate4.tif,2,1016.000,1008,1024
7812,G3_01_1_1_Chlorophyll_A_001_phosphate_plate4.tif,2,1056.000,976,1136
7813,G3_01_1_1_Chlorophyll_A_001_phosphate_plate4.tif,1,1040.000,1040,1040
7814,G3_01_1_1_Chlorophyll_A_001_phosphate_plate4.tif,1,976.000,976,976
7815,G3_01_1_1_Chlorophyll_A_001_phosphate_plate4.tif,1,1008.000,1008,1008
7816,G3_01_1_1_Chlorophyll_A_001_phosphate_plate4.tif,1,960.000,960,960
7817,G3_01_1_1_Chlorophyll_A_001_phosphate_plate4.tif,1,992.000,992,992
7818,G3_01_1_1_Chlorophyll_A_001_phosphate_plate4.tif,1,1040.000,1040,1040
7819,G3_01_1_1_Chlorophyll_A_001_phosphate_plate4.tif,16,1115.000,976,1248
7820,G3_01_1_1_Chlorophyll_A_001_phosphate_plate4.tif,62,1114.065,944,1504
7821,G3_01_1_1_Chlorophyll_A_001_phosphate_plate4.tif,64,1111.500,944,1504
7822,G3_01_1_1_Chlorophyll_A_001_phosphate_plate4.tif,1,1056.000,1056,1056
7823,G3_01_1_1_Chlorophyll_A_001_phosphate_plate4.tif,1,960.000,960,960
7824,G3_01_1_1_Chlorophyll_A_001_phosphate_plate4.tif,2,968.000,944,992
7825,G3_01_1_1_Chlorophyll_A_001_phosphate_plate4.tif,2,1032.000,992,1072
7826,G3_01_1_1_Chlorophyll_A_001_phosphate_plate4.tif,2,968.000,960,976
7827,G3_01_1_1_Chlorophyll_A_001_phosphate_plate4.tif,1,1024.000,1024,1024
7828,G3_01_1_1_Chlorophyll_A_001_phosphate_plate4.tif,2,992.000,944,1040
7829,G3_01_1_1_Chlorophyll_A_001_phosphate_plate4.tif,1,1040.000,1040,1040
7830,G3_01_1_1_Chlorophyll_A_001_phosphate_plate4.tif,1,1072.000,1072,1072
7831,G3_01_1_1_Chlorophyll_A_001_phosphate_plate4.tif,1,976.000,976,976
7832,G3_01_1_1_Chlorophyll_A_001_phosphate_plate4.tif,39,1080.615,960,1408
7833,G3_01_1_1_Chlorophyll_A_001_phosphate_plate4.tif,70,1126.629,944,1456
7834,G3_01_1_1_Chlorophyll_A_001_phosphate_plate4.tif,13,1089.231,944,1296
7835,G3_01_1_1_Chlorophyll_A_001_phosphate_plate4.tif,41,1065.366,944,1200
7836,G3_01_1_1_Chlorophyll_A_001_phosphate_plate4.tif,26,1096.615,944,1312
7837,G3_01_1_1_Chlorophyll_A_001_phosphate_plate4.tif,265,1607.426,944,12048
7838,G3_01_1_1_Chlorophyll_A_001_phosphate_plate4.tif,2,1120.000,1056,1184
7839,G3_01_1_1_Chlorophyll_A_001_phosphate_plate4.tif,1,1120.000,1120,1120
7840,G3_01_1_1_Chlorophyll_A_001_phosphate_plate4.tif,4,1072.000,944,1248
7841,G3_01_1_1_Chlorophyll_A_001_phosphate_plate4.tif,1,960.000,960,960
7842,G3_01_1_1_Chlorophyll_A_001_phosphate_plate4.tif,1,976.000,976,976
7843,G3_01_1_1_Chlorophyll_A_001_phosphate_plate4.tif,1,1040.000,1040,1040
7844,G3_01_1_1_Chlorophyll_A_001_phosphate_plate4.tif,1,960.000,960,960
7845,G3_01_1_1_Chlorophyll_A_001_phosphate_plate4.tif,4,996.000,944,1040
7846,G3_01_1_1_Chlorophyll_A_001_phosphate_plate4.tif,1,1120.000,1120,1120
7847,G3_01_1_1_Chlorophyll_A_001_phosphate_plate4.tif,1,976.000,976,976
7848,G3_01_1_1_Chlorophyll_A_001_phosphate_plate4.tif,20,1067.200,944,1264
7849,G3_01_1_1_Chlorophyll_A_001_phosphate_plate4.tif,20,1116.000,944,1264
7850,G3_01_1_1_Chlorophyll_A_001_phosphate_plate4.tif,5,1043.200,960,1200
7851,G3_01_1_1_Chlorophyll_A_001_phosphate_plate4.tif,19,1068.632,944,1248
7852,G3_01_1_1_Chlorophyll_A_001_phosphate_plate4.tif,90,1054.756,944,1264
7853,G3_01_1_1_Chlorophyll_A_001_phosphate_plate4.tif,1,1024.000,1024,1024
7854,G3_01_1_1_Chlorophyll_A_001_phosphate_plate4.tif,21,1049.143,944,1232
7855,G3_01_1_1_Chlorophyll_A_001_phosphate_plate4.tif,6,1026.667,960,1136
7856,G3_01_1_1_Chlorophyll_A_001_phosphate_plate4.tif,1,1088.000,1088,1088
7857,G3_01_1_1_Chlorophyll_A_001_phosphate_plate4.tif,3,976.000,944,1024
7858,G3_01_1_1_Chlorophyll_A_001_phosphate_plate4.tif,4,1016.000,944,1088
7859,G3_01_1_1_Chlorophyll_A_001_phosphate_plate4.tif,1,960.000,960,960
7860,G3_01_1_1_Chlorophyll_A_001_phosphate_plate4.tif,1,960.000,960,960
7861,G3_01_1_1_Chlorophyll_A_001_phosphate_plate4.tif,1,944.000,944,944
7862,G3_01_1_1_Chlorophyll_A_001_phosphate_plate4.tif,1,1056.000,1056,1056
7863,G3_01_1_1_Chlorophyll_A_001_phosphate_plate4.tif,31,1109.677,944,1312
7864,G3_01_1_1_Chlorophyll_A_001_phosphate_plate4.tif,26,1097.846,944,1392
7865,G3_01_1_1_Chlorophyll_A_001_phosphate_plate4.tif,21,1138.286,960,1440
7866,G3_01_1_1_Chlorophyll_A_001_phosphate_plate4.tif,4,1004.000,944,1072
7867,G3_01_1_1_Chlorophyll_A_001_phosphate_plate4.tif,2,952.000,944,960
7868,G3_01_1_1_Chlorophyll_A_001_phosphate_plate4.tif,2,1056.000,992,1120
7869,G3_01_1_1_Chlorophyll_A_001_phosphate_plate4.tif,1,1040.000,1040,1040
7870,G3_01_1_1_Chlorophyll_A_001_phosphate_plate4.tif,8,1020.000,944,1136
7871,G3_01_1_1_Chlorophyll_A_001_phosphate_plate4.tif,1,1056.000,1056,1056
7872,G3_01_1_1_Chlorophyll_A_001_phosphate_plate4.tif,1,976.000,976,976
7873,G3_01_1_1_Chlorophyll_A_001_phosphate_plate4.tif,1,960.000,960,960
7874,G3_01_1_1_Chlorophyll_A_001_phosphate_plate4.tif,1,992.000,992,992
7875,G3_01_1_1_Chlorophyll_A_001_phosphate_plate4.tif,1,1136.000,1136,1136
7876,G3_01_1_1_Chlorophyll_A_001_phosphate_plate4.tif,45,1088.711,944,1296
7877,G3_01_1_1_Chlorophyll_A_001_phosphate_plate4.tif,3,1152.000,960,1264
7878,G3_01_1_1_Chlorophyll_A_001_phosphate_plate4.tif,6,976.000,944,1040
7879,G3_01_1_1_Chlorophyll_A_001_phosphate_plate4.tif,1,1056.000,1056,1056
7880,G3_01_1_1_Chlorophyll_A_001_phosphate_plate4.tif,2,976.000,976,976
7881,G3_01_1_1_Chlorophyll_A_001_phosphate_plate4.tif,2,1040.000,976,1104
7882,G3_01_1_1_Chlorophyll_A_001_phosphate_plate4.tif,1,1008.000,1008,1008
7883,G3_01_1_1_Chlorophyll_A_001_phosphate_plate4.tif,1,976.000,976,976
7884,G3_01_1_1_Chlorophyll_A_001_phosphate_plate4.tif,1,1072.000,1072,1072
7885,G3_01_1_1_Chlorophyll_A_001_phosphate_plate4.tif,1,992.000,992,992
7886,G3_01_1_1_Chlorophyll_A_001_phosphate_plate4.tif,3,997.333,944,1072
7887,G3_01_1_1_Chlorophyll_A_001_phosphate_plate4.tif,3,1082.667,976,1248
7888,G3_01_1_1_Chlorophyll_A_001_phosphate_plate4.tif,1,944.000,944,944
7889,G3_01_1_1_Chlorophyll_A_001_phosphate_plate4.tif,1,1040.000,1040,1040
7890,G3_01_1_1_Chlorophyll_A_001_phosphate_plate4.tif,1,960.000,960,960
7891,G3_01_1_1_Chlorophyll_A_001_phosphate_plate4.tif,1,1008.000,1008,1008
7892,G3_01_1_1_Chlorophyll_A_001_phosphate_plate4.tif,1,1072.000,1072,1072
7893,G3_01_1_1_Chlorophyll_A_001_phosphate_plate4.tif,27,1139.556,960,1648
7894,G3_01_1_1_Chlorophyll_A_001_phosphate_plate4.tif,39,1104.000,992,1424
7895,G3_01_1_1_Chlorophyll_A_001_phosphate_plate4.tif,1,1008.000,1008,1008
7896,G3_01_1_1_Chlorophyll_A_001_phosphate_plate4.tif,5,1030.400,976,1120
7897,G3_01_1_1_Chlorophyll_A_001_phosphate_plate4.tif,7,1042.286,944,1216
7898,G3_01_1_1_Chlorophyll_A_001_phosphate_plate4.tif,1,1024.000,1024,1024
7899,G3_01_1_1_Chlorophyll_A_001_phosphate_plate4.tif,1,960.000,960,960
7900,G3_01_1_1_Chlorophyll_A_001_phosphate_plate4.tif,1,1072.000,1072,1072
7901,G3_01_1_1_Chlorophyll_A_001_phosphate_plate4.tif,1,944.000,944,944
7902,G3_01_1_1_Chlorophyll_A_001_phosphate_plate4.tif,1,992.000,992,992
7903,G3_01_1_1_Chlorophyll_A_001_phosphate_plate4.tif,31,1118.452,944,1440
7904,G3_01_1_1_Chlorophyll_A_001_phosphate_plate4.tif,1,1088.000,1088,1088
7905,G3_01_1_1_Chlorophyll_A_001_phosphate_plate4.tif,2,984.000,944,1024
7906,G3_01_1_1_Chlorophyll_A_001_phosphate_plate4.tif,5,1052.800,976,1104
7907,G3_01_1_1_Chlorophyll_A_001_phosphate_plate4.tif,2,976.000,944,1008
7908,G3_01_1_1_Chlorophyll_A_001_phosphate_plate4.tif,1,1056.000,1056,1056
7909,G3_01_1_1_Chlorophyll_A_001_phosphate_plate4.tif,1,1072.000,1072,1072
7910,G3_01_1_1_Chlorophyll_A_001_phosphate_plate4.tif,3,1034.667,960,1104
7911,G3_01_1_1_Chlorophyll_A_001_phosphate_plate4.tif,1,1088.000,1088,1088
7912,G3_01_1_1_Chlorophyll_A_001_phosphate_plate4.tif,1,992.000,992,992
7913,G3_01_1_1_Chlorophyll_A_001_phosphate_plate4.tif,1,992.000,992,992
7914,G3_01_1_1_Chlorophyll_A_001_phosphate_plate4.tif,2,1016.000,992,1040
7915,G3_01_1_1_Chlorophyll_A_001_phosphate_plate4.tif,1,944.000,944,944
7916,G3_01_1_1_Chlorophyll_A_001_phosphate_plate4.tif,1,1088.000,1088,1088
7917,G3_01_1_1_Chlorophyll_A_001_phosphate_plate4.tif,1,992.000,992,992
7918,G3_01_1_1_Chlorophyll_A_001_phosphate_plate4.tif,1,944.000,944,944
7919,G3_01_1_1_Chlorophyll_A_001_phosphate_plate4.tif,1,1024.000,1024,1024
7920,G3_01_1_1_Chlorophyll_A_001_phosphate_plate4.tif,34,1091.765,960,1248
7921,G3_01_1_1_Chlorophyll_A_001_phosphate_plate4.tif,31,1099.355,960,1328
7922,G3_01_1_1_Chlorophyll_A_001_phosphate_plate4.tif,1,944.000,944,944
7923,G3_01_1_1_Chlorophyll_A_001_phosphate_plate4.tif,1,976.000,976,976
7924,G3_01_1_1_Chlorophyll_A_001_phosphate_plate4.tif,1,1040.000,1040,1040
7925,G3_01_1_1_Chlorophyll_A_001_phosphate_plate4.tif,2,1024.000,1024,1024
7926,G3_01_1_1_Chlorophyll_A_001_phosphate_plate4.tif,1,944.000,944,944
7927,G3_01_1_1_Chlorophyll_A_001_phosphate_plate4.tif,2,1000.000,976,1024
7928,G3_01_1_1_Chlorophyll_A_001_phosphate_plate4.tif,1,976.000,976,976
7929,G3_01_1_1_Chlorophyll_A_001_phosphate_plate4.tif,22,1133.818,960,1392
7930,G3_01_1_1_Chlorophyll_A_001_phosphate_plate4.tif,61,1042.098,944,1296
7931,G3_01_1_1_Chlorophyll_A_001_phosphate_plate4.tif,5,1033.600,992,1088
7932,G3_01_1_1_Chlorophyll_A_001_phosphate_plate4.tif,1,976.000,976,976
7933,G3_01_1_1_Chlorophyll_A_001_phosphate_plate4.tif,10,1028.800,944,1200
7934,G3_01_1_1_Chlorophyll_A_001_phosphate_plate4.tif,2,1056.000,1040,1072
7935,G3_01_1_1_Chlorophyll_A_001_phosphate_plate4.tif,1,1056.000,1056,1056
7936,G3_01_1_1_Chlorophyll_A_001_phosphate_plate4.tif,1,960.000,960,960
7937,G3_01_1_1_Chlorophyll_A_001_phosphate_plate4.tif,2,1064.000,1008,1120
7938,G3_01_1_1_Chlorophyll_A_001_phosphate_plate4.tif,3,1002.667,944,1104
7939,G3_01_1_1_Chlorophyll_A_001_phosphate_plate4.tif,2,1064.000,1056,1072
7940,G3_01_1_1_Chlorophyll_A_001_phosphate_plate4.tif,1,1088.000,1088,1088
7941,G3_01_1_1_Chlorophyll_A_001_phosphate_plate4.tif,1,944.000,944,944
7942,G3_01_1_1_Chlorophyll_A_001_phosphate_plate4.tif,1,1008.000,1008,1008
7943,G3_01_1_1_Chlorophyll_A_001_phosphate_plate4.tif,121,4378.050,944,37296
7944,G3_01_1_1_Chlorophyll_A_001_phosphate_plate4.tif,1,1008.000,1008,1008
7945,G3_01_1_1_Chlorophyll_A_001_phosphate_plate4.tif,1,944.000,944,944
7946,G3_01_1_1_Chlorophyll_A_001_phosphate_plate4.tif,1,992.000,992,992
7947,G3_01_1_1_Chlorophyll_A_001_phosphate_plate4.tif,73,4427.616,944,26960
7948,G3_01_1_1_Chlorophyll_A_001_phosphate_plate4.tif,1,992.000,992,992
7949,G3_01_1_1_Chlorophyll_A_001_phosphate_plate4.tif,10,1147.200,960,1392
7950,G3_01_1_1_Chlorophyll_A_001_phosphate_plate4.tif,190,2571.116,944,20784
7951,G3_01_1_1_Chlorophyll_A_001_phosphate_plate4.tif,1,960.000,960,960
7952,G3_01_1_1_Chlorophyll_A_001_phosphate_plate4.tif,5,1081.600,1040,1152
7953,G3_01_1_1_Chlorophyll_A_001_phosphate_plate4.tif,1,1024.000,1024,1024
7954,G3_01_1_1_Chlorophyll_A_001_phosphate_plate4.tif,3,954.667,944,960
7955,G3_01_1_1_Chlorophyll_A_001_phosphate_plate4.tif,1,992.000,992,992
7956,G3_01_1_1_Chlorophyll_A_001_phosphate_plate4.tif,4,1012.000,960,1104
7957,G3_01_1_1_Chlorophyll_A_001_phosphate_plate4.tif,2,1024.000,960,1088
7958,G3_01_1_1_Chlorophyll_A_001_phosphate_plate4.tif,1,992.000,992,992
7959,G3_01_1_1_Chlorophyll_A_001_phosphate_plate4.tif,2,984.000,944,1024
7960,G3_01_1_1_Chlorophyll_A_001_phosphate_plate4.tif,1,944.000,944,944
7961,G3_01_1_1_Chlorophyll_A_001_phosphate_plate4.tif,1,960.000,960,960
7962,G3_01_1_1_Chlorophyll_A_001_phosphate_plate4.tif,1,992.000,992,992
7963,G3_01_1_1_Chlorophyll_A_001_phosphate_plate4.tif,1,1040.000,1040,1040
7964,G3_01_1_1_Chlorophyll_A_001_phosphate_plate4.tif,1,944.000,944,944
7965,G3_01_1_1_Chlorophyll_A_001_phosphate_plate4.tif,1,1024.000,1024,1024
7966,G3_01_1_1_Chlorophyll_A_001_phosphate_plate4.tif,1,1008.000,1008,1008
7967,G3_01_1_1_Chlorophyll_A_001_phosphate_plate4.tif,26,1105.846,944,1296
7968,G3_01_1_1_Chlorophyll_A_001_phosphate_plate4.tif,9,1056.000,944,1184
7969,G3_01_1_1_Chlorophyll_A_001_phosphate_plate4.tif,36,1156.000,944,1456
7970,G3_01_1_1_Chlorophyll_A_001_phosphate_plate4.tif,75,1102.933,944,1440
7971,G3_01_1_1_Chlorophyll_A_001_phosphate_plate4.tif,32,1072.000,960,1200
7972,G3_01_1_1_Chlorophyll_A_001_phosphate_plate4.tif,1,960.000,960,960
7973,G3_01_1_1_Chlorophyll_A_001_phosphate_plate4.tif,3,997.333,960,1024
7974,G3_01_1_1_Chlorophyll_A_001_phosphate_plate4.tif,3,1029.333,960,1088
7975,G3_01_1_1_Chlorophyll_A_001_phosphate_plate4.tif,3,1008.000,992,1024
7976,G3_01_1_1_Chlorophyll_A_001_phosphate_plate4.tif,1,960.000,960,960
7977,G3_01_1_1_Chlorophyll_A_001_phosphate_plate4.tif,1,1024.000,1024,1024
7978,G3_01_1_1_Chlorophyll_A_001_phosphate_plate4.tif,3,1050.667,992,1104
7979,G3_01_1_1_Chlorophyll_A_001_phosphate_plate4.tif,1,944.000,944,944
7980,G3_01_1_1_Chlorophyll_A_001_phosphate_plate4.tif,1,1024.000,1024,1024
7981,G3_01_1_1_Chlorophyll_A_001_phosphate_plate4.tif,1,944.000,944,944
7982,G3_01_1_1_Chlorophyll_A_001_phosphate_plate4.tif,1,1024.000,1024,1024
7983,G3_01_1_1_Chlorophyll_A_001_phosphate_plate4.tif,1,960.000,960,960
7984,G3_01_1_1_Chlorophyll_A_001_phosphate_plate4.tif,2,944.000,944,944
7985,G3_01_1_1_Chlorophyll_A_001_phosphate_plate4.tif,1,1056.000,1056,1056
7986,G3_01_1_1_Chlorophyll_A_001_phosphate_plate4.tif,1,992.000,992,992
7987,G3_01_1_1_Chlorophyll_A_001_phosphate_plate4.tif,1,976.000,976,976
7988,G3_01_1_1_Chlorophyll_A_001_phosphate_plate4.tif,1,944.000,944,944
7989,G3_01_1_1_Chlorophyll_A_001_phosphate_plate4.tif,1,1008.000,1008,1008
7990,G3_01_1_1_Chlorophyll_A_001_phosphate_plate4.tif,1,944.000,944,944
7991,G3_01_1_1_Chlorophyll_A_001_phosphate_plate4.tif,64,4227.500,960,22800
7992,G3_01_1_1_Chlorophyll_A_001_phosphate_plate4.tif,1,1008.000,1008,1008
7993,G3_01_1_1_Chlorophyll_A_001_phosphate_plate4.tif,162,2381.827,960,21680
7994,G3_01_1_1_Chlorophyll_A_001_phosphate_plate4.tif,26,1115.077,944,1488
7995,G3_01_1_1_Chlorophyll_A_001_phosphate_plate4.tif,30,1107.733,944,1296
7996,G3_01_1_1_Chlorophyll_A_001_phosphate_plate4.tif,3,1008.000,960,1088
7997,G3_01_1_1_Chlorophyll_A_001_phosphate_plate4.tif,3,1072.000,976,1136
7998,G3_01_1_1_Chlorophyll_A_001_phosphate_plate4.tif,14,1022.857,944,1200
7999,G3_01_1_1_Chlorophyll_A_001_phosphate_plate4.tif,6,1040.000,960,1104
8000,G3_01_1_1_Chlorophyll_A_001_phosphate_plate4.tif,1,1120.000,1120,1120
8001,G3_01_1_1_Chlorophyll_A_001_phosphate_plate4.tif,1,1120.000,1120,1120
8002,G3_01_1_1_Chlorophyll_A_001_phosphate_plate4.tif,2,968.000,960,976
8003,G3_01_1_1_Chlorophyll_A_001_phosphate_plate4.tif,2,968.000,960,976
8004,G3_01_1_1_Chlorophyll_A_001_phosphate_plate4.tif,1,960.000,960,960
8005,G3_01_1_1_Chlorophyll_A_001_phosphate_plate4.tif,1,1088.000,1088,1088
8006,G3_01_1_1_Chlorophyll_A_001_phosphate_plate4.tif,2,1032.000,1008,1056
8007,G3_01_1_1_Chlorophyll_A_001_phosphate_plate4.tif,2,1008.000,976,1040
8008,G3_01_1_1_Chlorophyll_A_001_phosphate_plate4.tif,1,960.000,960,960
8009,G3_01_1_1_Chlorophyll_A_001_phosphate_plate4.tif,2,1000.000,960,1040
8010,G3_01_1_1_Chlorophyll_A_001_phosphate_plate4.tif,83,3016.289,944,12464
8011,G3_01_1_1_Chlorophyll_A_001_phosphate_plate4.tif,1,992.000,992,992
8012,G3_01_1_1_Chlorophyll_A_001_phosphate_plate4.tif,1,944.000,944,944
8013,G3_01_1_1_Chlorophyll_A_001_phosphate_plate4.tif,1,944.000,944,944
8014,G3_01_1_1_Chlorophyll_A_001_phosphate_plate4.tif,1,960.000,960,960
8015,G3_01_1_1_Chlorophyll_A_001_phosphate_plate4.tif,1,992.000,992,992
8016,G3_01_1_1_Chlorophyll_A_001_phosphate_plate4.tif,38,1096.000,944,1344
8017,G3_01_1_1_Chlorophyll_A_001_phosphate_plate4.tif,79,1092.051,944,1328
8018,G3_01_1_1_Chlorophyll_A_001_phosphate_plate4.tif,1,976.000,976,976
8019,G3_01_1_1_Chlorophyll_A_001_phosphate_plate4.tif,1,992.000,992,992
8020,G3_01_1_1_Chlorophyll_A_001_phosphate_plate4.tif,2,968.000,944,992
8021,G3_01_1_1_Chlorophyll_A_001_phosphate_plate4.tif,1,960.000,960,960
8022,G3_01_1_1_Chlorophyll_A_001_phosphate_plate4.tif,94,3989.787,944,20384
8023,G3_01_1_1_Chlorophyll_A_001_phosphate_plate4.tif,1,992.000,992,992
8024,G3_01_1_1_Chlorophyll_A_001_phosphate_plate4.tif,84,3297.333,944,19328
8025,G3_01_1_1_Chlorophyll_A_001_phosphate_plate4.tif,1,1008.000,1008,1008
8026,G3_01_1_1_Chlorophyll_A_001_phosphate_plate4.tif,1,992.000,992,992
8027,G3_01_1_1_Chlorophyll_A_001_phosphate_plate4.tif,3,1034.667,944,1088
8028,G3_01_1_1_Chlorophyll_A_001_phosphate_plate4.tif,1,960.000,960,960
8029,G3_01_1_1_Chlorophyll_A_001_phosphate_plate4.tif,2,952.000,944,960
8030,G3_01_1_1_Chlorophyll_A_001_phosphate_plate4.tif,18,1035.556,944,1280
8031,G3_01_1_1_Chlorophyll_A_001_phosphate_plate4.tif,3,970.667,960,992
8032,G3_01_1_1_Chlorophyll_A_001_phosphate_plate4.tif,2,1120.000,1040,1200
8033,G3_01_1_1_Chlorophyll_A_001_phosphate_plate4.tif,1,992.000,992,992
8034,G3_01_1_1_Chlorophyll_A_001_phosphate_plate4.tif,1,1088.000,1088,1088
8035,G3_01_1_1_Chlorophyll_A_001_phosphate_plate4.tif,1,960.000,960,960
8036,G3_01_1_1_Chlorophyll_A_001_phosphate_plate4.tif,3,992.000,976,1008
8037,G3_01_1_1_Chlorophyll_A_001_phosphate_plate4.tif,1,960.000,960,960
8038,G3_01_1_1_Chlorophyll_A_001_phosphate_plate4.tif,1,976.000,976,976
8039,G3_01_1_1_Chlorophyll_A_001_phosphate_plate4.tif,1,1056.000,1056,1056
8040,G3_01_1_1_Chlorophyll_A_001_phosphate_plate4.tif,1,960.000,960,960
8041,G3_01_1_1_Chlorophyll_A_001_phosphate_plate4.tif,1,944.000,944,944
8042,G3_01_1_1_Chlorophyll_A_001_phosphate_plate4.tif,1,1104.000,1104,1104
8043,G3_01_1_1_Chlorophyll_A_001_phosphate_plate4.tif,16,1122.000,992,1248
8044,G3_01_1_1_Chlorophyll_A_001_phosphate_plate4.tif,21,1109.333,944,1408
8045,G3_01_1_1_Chlorophyll_A_001_phosphate_plate4.tif,11,1077.818,960,1216
8046,G3_01_1_1_Chlorophyll_A_001_phosphate_plate4.tif,10,1022.400,944,1120
8047,G3_01_1_1_Chlorophyll_A_001_phosphate_plate4.tif,1,944.000,944,944
8048,G3_01_1_1_Chlorophyll_A_001_phosphate_plate4.tif,2,960.000,944,976
8049,G3_01_1_1_Chlorophyll_A_001_phosphate_plate4.tif,2,976.000,960,992
8050,G3_01_1_1_Chlorophyll_A_001_phosphate_plate4.tif,2,1072.000,1040,1104
8051,G3_01_1_1_Chlorophyll_A_001_phosphate_plate4.tif,2,1024.000,976,1072
8052,G3_01_1_1_Chlorophyll_A_001_phosphate_plate4.tif,1,1008.000,1008,1008
8053,G3_01_1_1_Chlorophyll_A_001_phosphate_plate4.tif,6,1021.333,944,1184
8054,G3_01_1_1_Chlorophyll_A_001_phosphate_plate4.tif,1,1072.000,1072,1072
8055,G3_01_1_1_Chlorophyll_A_001_phosphate_plate4.tif,5,1049.600,992,1120
8056,G3_01_1_1_Chlorophyll_A_001_phosphate_plate4.tif,6,1034.667,944,1120
8057,G3_01_1_1_Chlorophyll_A_001_phosphate_plate4.tif,1,1104.000,1104,1104
8058,G3_01_1_1_Chlorophyll_A_001_phosphate_plate4.tif,1,960.000,960,960
8059,G3_01_1_1_Chlorophyll_A_001_phosphate_plate4.tif,1,960.000,960,960
8060,G3_01_1_1_Chlorophyll_A_001_phosphate_plate4.tif,1,992.000,992,992
8061,G3_01_1_1_Chlorophyll_A_001_phosphate_plate4.tif,1,960.000,960,960
8062,G3_01_1_1_Chlorophyll_A_001_phosphate_plate4.tif,1,992.000,992,992
8063,G3_01_1_1_Chlorophyll_A_001_phosphate_plate4.tif,31,1122.065,944,1328
8064,G3_01_1_1_Chlorophyll_A_001_phosphate_plate4.tif,196,2165.469,944,19264
8065,G3_01_1_1_Chlorophyll_A_001_phosphate_plate4.tif,25,1152.640,944,1440
8066,G3_01_1_1_Chlorophyll_A_001_phosphate_plate4.tif,21,1075.810,944,1360
8067,G3_01_1_1_Chlorophyll_A_001_phosphate_plate4.tif,52,1065.538,944,1376
8068,G3_01_1_1_Chlorophyll_A_001_phosphate_plate4.tif,4,1008.000,976,1040
8069,G3_01_1_1_Chlorophyll_A_001_phosphate_plate4.tif,5,966.400,944,992
8070,G3_01_1_1_Chlorophyll_A_001_phosphate_plate4.tif,1,1040.000,1040,1040
8071,G3_01_1_1_Chlorophyll_A_001_phosphate_plate4.tif,7,987.429,944,1056
8072,G3_01_1_1_Chlorophyll_A_001_phosphate_plate4.tif,1,976.000,976,976
8073,G3_01_1_1_Chlorophyll_A_001_phosphate_plate4.tif,1,1056.000,1056,1056
8074,G3_01_1_1_Chlorophyll_A_001_phosphate_plate4.tif,2,952.000,944,960
8075,G3_01_1_1_Chlorophyll_A_001_phosphate_plate4.tif,1,976.000,976,976
8076,G3_01_1_1_Chlorophyll_A_001_phosphate_plate4.tif,2,992.000,960,1024
8077,G3_01_1_1_Chlorophyll_A_001_phosphate_plate4.tif,2,1088.000,1040,1136
8078,G3_01_1_1_Chlorophyll_A_001_phosphate_plate4.tif,1,1104.000,1104,1104
8079,G3_01_1_1_Chlorophyll_A_001_phosphate_plate4.tif,1,992.000,992,992
8080,G3_01_1_1_Chlorophyll_A_001_phosphate_plate4.tif,1,992.000,992,992
8081,G3_01_1_1_Chlorophyll_A_001_phosphate_plate4.tif,1,960.000,960,960
8082,G3_01_1_1_Chlorophyll_A_001_phosphate_plate4.tif,1,1056.000,1056,1056
8083,G3_01_1_1_Chlorophyll_A_001_phosphate_plate4.tif,1,960.000,960,960
8084,G3_01_1_1_Chlorophyll_A_001_phosphate_plate4.tif,1,976.000,976,976
8085,G3_01_1_1_Chlorophyll_A_001_phosphate_plate4.tif,1,960.000,960,960
8086,G3_01_1_1_Chlorophyll_A_001_phosphate_plate4.tif,58,1095.448,944,1328
8087,G3_01_1_1_Chlorophyll_A_001_phosphate_plate4.tif,1,1072.000,1072,1072
8088,G3_01_1_1_Chlorophyll_A_001_phosphate_plate4.tif,1,1024.000,1024,1024
8089,G3_01_1_1_Chlorophyll_A_001_phosphate_plate4.tif,6,1058.667,944,1184
8090,G3_01_1_1_Chlorophyll_A_001_phosphate_plate4.tif,2,952.000,944,960
8091,G3_01_1_1_Chlorophyll_A_001_phosphate_plate4.tif,1,1024.000,1024,1024
8092,G3_01_1_1_Chlorophyll_A_001_phosphate_plate4.tif,1,944.000,944,944
8093,G3_01_1_1_Chlorophyll_A_001_phosphate_plate4.tif,1,1040.000,1040,1040
8094,G3_01_1_1_Chlorophyll_A_001_phosphate_plate4.tif,147,4588.408,944,32128
8095,G3_01_1_1_Chlorophyll_A_001_phosphate_plate4.tif,1,960.000,960,960
8096,G3_01_1_1_Chlorophyll_A_001_phosphate_plate4.tif,1,976.000,976,976
8097,G3_01_1_1_Chlorophyll_A_001_phosphate_plate4.tif,93,4175.484,944,28768
8098,G3_01_1_1_Chlorophyll_A_001_phosphate_plate4.tif,1,976.000,976,976
8099,G3_01_1_1_Chlorophyll_A_001_phosphate_plate4.tif,1,944.000,944,944
8100,G3_01_1_1_Chlorophyll_A_001_phosphate_plate4.tif,1,944.000,944,944
8101,G3_01_1_1_Chlorophyll_A_001_phosphate_plate4.tif,1,1024.000,1024,1024
8102,G3_01_1_1_Chlorophyll_A_001_phosphate_plate4.tif,1,960.000,960,960
8103,G3_01_1_1_Chlorophyll_A_001_phosphate_plate4.tif,45,1097.244,944,1408
8104,G3_01_1_1_Chlorophyll_A_001_phosphate_plate4.tif,26,1107.077,944,1376
8105,G3_01_1_1_Chlorophyll_A_001_phosphate_plate4.tif,50,1079.360,944,1360
8106,G3_01_1_1_Chlorophyll_A_001_phosphate_plate4.tif,7,1046.857,992,1120
8107,G3_01_1_1_Chlorophyll_A_001_phosphate_plate4.tif,1,944.000,944,944
8108,G3_01_1_1_Chlorophyll_A_001_phosphate_plate4.tif,5,1040.000,944,1168
8109,G3_01_1_1_Chlorophyll_A_001_phosphate_plate4.tif,1,1040.000,1040,1040
8110,G3_01_1_1_Chlorophyll_A_001_phosphate_plate4.tif,1,992.000,992,992
8111,G3_01_1_1_Chlorophyll_A_001_phosphate_plate4.tif,1,992.000,992,992
8112,G3_01_1_1_Chlorophyll_A_001_phosphate_plate4.tif,1,1024.000,1024,1024
8113,G3_01_1_1_Chlorophyll_A_001_phosphate_plate4.tif,2,1016.000,1008,1024
8114,G3_01_1_1_Chlorophyll_A_001_phosphate_plate4.tif,1,944.000,944,944
8115,G3_01_1_1_Chlorophyll_A_001_phosphate_plate4.tif,1,1056.000,1056,1056
8116,G3_01_1_1_Chlorophyll_A_001_phosphate_plate4.tif,1,976.000,976,976
8117,G3_01_1_1_Chlorophyll_A_001_phosphate_plate4.tif,113,4718.442,944,29072
8118,G3_01_1_1_Chlorophyll_A_001_phosphate_plate4.tif,1,944.000,944,944
8119,G3_01_1_1_Chlorophyll_A_001_phosphate_plate4.tif,2,968.000,944,992
8120,G3_01_1_1_Chlorophyll_A_001_phosphate_plate4.tif,1,944.000,944,944
8121,G3_01_1_1_Chlorophyll_A_001_phosphate_plate4.tif,1,944.000,944,944
8122,G3_01_1_1_Chlorophyll_A_001_phosphate_plate4.tif,67,1123.821,944,1504
8123,G3_01_1_1_Chlorophyll_A_001_phosphate_plate4.tif,32,1108.500,944,1408
8124,G3_01_1_1_Chlorophyll_A_001_phosphate_plate4.tif,39,1031.795,944,1280
8125,G3_01_1_1_Chlorophyll_A_001_phosphate_plate4.tif,3,997.333,944,1072
8126,G3_01_1_1_Chlorophyll_A_001_phosphate_plate4.tif,1,944.000,944,944
8127,G3_01_1_1_Chlorophyll_A_001_phosphate_plate4.tif,1,992.000,992,992
8128,G3_01_1_1_Chlorophyll_A_001_phosphate_plate4.tif,1,1056.000,1056,1056
8129,G3_01_1_1_Chlorophyll_A_001_phosphate_plate4.tif,1,1008.000,1008,1008
8130,G3_01_1_1_Chlorophyll_A_001_phosphate_plate4.tif,2,968.000,960,976
8131,G3_01_1_1_Chlorophyll_A_001_phosphate_plate4.tif,1,944.000,944,944
8132,G3_01_1_1_Chlorophyll_A_001_phosphate_plate4.tif,1,1072.000,1072,1072
8133,G3_01_1_1_Chlorophyll_A_001_phosphate_plate4.tif,1,1056.000,1056,1056
8134,G3_01_1_1_Chlorophyll_A_001_phosphate_plate4.tif,1,1040.000,1040,1040
8135,G3_01_1_1_Chlorophyll_A_001_phosphate_plate4.tif,2,1040.000,992,1088
8136,G3_01_1_1_Chlorophyll_A_001_phosphate_plate4.tif,2,968.000,944,992
8137,G3_01_1_1_Chlorophyll_A_001_phosphate_plate4.tif,1,1168.000,1168,1168
8138,G3_01_1_1_Chlorophyll_A_001_phosphate_plate4.tif,1,1120.000,1120,1120
8139,G3_01_1_1_Chlorophyll_A_001_phosphate_plate4.tif,1,944.000,944,944
8140,G3_01_1_1_Chlorophyll_A_001_phosphate_plate4.tif,1,944.000,944,944
8141,G3_01_1_1_Chlorophyll_A_001_phosphate_plate4.tif,1,976.000,976,976
8142,G3_01_1_1_Chlorophyll_A_001_phosphate_plate4.tif,37,1113.946,944,1360
8143,G3_01_1_1_Chlorophyll_A_001_phosphate_plate4.tif,3,1018.667,960,1072
8144,G3_01_1_1_Chlorophyll_A_001_phosphate_plate4.tif,18,1022.222,944,1200
8145,G3_01_1_1_Chlorophyll_A_001_phosphate_plate4.tif,1,1152.000,1152,1152
8146,G3_01_1_1_Chlorophyll_A_001_phosphate_plate4.tif,4,976.000,944,1024
8147,G3_01_1_1_Chlorophyll_A_001_phosphate_plate4.tif,2,1008.000,944,1072
8148,G3_01_1_1_Chlorophyll_A_001_phosphate_plate4.tif,2,1104.000,960,1248
8149,G3_01_1_1_Chlorophyll_A_001_phosphate_plate4.tif,1,960.000,960,960
8150,G3_01_1_1_Chlorophyll_A_001_phosphate_plate4.tif,1,976.000,976,976
8151,G3_01_1_1_Chlorophyll_A_001_phosphate_plate4.tif,1,992.000,992,992
8152,G3_01_1_1_Chlorophyll_A_001_phosphate_plate4.tif,1,944.000,944,944
8153,G3_01_1_1_Chlorophyll_A_001_phosphate_plate4.tif,1,1008.000,1008,1008
8154,G3_01_1_1_Chlorophyll_A_001_phosphate_plate4.tif,1,992.000,992,992
8155,G3_01_1_1_Chlorophyll_A_001_phosphate_plate4.tif,299,1657.686,944,15424
8156,G3_01_1_1_Chlorophyll_A_001_phosphate_plate4.tif,48,1105.333,944,1360
8157,G3_01_1_1_Chlorophyll_A_001_phosphate_plate4.tif,1,1024.000,1024,1024
8158,G3_01_1_1_Chlorophyll_A_001_phosphate_plate4.tif,7,1072.000,960,1168
8159,G3_01_1_1_Chlorophyll_A_001_phosphate_plate4.tif,10,1032.000,944,1296
8160,G3_01_1_1_Chlorophyll_A_001_phosphate_plate4.tif,5,1030.400,976,1104
8161,G3_01_1_1_Chlorophyll_A_001_phosphate_plate4.tif,2,1040.000,960,1120
8162,G3_01_1_1_Chlorophyll_A_001_phosphate_plate4.tif,3,1013.333,960,1088
8163,G3_01_1_1_Chlorophyll_A_001_phosphate_plate4.tif,4,1036.000,960,1216
8164,G3_01_1_1_Chlorophyll_A_001_phosphate_plate4.tif,2,1008.000,960,1056
8165,G3_01_1_1_Chlorophyll_A_001_phosphate_plate4.tif,1,1088.000,1088,1088
8166,G3_01_1_1_Chlorophyll_A_001_phosphate_plate4.tif,3,986.667,944,1024
8167,G3_01_1_1_Chlorophyll_A_001_phosphate_plate4.tif,6,1016.000,944,1136
8168,G3_01_1_1_Chlorophyll_A_001_phosphate_plate4.tif,1,944.000,944,944
8169,G3_01_1_1_Chlorophyll_A_001_phosphate_plate4.tif,1,976.000,976,976
8170,G3_01_1_1_Chlorophyll_A_001_phosphate_plate4.tif,1,1072.000,1072,1072
8171,G3_01_1_1_Chlorophyll_A_001_phosphate_plate4.tif,2,976.000,960,992
8172,G3_01_1_1_Chlorophyll_A_001_phosphate_plate4.tif,1,1008.000,1008,1008
8173,G3_01_1_1_Chlorophyll_A_001_phosphate_plate4.tif,1,976.000,976,976
8174,G3_01_1_1_Chlorophyll_A_001_phosphate_plate4.tif,19,1112.421,992,1536
8175,G3_01_1_1_Chlorophyll_A_001_phosphate_plate4.tif,67,1101.612,944,1456
8176,G3_01_1_1_Chlorophyll_A_001_phosphate_plate4.tif,1,992.000,992,992
8177,G3_01_1_1_Chlorophyll_A_001_phosphate_plate4.tif,1,976.000,976,976
8178,G3_01_1_1_Chlorophyll_A_001_phosphate_plate4.tif,1,1024.000,1024,1024
8179,G3_01_1_1_Chlorophyll_A_001_phosphate_plate4.tif,7,987.429,944,1072
8180,G3_01_1_1_Chlorophyll_A_001_phosphate_plate4.tif,1,1008.000,1008,1008
8181,G3_01_1_1_Chlorophyll_A_001_phosphate_plate4.tif,1,992.000,992,992
8182,G3_01_1_1_Chlorophyll_A_001_phosphate_plate4.tif,3,1029.333,976,1104
8183,G3_01_1_1_Chlorophyll_A_001_phosphate_plate4.tif,1,976.000,976,976
8184,G3_01_1_1_Chlorophyll_A_001_phosphate_plate4.tif,1,992.000,992,992
8185,G3_01_1_1_Chlorophyll_A_001_phosphate_plate4.tif,1,960.000,960,960
8186,G3_01_1_1_Chlorophyll_A_001_phosphate_plate4.tif,1,992.000,992,992
8187,G3_01_1_1_Chlorophyll_A_001_phosphate_plate4.tif,1,1008.000,1008,1008
8188,G3_01_1_1_Chlorophyll_A_001_phosphate_plate4.tif,2,1104.000,976,1232
8189,G3_01_1_1_Chlorophyll_A_001_phosphate_plate4.tif,1,1072.000,1072,1072
8190,G3_01_1_1_Chlorophyll_A_001_phosphate_plate4.tif,1,960.000,960,960
8191,G3_01_1_1_Chlorophyll_A_001_phosphate_plate4.tif,2,984.000,944,1024
8192,G3_01_1_1_Chlorophyll_A_001_phosphate_plate4.tif,1,944.000,944,944
8193,G3_01_1_1_Chlorophyll_A_001_phosphate_plate4.tif,26,1021.538,944,1184
8194,G3_01_1_1_Chlorophyll_A_001_phosphate_plate4.tif,2,992.000,960,1024
8195,G3_01_1_1_Chlorophyll_A_001_phosphate_plate4.tif,1,992.000,992,992
8196,G3_01_1_1_Chlorophyll_A_001_phosphate_plate4.tif,1,1040.000,1040,1040
8197,G3_01_1_1_Chlorophyll_A_001_phosphate_plate4.tif,1,1040.000,1040,1040
8198,G3_01_1_1_Chlorophyll_A_001_phosphate_plate4.tif,1,960.000,960,960
8199,G3_01_1_1_Chlorophyll_A_001_phosphate_plate4.tif,3,976.000,960,992
8200,G3_01_1_1_Chlorophyll_A_001_phosphate_plate4.tif,1,1040.000,1040,1040
8201,G3_01_1_1_Chlorophyll_A_001_phosphate_plate4.tif,1,960.000,960,960
8202,G3_01_1_1_Chlorophyll_A_001_phosphate_plate4.tif,1,944.000,944,944
8203,G3_01_1_1_Chlorophyll_A_001_phosphate_plate4.tif,1,992.000,992,992
8204,G3_01_1_1_Chlorophyll_A_001_phosphate_plate4.tif,1,976.000,976,976
8205,G3_01_1_1_Chlorophyll_A_001_phosphate_plate4.tif,63,1094.349,944,1424
8206,G3_01_1_1_Chlorophyll_A_001_phosphate_plate4.tif,16,1110.000,944,1392
8207,G3_01_1_1_Chlorophyll_A_001_phosphate_plate4.tif,37,1055.135,944,1328
8208,G3_01_1_1_Chlorophyll_A_001_phosphate_plate4.tif,238,1045.042,944,1296
8209,G3_01_1_1_Chlorophyll_A_001_phosphate_plate4.tif,4,1032.000,944,1104
8210,G3_01_1_1_Chlorophyll_A_001_phosphate_plate4.tif,14,1030.857,944,1120
8211,G3_01_1_1_Chlorophyll_A_001_phosphate_plate4.tif,1,1040.000,1040,1040
8212,G3_01_1_1_Chlorophyll_A_001_phosphate_plate4.tif,4,1032.000,944,1120
8213,G3_01_1_1_Chlorophyll_A_001_phosphate_plate4.tif,2,968.000,960,976
8214,G3_01_1_1_Chlorophyll_A_001_phosphate_plate4.tif,1,976.000,976,976
8215,G3_01_1_1_Chlorophyll_A_001_phosphate_plate4.tif,3,1050.667,992,1136
8216,G3_01_1_1_Chlorophyll_A_001_phosphate_plate4.tif,1,992.000,992,992
8217,G3_01_1_1_Chlorophyll_A_001_phosphate_plate4.tif,5,1024.000,944,1264
8218,G3_01_1_1_Chlorophyll_A_001_phosphate_plate4.tif,1,1040.000,1040,1040
8219,G3_01_1_1_Chlorophyll_A_001_phosphate_plate4.tif,1,944.000,944,944
8220,G3_01_1_1_Chlorophyll_A_001_phosphate_plate4.tif,1,944.000,944,944
8221,G3_01_1_1_Chlorophyll_A_001_phosphate_plate4.tif,1,1056.000,1056,1056
8222,G3_01_1_1_Chlorophyll_A_001_phosphate_plate4.tif,1,992.000,992,992
8223,G3_01_1_1_Chlorophyll_A_001_phosphate_plate4.tif,1,944.000,944,944
8224,G3_01_1_1_Chlorophyll_A_001_phosphate_plate4.tif,1,960.000,960,960
8225,G3_01_1_1_Chlorophyll_A_001_phosphate_plate4.tif,1,1104.000,1104,1104
8226,G3_01_1_1_Chlorophyll_A_001_phosphate_plate4.tif,2,960.000,944,976
8227,G3_01_1_1_Chlorophyll_A_001_phosphate_plate4.tif,1,1104.000,1104,1104
8228,G3_01_1_1_Chlorophyll_A_001_phosphate_plate4.tif,2,1024.000,1024,1024
8229,G3_01_1_1_Chlorophyll_A_001_phosphate_plate4.tif,5,995.200,944,1088
8230,G3_01_1_1_Chlorophyll_A_001_phosphate_plate4.tif,1,976.000,976,976
8231,G3_01_1_1_Chlorophyll_A_001_phosphate_plate4.tif,1,944.000,944,944
8232,G3_01_1_1_Chlorophyll_A_001_phosphate_plate4.tif,1,960.000,960,960
8233,G3_01_1_1_Chlorophyll_A_001_phosphate_plate4.tif,1,1200.000,1200,1200
8234,G3_01_1_1_Chlorophyll_A_001_phosphate_plate4.tif,1,1104.000,1104,1104
8235,G3_01_1_1_Chlorophyll_A_001_phosphate_plate4.tif,1,976.000,976,976
8236,G3_01_1_1_Chlorophyll_A_001_phosphate_plate4.tif,1,944.000,944,944
8237,G3_01_1_1_Chlorophyll_A_001_phosphate_plate4.tif,1,944.000,944,944
8238,G3_01_1_1_Chlorophyll_A_001_phosphate_plate4.tif,1,1056.000,1056,1056
8239,G3_01_1_1_Chlorophyll_A_001_phosphate_plate4.tif,1,944.000,944,944
8240,G3_01_1_1_Chlorophyll_A_001_phosphate_plate4.tif,1,1008.000,1008,1008
8241,G3_01_1_1_Chlorophyll_A_001_phosphate_plate4.tif,4,976.000,960,992
8242,G3_01_1_1_Chlorophyll_A_001_phosphate_plate4.tif,1,960.000,960,960
8243,G3_01_1_1_Chlorophyll_A_001_phosphate_plate4.tif,1,992.000,992,992
8244,G3_01_1_1_Chlorophyll_A_001_phosphate_plate4.tif,2,1032.000,944,1120
8245,G3_01_1_1_Chlorophyll_A_001_phosphate_plate4.tif,1,976.000,976,976
8246,G3_01_1_1_Chlorophyll_A_001_phosphate_plate4.tif,1,1008.000,1008,1008
8247,G3_01_1_1_Chlorophyll_A_001_phosphate_plate4.tif,1,992.000,992,992
8248,G3_01_1_1_Chlorophyll_A_001_phosphate_plate4.tif,1,1056.000,1056,1056
8249,G3_01_1_1_Chlorophyll_A_001_phosphate_plate4.tif,1,976.000,976,976
8250,G3_01_1_1_Chlorophyll_A_001_phosphate_plate4.tif,14,1109.714,944,1264
8251,G3_01_1_1_Chlorophyll_A_001_phosphate_plate4.tif,21,1094.857,944,1280
8252,G3_01_1_1_Chlorophyll_A_001_phosphate_plate4.tif,32,1074.000,944,1248
8253,G3_01_1_1_Chlorophyll_A_001_phosphate_plate4.tif,68,1066.588,944,1408
8254,G3_01_1_1_Chlorophyll_A_001_phosphate_plate4.tif,1,992.000,992,992
8255,G3_01_1_1_Chlorophyll_A_001_phosphate_plate4.tif,1,992.000,992,992
8256,G3_01_1_1_Chlorophyll_A_001_phosphate_plate4.tif,2,1016.000,976,1056
8257,G3_01_1_1_Chlorophyll_A_001_phosphate_plate4.tif,11,989.091,944,1040
8258,G3_01_1_1_Chlorophyll_A_001_phosphate_plate4.tif,3,1024.000,976,1104
8259,G3_01_1_1_Chlorophyll_A_001_phosphate_plate4.tif,1,1040.000,1040,1040
8260,G3_01_1_1_Chlorophyll_A_001_phosphate_plate4.tif,2,1056.000,1040,1072
8261,G3_01_1_1_Chlorophyll_A_001_phosphate_plate4.tif,1,944.000,944,944
8262,G3_01_1_1_Chlorophyll_A_001_phosphate_plate4.tif,4,1016.000,960,1056
8263,G3_01_1_1_Chlorophyll_A_001_phosphate_plate4.tif,1,976.000,976,976
8264,G3_01_1_1_Chlorophyll_A_001_phosphate_plate4.tif,1,960.000,960,960
8265,G3_01_1_1_Chlorophyll_A_001_phosphate_plate4.tif,2,1016.000,960,1072
8266,G3_01_1_1_Chlorophyll_A_001_phosphate_plate4.tif,1,960.000,960,960
8267,G3_01_1_1_Chlorophyll_A_001_phosphate_plate4.tif,1,944.000,944,944
8268,G3_01_1_1_Chlorophyll_A_001_phosphate_plate4.tif,1,944.000,944,944
8269,G3_01_1_1_Chlorophyll_A_001_phosphate_plate4.tif,1,976.000,976,976
8270,G3_01_1_1_Chlorophyll_A_001_phosphate_plate4.tif,1,960.000,960,960
8271,G3_01_1_1_Chlorophyll_A_001_phosphate_plate4.tif,1,944.000,944,944
8272,G3_01_1_1_Chlorophyll_A_001_phosphate_plate4.tif,23,1107.478,944,1296
8273,G3_01_1_1_Chlorophyll_A_001_phosphate_plate4.tif,21,1095.619,944,1328
8274,G3_01_1_1_Chlorophyll_A_001_phosphate_plate4.tif,56,1087.714,944,1616
8275,G3_01_1_1_Chlorophyll_A_001_phosphate_plate4.tif,34,1098.353,944,1376
8276,G3_01_1_1_Chlorophyll_A_001_phosphate_plate4.tif,2,1104.000,1040,1168
8277,G3_01_1_1_Chlorophyll_A_001_phosphate_plate4.tif,2,1040.000,1024,1056
8278,G3_01_1_1_Chlorophyll_A_001_phosphate_plate4.tif,2,1016.000,992,1040
8279,G3_01_1_1_Chlorophyll_A_001_phosphate_plate4.tif,6,1029.333,944,1088
8280,G3_01_1_1_Chlorophyll_A_001_phosphate_plate4.tif,2,1024.000,944,1104
8281,G3_01_1_1_Chlorophyll_A_001_phosphate_plate4.tif,1,1056.000,1056,1056
8282,G3_01_1_1_Chlorophyll_A_001_phosphate_plate4.tif,1,1056.000,1056,1056
8283,G3_01_1_1_Chlorophyll_A_001_phosphate_plate4.tif,2,1032.000,976,1088
8284,G3_01_1_1_Chlorophyll_A_001_phosphate_plate4.tif,1,976.000,976,976
8285,G3_01_1_1_Chlorophyll_A_001_phosphate_plate4.tif,1,944.000,944,944
8286,G3_01_1_1_Chlorophyll_A_001_phosphate_plate4.tif,1,960.000,960,960
8287,G3_01_1_1_Chlorophyll_A_001_phosphate_plate4.tif,3,1050.667,992,1168
8288,G3_01_1_1_Chlorophyll_A_001_phosphate_plate4.tif,183,4969.967,944,31728
8289,G3_01_1_1_Chlorophyll_A_001_phosphate_plate4.tif,1,1024.000,1024,1024
8290,G3_01_1_1_Chlorophyll_A_001_phosphate_plate4.tif,1,1152.000,1152,1152
8291,G3_01_1_1_Chlorophyll_A_001_phosphate_plate4.tif,1,1040.000,1040,1040
8292,G3_01_1_1_Chlorophyll_A_001_phosphate_plate4.tif,1,992.000,992,992
8293,G3_01_1_1_Chlorophyll_A_001_phosphate_plate4.tif,185,5092.670,944,25232
8294,G3_01_1_1_Chlorophyll_A_001_phosphate_plate4.tif,1,1024.000,1024,1024
8295,G3_01_1_1_Chlorophyll_A_001_phosphate_plate4.tif,1,992.000,992,992
8296,G3_01_1_1_Chlorophyll_A_001_phosphate_plate4.tif,82,4219.512,944,21584
8297,G3_01_1_1_Chlorophyll_A_001_phosphate_plate4.tif,96,4813.167,944,28512
8298,G3_01_1_1_Chlorophyll_A_001_phosphate_plate4.tif,32,1031.500,960,1232
8299,G3_01_1_1_Chlorophyll_A_001_phosphate_plate4.tif,6,1080.000,960,1184
8300,G3_01_1_1_Chlorophyll_A_001_phosphate_plate4.tif,1,1248.000,1248,1248
8301,G3_01_1_1_Chlorophyll_A_001_phosphate_plate4.tif,3,1066.667,992,1184
8302,G3_01_1_1_Chlorophyll_A_001_phosphate_plate4.tif,1,960.000,960,960
8303,G3_01_1_1_Chlorophyll_A_001_phosphate_plate4.tif,3,981.333,976,992
8304,G3_01_1_1_Chlorophyll_A_001_phosphate_plate4.tif,3,1029.333,976,1088
8305,G3_01_1_1_Chlorophyll_A_001_phosphate_plate4.tif,1,976.000,976,976
8306,G3_01_1_1_Chlorophyll_A_001_phosphate_plate4.tif,1,960.000,960,960
8307,G3_01_1_1_Chlorophyll_A_001_phosphate_plate4.tif,1,1104.000,1104,1104
8308,G3_01_1_1_Chlorophyll_A_001_phosphate_plate4.tif,2,952.000,944,960
8309,G3_01_1_1_Chlorophyll_A_001_phosphate_plate4.tif,2,968.000,944,992
8310,G3_01_1_1_Chlorophyll_A_001_phosphate_plate4.tif,6,968.000,944,1024
8311,G3_01_1_1_Chlorophyll_A_001_phosphate_plate4.tif,1,992.000,992,992
8312,G3_01_1_1_Chlorophyll_A_001_phosphate_plate4.tif,1,992.000,992,992
8313,G3_01_1_1_Chlorophyll_A_001_phosphate_plate4.tif,1,1056.000,1056,1056
8314,G3_01_1_1_Chlorophyll_A_001_phosphate_plate4.tif,1,1072.000,1072,1072
8315,G3_01_1_1_Chlorophyll_A_001_phosphate_plate4.tif,1,944.000,944,944
8316,G3_01_1_1_Chlorophyll_A_001_phosphate_plate4.tif,1,960.000,960,960
8317,G3_01_1_1_Chlorophyll_A_001_phosphate_plate4.tif,1,992.000,992,992
8318,G3_01_1_1_Chlorophyll_A_001_phosphate_plate4.tif,1,1024.000,1024,1024
8319,G3_01_1_1_Chlorophyll_A_001_phosphate_plate4.tif,1,1024.000,1024,1024
8320,G3_01_1_1_Chlorophyll_A_001_phosphate_plate4.tif,1,944.000,944,944
8321,G3_01_1_1_Chlorophyll_A_001_phosphate_plate4.tif,1,960.000,960,960
8322,G3_01_1_1_Chlorophyll_A_001_phosphate_plate4.tif,100,4710.880,944,34384
8323,G3_01_1_1_Chlorophyll_A_001_phosphate_plate4.tif,50,1088.960,944,1408
8324,G3_01_1_1_Chlorophyll_A_001_phosphate_plate4.tif,18,1118.222,960,1344
8325,G3_01_1_1_Chlorophyll_A_001_phosphate_plate4.tif,49,1066.776,944,1312
8326,G3_01_1_1_Chlorophyll_A_001_phosphate_plate4.tif,2,1072.000,1024,1120
8327,G3_01_1_1_Chlorophyll_A_001_phosphate_plate4.tif,1,1056.000,1056,1056
8328,G3_01_1_1_Chlorophyll_A_001_phosphate_plate4.tif,4,1024.000,944,1152
8329,G3_01_1_1_Chlorophyll_A_001_phosphate_plate4.tif,3,1045.333,992,1120
8330,G3_01_1_1_Chlorophyll_A_001_phosphate_plate4.tif,2,976.000,960,992
8331,G3_01_1_1_Chlorophyll_A_001_phosphate_plate4.tif,1,1024.000,1024,1024
8332,G3_01_1_1_Chlorophyll_A_001_phosphate_plate4.tif,3,1098.667,976,1200
8333,G3_01_1_1_Chlorophyll_A_001_phosphate_plate4.tif,2,1000.000,976,1024
8334,G3_01_1_1_Chlorophyll_A_001_phosphate_plate4.tif,1,960.000,960,960
8335,G3_01_1_1_Chlorophyll_A_001_phosphate_plate4.tif,2,984.000,960,1008
8336,G3_01_1_1_Chlorophyll_A_001_phosphate_plate4.tif,3,1018.667,944,1136
8337,G3_01_1_1_Chlorophyll_A_001_phosphate_plate4.tif,1,976.000,976,976
8338,G3_01_1_1_Chlorophyll_A_001_phosphate_plate4.tif,8,1060.000,944,1232
8339,G3_01_1_1_Chlorophyll_A_001_phosphate_plate4.tif,4,992.000,976,1040
8340,G3_01_1_1_Chlorophyll_A_001_phosphate_plate4.tif,2,1168.000,1120,1216
8341,G3_01_1_1_Chlorophyll_A_001_phosphate_plate4.tif,1,992.000,992,992
8342,G3_01_1_1_Chlorophyll_A_001_phosphate_plate4.tif,7,1088.000,960,1200
8343,G3_01_1_1_Chlorophyll_A_001_phosphate_plate4.tif,1,976.000,976,976
8344,G3_01_1_1_Chlorophyll_A_001_phosphate_plate4.tif,1,1072.000,1072,1072
8345,G3_01_1_1_Chlorophyll_A_001_phosphate_plate4.tif,2,1072.000,1056,1088
8346,G3_01_1_1_Chlorophyll_A_001_phosphate_plate4.tif,2,992.000,944,1040
8347,G3_01_1_1_Chlorophyll_A_001_phosphate_plate4.tif,1,1024.000,1024,1024
8348,G3_01_1_1_Chlorophyll_A_001_phosphate_plate4.tif,1,944.000,944,944
8349,G3_01_1_1_Chlorophyll_A_001_phosphate_plate4.tif,1,976.000,976,976
8350,G3_01_1_1_Chlorophyll_A_001_phosphate_plate4.tif,102,4531.922,944,29600
8351,G3_01_1_1_Chlorophyll_A_001_phosphate_plate4.tif,1,1008.000,1008,1008
8352,G3_01_1_1_Chlorophyll_A_001_phosphate_plate4.tif,1,944.000,944,944
8353,G3_01_1_1_Chlorophyll_A_001_phosphate_plate4.tif,1,992.000,992,992
8354,G3_01_1_1_Chlorophyll_A_001_phosphate_plate4.tif,1,976.000,976,976
8355,G3_01_1_1_Chlorophyll_A_001_phosphate_plate4.tif,21,1102.476,944,1360
8356,G3_01_1_1_Chlorophyll_A_001_phosphate_plate4.tif,28,1105.714,944,1408
8357,G3_01_1_1_Chlorophyll_A_001_phosphate_plate4.tif,60,1104.267,944,1408
8358,G3_01_1_1_Chlorophyll_A_001_phosphate_plate4.tif,54,1073.481,944,1344
8359,G3_01_1_1_Chlorophyll_A_001_phosphate_plate4.tif,1,1008.000,1008,1008
8360,G3_01_1_1_Chlorophyll_A_001_phosphate_plate4.tif,3,1040.000,960,1136
8361,G3_01_1_1_Chlorophyll_A_001_phosphate_plate4.tif,1,992.000,992,992
8362,G3_01_1_1_Chlorophyll_A_001_phosphate_plate4.tif,1,1072.000,1072,1072
8363,G3_01_1_1_Chlorophyll_A_001_phosphate_plate4.tif,1,960.000,960,960
8364,G3_01_1_1_Chlorophyll_A_001_phosphate_plate4.tif,1,944.000,944,944
8365,G3_01_1_1_Chlorophyll_A_001_phosphate_plate4.tif,1,1168.000,1168,1168
8366,G3_01_1_1_Chlorophyll_A_001_phosphate_plate4.tif,1,960.000,960,960
8367,G3_01_1_1_Chlorophyll_A_001_phosphate_plate4.tif,1,960.000,960,960
8368,G3_01_1_1_Chlorophyll_A_001_phosphate_plate4.tif,1,1024.000,1024,1024
8369,G3_01_1_1_Chlorophyll_A_001_phosphate_plate4.tif,1,976.000,976,976
8370,G3_01_1_1_Chlorophyll_A_001_phosphate_plate4.tif,1,1056.000,1056,1056
8371,G3_01_1_1_Chlorophyll_A_001_phosphate_plate4.tif,75,4115.627,944,27424
8372,G3_01_1_1_Chlorophyll_A_001_phosphate_plate4.tif,1,1072.000,1072,1072
8373,G3_01_1_1_Chlorophyll_A_001_phosphate_plate4.tif,77,4242.494,944,24432
8374,G3_01_1_1_Chlorophyll_A_001_phosphate_plate4.tif,32,1073.500,960,1264
8375,G3_01_1_1_Chlorophyll_A_001_phosphate_plate4.tif,32,1071.000,944,1440
8376,G3_01_1_1_Chlorophyll_A_001_phosphate_plate4.tif,16,1082.000,944,1328
8377,G3_01_1_1_Chlorophyll_A_001_phosphate_plate4.tif,36,1078.667,960,1488
8378,G3_01_1_1_Chlorophyll_A_001_phosphate_plate4.tif,80,1061.200,944,1360
8379,G3_01_1_1_Chlorophyll_A_001_phosphate_plate4.tif,1,1040.000,1040,1040
8380,G3_01_1_1_Chlorophyll_A_001_phosphate_plate4.tif,1,1072.000,1072,1072
8381,G3_01_1_1_Chlorophyll_A_001_phosphate_plate4.tif,11,1005.091,944,1184
8382,G3_01_1_1_Chlorophyll_A_001_phosphate_plate4.tif,1,976.000,976,976
8383,G3_01_1_1_Chlorophyll_A_001_phosphate_plate4.tif,2,1064.000,1008,1120
8384,G3_01_1_1_Chlorophyll_A_001_phosphate_plate4.tif,1,992.000,992,992
8385,G3_01_1_1_Chlorophyll_A_001_phosphate_plate4.tif,2,944.000,944,944
8386,G3_01_1_1_Chlorophyll_A_001_phosphate_plate4.tif,1,992.000,992,992
8387,G3_01_1_1_Chlorophyll_A_001_phosphate_plate4.tif,1,1008.000,1008,1008
8388,G3_01_1_1_Chlorophyll_A_001_phosphate_plate4.tif,1,944.000,944,944
8389,G3_01_1_1_Chlorophyll_A_001_phosphate_plate4.tif,1,976.000,976,976
8390,G3_01_1_1_Chlorophyll_A_001_phosphate_plate4.tif,2,992.000,976,1008
8391,G3_01_1_1_Chlorophyll_A_001_phosphate_plate4.tif,20,1146.400,992,1520
8392,G3_01_1_1_Chlorophyll_A_001_phosphate_plate4.tif,10,1019.200,944,1264
8393,G3_01_1_1_Chlorophyll_A_001_phosphate_plate4.tif,1,1200.000,1200,1200
8394,G3_01_1_1_Chlorophyll_A_001_phosphate_plate4.tif,1,1088.000,1088,1088
8395,G3_01_1_1_Chlorophyll_A_001_phosphate_plate4.tif,1,1040.000,1040,1040
8396,G3_01_1_1_Chlorophyll_A_001_phosphate_plate4.tif,2,1016.000,960,1072
8397,G3_01_1_1_Chlorophyll_A_001_phosphate_plate4.tif,1,1024.000,1024,1024
8398,G3_01_1_1_Chlorophyll_A_001_phosphate_plate4.tif,3,1029.333,976,1120
8399,G3_01_1_1_Chlorophyll_A_001_phosphate_plate4.tif,2,992.000,960,1024
8400,G3_01_1_1_Chlorophyll_A_001_phosphate_plate4.tif,9,984.889,944,1056
8401,G3_01_1_1_Chlorophyll_A_001_phosphate_plate4.tif,1,1024.000,1024,1024
8402,G3_01_1_1_Chlorophyll_A_001_phosphate_plate4.tif,1,976.000,976,976
8403,G3_01_1_1_Chlorophyll_A_001_phosphate_plate4.tif,3,986.667,960,1024
8404,G3_01_1_1_Chlorophyll_A_001_phosphate_plate4.tif,3,992.000,960,1024
8405,G3_01_1_1_Chlorophyll_A_001_phosphate_plate4.tif,1,1040.000,1040,1040
8406,G3_01_1_1_Chlorophyll_A_001_phosphate_plate4.tif,1,976.000,976,976
8407,G3_01_1_1_Chlorophyll_A_001_phosphate_plate4.tif,1,960.000,960,960
8408,G3_01_1_1_Chlorophyll_A_001_phosphate_plate4.tif,1,944.000,944,944
8409,G3_01_1_1_Chlorophyll_A_001_phosphate_plate4.tif,64,3762.000,944,13728
8410,G3_01_1_1_Chlorophyll_A_001_phosphate_plate4.tif,25,1020.160,944,1216
8411,G3_01_1_1_Chlorophyll_A_001_phosphate_plate4.tif,2,976.000,944,1008
8412,G3_01_1_1_Chlorophyll_A_001_phosphate_plate4.tif,1,992.000,992,992
8413,G3_01_1_1_Chlorophyll_A_001_phosphate_plate4.tif,1,1120.000,1120,1120
8414,G3_01_1_1_Chlorophyll_A_001_phosphate_plate4.tif,1,960.000,960,960
8415,G3_01_1_1_Chlorophyll_A_001_phosphate_plate4.tif,1,1040.000,1040,1040
8416,G3_01_1_1_Chlorophyll_A_001_phosphate_plate4.tif,1,992.000,992,992
8417,G3_01_1_1_Chlorophyll_A_001_phosphate_plate4.tif,1,944.000,944,944
8418,G3_01_1_1_Chlorophyll_A_001_phosphate_plate4.tif,184,3466.261,944,36384
8419,G3_01_1_1_Chlorophyll_A_001_phosphate_plate4.tif,1,1040.000,1040,1040
8420,G3_01_1_1_Chlorophyll_A_001_phosphate_plate4.tif,1,960.000,960,960
8421,G3_01_1_1_Chlorophyll_A_001_phosphate_plate4.tif,34,1129.882,944,1504
8422,G3_01_1_1_Chlorophyll_A_001_phosphate_plate4.tif,1,1040.000,1040,1040
8423,G3_01_1_1_Chlorophyll_A_001_phosphate_plate4.tif,1,1056.000,1056,1056
8424,G3_01_1_1_Chlorophyll_A_001_phosphate_plate4.tif,2,1088.000,1072,1104
8425,G3_01_1_1_Chlorophyll_A_001_phosphate_plate4.tif,1,960.000,960,960
8426,G3_01_1_1_Chlorophyll_A_001_phosphate_plate4.tif,10,1052.800,944,1232
8427,G3_01_1_1_Chlorophyll_A_001_phosphate_plate4.tif,2,1064.000,1056,1072
8428,G3_01_1_1_Chlorophyll_A_001_phosphate_plate4.tif,2,1072.000,992,1152
8429,G3_01_1_1_Chlorophyll_A_001_phosphate_plate4.tif,7,989.714,944,1072
8430,G3_01_1_1_Chlorophyll_A_001_phosphate_plate4.tif,2,1088.000,1056,1120
8431,G3_01_1_1_Chlorophyll_A_001_phosphate_plate4.tif,1,1024.000,1024,1024
8432,G3_01_1_1_Chlorophyll_A_001_phosphate_plate4.tif,2,1016.000,992,1040
8433,G3_01_1_1_Chlorophyll_A_001_phosphate_plate4.tif,1,960.000,960,960
8434,G3_01_1_1_Chlorophyll_A_001_phosphate_plate4.tif,1,992.000,992,992
8435,G3_01_1_1_Chlorophyll_A_001_phosphate_plate4.tif,1,1104.000,1104,1104
8436,G3_01_1_1_Chlorophyll_A_001_phosphate_plate4.tif,3,1061.333,944,1264
8437,G3_01_1_1_Chlorophyll_A_001_phosphate_plate4.tif,1,1072.000,1072,1072
8438,G3_01_1_1_Chlorophyll_A_001_phosphate_plate4.tif,1,944.000,944,944
8439,G3_01_1_1_Chlorophyll_A_001_phosphate_plate4.tif,1,960.000,960,960
8440,G3_01_1_1_Chlorophyll_A_001_phosphate_plate4.tif,1,1056.000,1056,1056
8441,G3_01_1_1_Chlorophyll_A_001_phosphate_plate4.tif,14,1132.571,944,1376
8442,G3_01_1_1_Chlorophyll_A_001_phosphate_plate4.tif,24,1076.667,960,1344
8443,G3_01_1_1_Chlorophyll_A_001_phosphate_plate4.tif,171,1057.965,944,1360
8444,G3_01_1_1_Chlorophyll_A_001_phosphate_plate4.tif,2,1016.000,976,1056
8445,G3_01_1_1_Chlorophyll_A_001_phosphate_plate4.tif,10,1024.000,944,1120
8446,G3_01_1_1_Chlorophyll_A_001_phosphate_plate4.tif,25,1027.200,944,1168
8447,G3_01_1_1_Chlorophyll_A_001_phosphate_plate4.tif,2,1000.000,944,1056
8448,G3_01_1_1_Chlorophyll_A_001_phosphate_plate4.tif,1,960.000,960,960
8449,G3_01_1_1_Chlorophyll_A_001_phosphate_plate4.tif,2,992.000,992,992
8450,G3_01_1_1_Chlorophyll_A_001_phosphate_plate4.tif,1,1040.000,1040,1040
8451,G3_01_1_1_Chlorophyll_A_001_phosphate_plate4.tif,1,976.000,976,976
8452,G3_01_1_1_Chlorophyll_A_001_phosphate_plate4.tif,1,960.000,960,960
8453,G3_01_1_1_Chlorophyll_A_001_phosphate_plate4.tif,1,944.000,944,944
8454,G3_01_1_1_Chlorophyll_A_001_phosphate_plate4.tif,97,1169.979,944,1632
8455,G3_01_1_1_Chlorophyll_A_001_phosphate_plate4.tif,1,944.000,944,944
8456,G3_01_1_1_Chlorophyll_A_001_phosphate_plate4.tif,11,1128.727,1040,1200
8457,G3_01_1_1_Chlorophyll_A_001_phosphate_plate4.tif,17,1109.647,944,1312
8458,G3_01_1_1_Chlorophyll_A_001_phosphate_plate4.tif,50,1103.680,944,1296
8459,G3_01_1_1_Chlorophyll_A_001_phosphate_plate4.tif,26,1119.385,944,1360
8460,G3_01_1_1_Chlorophyll_A_001_phosphate_plate4.tif,3,1024.000,944,1136
8461,G3_01_1_1_Chlorophyll_A_001_phosphate_plate4.tif,2,992.000,976,1008
8462,G3_01_1_1_Chlorophyll_A_001_phosphate_plate4.tif,1,992.000,992,992
8463,G3_01_1_1_Chlorophyll_A_001_phosphate_plate4.tif,2,992.000,976,1008
8464,G3_01_1_1_Chlorophyll_A_001_phosphate_plate4.tif,3,1029.333,944,1072
8465,G3_01_1_1_Chlorophyll_A_001_phosphate_plate4.tif,2,1024.000,960,1088
8466,G3_01_1_1_Chlorophyll_A_001_phosphate_plate4.tif,1,944.000,944,944
8467,G3_01_1_1_Chlorophyll_A_001_phosphate_plate4.tif,1,1024.000,1024,1024
8468,G3_01_1_1_Chlorophyll_A_001_phosphate_plate4.tif,1,944.000,944,944
8469,G3_01_1_1_Chlorophyll_A_001_phosphate_plate4.tif,1,960.000,960,960
8470,G3_01_1_1_Chlorophyll_A_001_phosphate_plate4.tif,1,1088.000,1088,1088
8471,G3_01_1_1_Chlorophyll_A_001_phosphate_plate4.tif,1,976.000,976,976
8472,G3_01_1_1_Chlorophyll_A_001_phosphate_plate4.tif,1,1040.000,1040,1040
8473,G3_01_1_1_Chlorophyll_A_001_phosphate_plate4.tif,1,976.000,976,976
8474,G3_01_1_1_Chlorophyll_A_001_phosphate_plate4.tif,1,944.000,944,944
8475,G3_01_1_1_Chlorophyll_A_001_phosphate_plate4.tif,1,944.000,944,944
8476,G3_01_1_1_Chlorophyll_A_001_phosphate_plate4.tif,1,944.000,944,944
8477,G3_01_1_1_Chlorophyll_A_001_phosphate_plate4.tif,166,4394.217,944,20704
8478,G3_01_1_1_Chlorophyll_A_001_phosphate_plate4.tif,35,1106.286,944,1360
8479,G3_01_1_1_Chlorophyll_A_001_phosphate_plate4.tif,1,944.000,944,944
8480,G3_01_1_1_Chlorophyll_A_001_phosphate_plate4.tif,45,1063.111,944,1312
8481,G3_01_1_1_Chlorophyll_A_001_phosphate_plate4.tif,1,1216.000,1216,1216
8482,G3_01_1_1_Chlorophyll_A_001_phosphate_plate4.tif,1,960.000,960,960
8483,G3_01_1_1_Chlorophyll_A_001_phosphate_plate4.tif,4,1056.000,960,1120
8484,G3_01_1_1_Chlorophyll_A_001_phosphate_plate4.tif,1,992.000,992,992
8485,G3_01_1_1_Chlorophyll_A_001_phosphate_plate4.tif,1,944.000,944,944
8486,G3_01_1_1_Chlorophyll_A_001_phosphate_plate4.tif,1,1024.000,1024,1024
8487,G3_01_1_1_Chlorophyll_A_001_phosphate_plate4.tif,1,944.000,944,944
8488,G3_01_1_1_Chlorophyll_A_001_phosphate_plate4.tif,2,952.000,944,960
8489,G3_01_1_1_Chlorophyll_A_001_phosphate_plate4.tif,1,976.000,976,976
8490,G3_01_1_1_Chlorophyll_A_001_phosphate_plate4.tif,1,960.000,960,960
8491,G3_01_1_1_Chlorophyll_A_001_phosphate_plate4.tif,1,944.000,944,944
8492,G3_01_1_1_Chlorophyll_A_001_phosphate_plate4.tif,1,992.000,992,992
8493,G3_01_1_1_Chlorophyll_A_001_phosphate_plate4.tif,1,960.000,960,960
8494,G3_01_1_1_Chlorophyll_A_001_phosphate_plate4.tif,1,1040.000,1040,1040
8495,G3_01_1_1_Chlorophyll_A_001_phosphate_plate4.tif,1,1008.000,1008,1008
8496,G3_01_1_1_Chlorophyll_A_001_phosphate_plate4.tif,1,960.000,960,960
8497,G3_01_1_1_Chlorophyll_A_001_phosphate_plate4.tif,107,5858.093,944,36880
8498,G3_01_1_1_Chlorophyll_A_001_phosphate_plate4.tif,285,2206.596,944,20320
8499,G3_01_1_1_Chlorophyll_A_001_phosphate_plate4.tif,60,1098.667,944,1440
8500,G3_01_1_1_Chlorophyll_A_001_phosphate_plate4.tif,1,960.000,960,960
8501,G3_01_1_1_Chlorophyll_A_001_phosphate_plate4.tif,5,1046.400,944,1168
8502,G3_01_1_1_Chlorophyll_A_001_phosphate_plate4.tif,1,960.000,960,960
8503,G3_01_1_1_Chlorophyll_A_001_phosphate_plate4.tif,1,992.000,992,992
8504,G3_01_1_1_Chlorophyll_A_001_phosphate_plate4.tif,1,976.000,976,976
8505,G3_01_1_1_Chlorophyll_A_001_phosphate_plate4.tif,1,992.000,992,992
8506,G3_01_1_1_Chlorophyll_A_001_phosphate_plate4.tif,1,960.000,960,960
8507,G3_01_1_1_Chlorophyll_A_001_phosphate_plate4.tif,1,960.000,960,960
8508,G3_01_1_1_Chlorophyll_A_001_phosphate_plate4.tif,2,1000.000,944,1056
8509,G3_01_1_1_Chlorophyll_A_001_phosphate_plate4.tif,3,992.000,960,1040
8510,G3_01_1_1_Chlorophyll_A_001_phosphate_plate4.tif,29,1067.034,944,1312
8511,G3_01_1_1_Chlorophyll_A_001_phosphate_plate4.tif,30,1058.667,944,1200
8512,G3_01_1_1_Chlorophyll_A_001_phosphate_plate4.tif,86,1075.907,944,1344
8513,G3_01_1_1_Chlorophyll_A_001_phosphate_plate4.tif,1,1120.000,1120,1120
8514,G3_01_1_1_Chlorophyll_A_001_phosphate_plate4.tif,2,1096.000,976,1216
8515,G3_01_1_1_Chlorophyll_A_001_phosphate_plate4.tif,1,1088.000,1088,1088
8516,G3_01_1_1_Chlorophyll_A_001_phosphate_plate4.tif,1,1024.000,1024,1024
8517,G3_01_1_1_Chlorophyll_A_001_phosphate_plate4.tif,1,960.000,960,960
8518,G3_01_1_1_Chlorophyll_A_001_phosphate_plate4.tif,1,960.000,960,960
8519,G3_01_1_1_Chlorophyll_A_001_phosphate_plate4.tif,1,1104.000,1104,1104
8520,G3_01_1_1_Chlorophyll_A_001_phosphate_plate4.tif,2,960.000,944,976
8521,G3_01_1_1_Chlorophyll_A_001_phosphate_plate4.tif,1,944.000,944,944
8522,G3_01_1_1_Chlorophyll_A_001_phosphate_plate4.tif,4,1004.000,944,1136
8523,G3_01_1_1_Chlorophyll_A_001_phosphate_plate4.tif,1,1056.000,1056,1056
8524,G3_01_1_1_Chlorophyll_A_001_phosphate_plate4.tif,1,944.000,944,944
8525,G3_01_1_1_Chlorophyll_A_001_phosphate_plate4.tif,1,992.000,992,992
8526,G3_01_1_1_Chlorophyll_A_001_phosphate_plate4.tif,2,968.000,960,976
8527,G3_01_1_1_Chlorophyll_A_001_phosphate_plate4.tif,1,944.000,944,944
8528,G3_01_1_1_Chlorophyll_A_001_phosphate_plate4.tif,1,1040.000,1040,1040
8529,G3_01_1_1_Chlorophyll_A_001_phosphate_plate4.tif,37,1128.649,944,1392
8530,G3_01_1_1_Chlorophyll_A_001_phosphate_plate4.tif,55,1102.545,944,1392
8531,G3_01_1_1_Chlorophyll_A_001_phosphate_plate4.tif,9,1107.556,960,1408
8532,G3_01_1_1_Chlorophyll_A_001_phosphate_plate4.tif,720,3073.067,944,34224
8533,G3_01_1_1_Chlorophyll_A_001_phosphate_plate4.tif,1,1152.000,1152,1152
8534,G3_01_1_1_Chlorophyll_A_001_phosphate_plate4.tif,1,1024.000,1024,1024
8535,G3_01_1_1_Chlorophyll_A_001_phosphate_plate4.tif,1,1024.000,1024,1024
8536,G3_01_1_1_Chlorophyll_A_001_phosphate_plate4.tif,1,1200.000,1200,1200
8537,G3_01_1_1_Chlorophyll_A_001_phosphate_plate4.tif,1,944.000,944,944
8538,G3_01_1_1_Chlorophyll_A_001_phosphate_plate4.tif,1,976.000,976,976
8539,G3_01_1_1_Chlorophyll_A_001_phosphate_plate4.tif,8,1000.000,944,1088
8540,G3_01_1_1_Chlorophyll_A_001_phosphate_plate4.tif,2,1008.000,1008,1008
8541,G3_01_1_1_Chlorophyll_A_001_phosphate_plate4.tif,1,976.000,976,976
8542,G3_01_1_1_Chlorophyll_A_001_phosphate_plate4.tif,1,960.000,960,960
8543,G3_01_1_1_Chlorophyll_A_001_phosphate_plate4.tif,118,5259.390,944,29328
8544,G3_01_1_1_Chlorophyll_A_001_phosphate_plate4.tif,1,976.000,976,976
8545,G3_01_1_1_Chlorophyll_A_001_phosphate_plate4.tif,1,944.000,944,944
8546,G3_01_1_1_Chlorophyll_A_001_phosphate_plate4.tif,1,944.000,944,944
8547,G3_01_1_1_Chlorophyll_A_001_phosphate_plate4.tif,27,1083.259,944,1424
8548,G3_01_1_1_Chlorophyll_A_001_phosphate_plate4.tif,1,944.000,944,944
8549,G3_01_1_1_Chlorophyll_A_001_phosphate_plate4.tif,3,1104.000,992,1328
8550,G3_01_1_1_Chlorophyll_A_001_phosphate_plate4.tif,1,1104.000,1104,1104
8551,G3_01_1_1_Chlorophyll_A_001_phosphate_plate4.tif,2,952.000,944,960
8552,G3_01_1_1_Chlorophyll_A_001_phosphate_plate4.tif,1,976.000,976,976
8553,G3_01_1_1_Chlorophyll_A_001_phosphate_plate4.tif,1,1120.000,1120,1120
8554,G3_01_1_1_Chlorophyll_A_001_phosphate_plate4.tif,1,1200.000,1200,1200
8555,G3_01_1_1_Chlorophyll_A_001_phosphate_plate4.tif,1,992.000,992,992
8556,G3_01_1_1_Chlorophyll_A_001_phosphate_plate4.tif,1,1040.000,1040,1040
8557,G3_01_1_1_Chlorophyll_A_001_phosphate_plate4.tif,2,960.000,960,960
8558,G3_01_1_1_Chlorophyll_A_001_phosphate_plate4.tif,1,992.000,992,992
8559,G3_01_1_1_Chlorophyll_A_001_phosphate_plate4.tif,3,1013.333,960,1056
8560,G3_01_1_1_Chlorophyll_A_001_phosphate_plate4.tif,1,1200.000,1200,1200
8561,G3_01_1_1_Chlorophyll_A_001_phosphate_plate4.tif,1,944.000,944,944
8562,G3_01_1_1_Chlorophyll_A_001_phosphate_plate4.tif,1,992.000,992,992
8563,G3_01_1_1_Chlorophyll_A_001_phosphate_plate4.tif,1,976.000,976,976
8564,G3_01_1_1_Chlorophyll_A_001_phosphate_plate4.tif,1,944.000,944,944
8565,G3_01_1_1_Chlorophyll_A_001_phosphate_plate4.tif,1,944.000,944,944
8566,G3_01_1_1_Chlorophyll_A_001_phosphate_plate4.tif,1,1008.000,1008,1008
8567,G3_01_1_1_Chlorophyll_A_001_phosphate_plate4.tif,1,960.000,960,960
8568,G3_01_1_1_Chlorophyll_A_001_phosphate_plate4.tif,1,992.000,992,992
8569,G3_01_1_1_Chlorophyll_A_001_phosphate_plate4.tif,1,944.000,944,944
8570,G3_01_1_1_Chlorophyll_A_001_phosphate_plate4.tif,55,1109.818,944,1376
8571,G3_01_1_1_Chlorophyll_A_001_phosphate_plate4.tif,17,1083.294,944,1360
8572,G3_01_1_1_Chlorophyll_A_001_phosphate_plate4.tif,2,992.000,944,1040
8573,G3_01_1_1_Chlorophyll_A_001_phosphate_plate4.tif,1,1184.000,1184,1184
8574,G3_01_1_1_Chlorophyll_A_001_phosphate_plate4.tif,1,976.000,976,976
8575,G3_01_1_1_Chlorophyll_A_001_phosphate_plate4.tif,1,992.000,992,992
8576,G3_01_1_1_Chlorophyll_A_001_phosphate_plate4.tif,1,960.000,960,960
8577,G3_01_1_1_Chlorophyll_A_001_phosphate_plate4.tif,4,996.000,944,1056
8578,G3_01_1_1_Chlorophyll_A_001_phosphate_plate4.tif,2,1016.000,992,1040
8579,G3_01_1_1_Chlorophyll_A_001_phosphate_plate4.tif,1,1184.000,1184,1184
8580,G3_01_1_1_Chlorophyll_A_001_phosphate_plate4.tif,1,944.000,944,944
8581,G3_01_1_1_Chlorophyll_A_001_phosphate_plate4.tif,1,1120.000,1120,1120
8582,G3_01_1_1_Chlorophyll_A_001_phosphate_plate4.tif,2,1024.000,992,1056
8583,G3_01_1_1_Chlorophyll_A_001_phosphate_plate4.tif,1,960.000,960,960
8584,G3_01_1_1_Chlorophyll_A_001_phosphate_plate4.tif,1,960.000,960,960
8585,G3_01_1_1_Chlorophyll_A_001_phosphate_plate4.tif,2,1008.000,944,1072
8586,G3_01_1_1_Chlorophyll_A_001_phosphate_plate4.tif,24,1094.667,944,1440
8587,G3_01_1_1_Chlorophyll_A_001_phosphate_plate4.tif,19,1107.368,944,1344
8588,G3_01_1_1_Chlorophyll_A_001_phosphate_plate4.tif,47,1070.638,944,1344
8589,G3_01_1_1_Chlorophyll_A_001_phosphate_plate4.tif,36,1076.444,944,1264
8590,G3_01_1_1_Chlorophyll_A_001_phosphate_plate4.tif,2,1008.000,992,1024
8591,G3_01_1_1_Chlorophyll_A_001_phosphate_plate4.tif,24,1021.333,944,1312
8592,G3_01_1_1_Chlorophyll_A_001_phosphate_plate4.tif,4,988.000,960,1008
8593,G3_01_1_1_Chlorophyll_A_001_phosphate_plate4.tif,2,992.000,960,1024
8594,G3_01_1_1_Chlorophyll_A_001_phosphate_plate4.tif,4,964.000,944,976
8595,G3_01_1_1_Chlorophyll_A_001_phosphate_plate4.tif,1,1056.000,1056,1056
8596,G3_01_1_1_Chlorophyll_A_001_phosphate_plate4.tif,2,1088.000,1056,1120
8597,G3_01_1_1_Chlorophyll_A_001_phosphate_plate4.tif,4,988.000,944,1056
8598,G3_01_1_1_Chlorophyll_A_001_phosphate_plate4.tif,1,1008.000,1008,1008
8599,G3_01_1_1_Chlorophyll_A_001_phosphate_plate4.tif,2,984.000,944,1024
8600,G3_01_1_1_Chlorophyll_A_001_phosphate_plate4.tif,1,1136.000,1136,1136
8601,G3_01_1_1_Chlorophyll_A_001_phosphate_plate4.tif,6,1005.333,944,1072
8602,G3_01_1_1_Chlorophyll_A_001_phosphate_plate4.tif,1,976.000,976,976
8603,G3_01_1_1_Chlorophyll_A_001_phosphate_plate4.tif,1,960.000,960,960
8604,G3_01_1_1_Chlorophyll_A_001_phosphate_plate4.tif,1,1024.000,1024,1024
8605,G3_01_1_1_Chlorophyll_A_001_phosphate_plate4.tif,2,968.000,944,992
8606,G3_01_1_1_Chlorophyll_A_001_phosphate_plate4.tif,1,960.000,960,960
8607,G3_01_1_1_Chlorophyll_A_001_phosphate_plate4.tif,1,992.000,992,992
8608,G3_01_1_1_Chlorophyll_A_001_phosphate_plate4.tif,1,1008.000,1008,1008
8609,G3_01_1_1_Chlorophyll_A_001_phosphate_plate4.tif,1,960.000,960,960
8610,G3_01_1_1_Chlorophyll_A_001_phosphate_plate4.tif,1,992.000,992,992
8611,G3_01_1_1_Chlorophyll_A_001_phosphate_plate4.tif,1,992.000,992,992
8612,G3_01_1_1_Chlorophyll_A_001_phosphate_plate4.tif,1,944.000,944,944
8613,G3_01_1_1_Chlorophyll_A_001_phosphate_plate4.tif,17,1076.706,944,1216
8614,G3_01_1_1_Chlorophyll_A_001_phosphate_plate4.tif,6,1005.333,976,1040
8615,G3_01_1_1_Chlorophyll_A_001_phosphate_plate4.tif,9,1006.222,944,1104
8616,G3_01_1_1_Chlorophyll_A_001_phosphate_plate4.tif,1,1136.000,1136,1136
8617,G3_01_1_1_Chlorophyll_A_001_phosphate_plate4.tif,1,992.000,992,992
8618,G3_01_1_1_Chlorophyll_A_001_phosphate_plate4.tif,1,992.000,992,992
8619,G3_01_1_1_Chlorophyll_A_001_phosphate_plate4.tif,1,992.000,992,992
8620,G3_01_1_1_Chlorophyll_A_001_phosphate_plate4.tif,1,1008.000,1008,1008
8621,G3_01_1_1_Chlorophyll_A_001_phosphate_plate4.tif,1,1184.000,1184,1184
8622,G3_01_1_1_Chlorophyll_A_001_phosphate_plate4.tif,2,1024.000,944,1104
8623,G3_01_1_1_Chlorophyll_A_001_phosphate_plate4.tif,1,1024.000,1024,1024
8624,G3_01_1_1_Chlorophyll_A_001_phosphate_plate4.tif,1,1088.000,1088,1088
8625,G3_01_1_1_Chlorophyll_A_001_phosphate_plate4.tif,1,976.000,976,976
8626,G3_01_1_1_Chlorophyll_A_001_phosphate_plate4.tif,1,992.000,992,992
8627,G3_01_1_1_Chlorophyll_A_001_phosphate_plate4.tif,1,1072.000,1072,1072
8628,G3_01_1_1_Chlorophyll_A_001_phosphate_plate4.tif,150,2344.320,944,14928
8629,G3_01_1_1_Chlorophyll_A_001_phosphate_plate4.tif,16,1133.000,944,1424
8630,G3_01_1_1_Chlorophyll_A_001_phosphate_plate4.tif,1,992.000,992,992
8631,G3_01_1_1_Chlorophyll_A_001_phosphate_plate4.tif,4,1028.000,976,1104
8632,G3_01_1_1_Chlorophyll_A_001_phosphate_plate4.tif,4,1036.000,960,1216
8633,G3_01_1_1_Chlorophyll_A_001_phosphate_plate4.tif,2,1024.000,976,1072
8634,G3_01_1_1_Chlorophyll_A_001_phosphate_plate4.tif,1,944.000,944,944
8635,G3_01_1_1_Chlorophyll_A_001_phosphate_plate4.tif,3,1040.000,976,1152
8636,G3_01_1_1_Chlorophyll_A_001_phosphate_plate4.tif,2,1008.000,960,1056
8637,G3_01_1_1_Chlorophyll_A_001_phosphate_plate4.tif,4,984.000,944,1056
8638,G3_01_1_1_Chlorophyll_A_001_phosphate_plate4.tif,1,992.000,992,992
8639,G3_01_1_1_Chlorophyll_A_001_phosphate_plate4.tif,1,1040.000,1040,1040
8640,G3_01_1_1_Chlorophyll_A_001_phosphate_plate4.tif,1,976.000,976,976
8641,G3_01_1_1_Chlorophyll_A_001_phosphate_plate4.tif,1,1072.000,1072,1072
8642,G3_01_1_1_Chlorophyll_A_001_phosphate_plate4.tif,98,4470.531,944,26160
8643,G3_01_1_1_Chlorophyll_A_001_phosphate_plate4.tif,3,1018.667,976,1056
8644,G3_01_1_1_Chlorophyll_A_001_phosphate_plate4.tif,1,1040.000,1040,1040
8645,G3_01_1_1_Chlorophyll_A_001_phosphate_plate4.tif,1,960.000,960,960
8646,G3_01_1_1_Chlorophyll_A_001_phosphate_plate4.tif,1,944.000,944,944
8647,G3_01_1_1_Chlorophyll_A_001_phosphate_plate4.tif,4,1012.000,944,1136
8648,G3_01_1_1_Chlorophyll_A_001_phosphate_plate4.tif,1,1024.000,1024,1024
8649,G3_01_1_1_Chlorophyll_A_001_phosphate_plate4.tif,70,3915.200,944,24128
8650,G3_01_1_1_Chlorophyll_A_001_phosphate_plate4.tif,1,944.000,944,944
8651,G3_01_1_1_Chlorophyll_A_001_phosphate_plate4.tif,3,1024.000,1008,1040
8652,G3_01_1_1_Chlorophyll_A_001_phosphate_plate4.tif,5,1008.000,960,1088
8653,G3_01_1_1_Chlorophyll_A_001_phosphate_plate4.tif,1,976.000,976,976
8654,G3_01_1_1_Chlorophyll_A_001_phosphate_plate4.tif,1,944.000,944,944
8655,G3_01_1_1_Chlorophyll_A_001_phosphate_plate4.tif,1,992.000,992,992
8656,G3_01_1_1_Chlorophyll_A_001_phosphate_plate4.tif,1,1072.000,1072,1072
8657,G3_01_1_1_Chlorophyll_A_001_phosphate_plate4.tif,1,1024.000,1024,1024
8658,G3_01_1_1_Chlorophyll_A_001_phosphate_plate4.tif,9,1066.667,976,1152
8659,G3_01_1_1_Chlorophyll_A_001_phosphate_plate4.tif,1,960.000,960,960
8660,G3_01_1_1_Chlorophyll_A_001_phosphate_plate4.tif,8,1016.000,976,1088
8661,G3_01_1_1_Chlorophyll_A_001_phosphate_plate4.tif,1,1088.000,1088,1088
8662,G3_01_1_1_Chlorophyll_A_001_phosphate_plate4.tif,1,976.000,976,976
8663,G3_01_1_1_Chlorophyll_A_001_phosphate_plate4.tif,1,944.000,944,944
8664,G3_01_1_1_Chlorophyll_A_001_phosphate_plate4.tif,3,986.667,944,1056
8665,G3_01_1_1_Chlorophyll_A_001_phosphate_plate4.tif,1,992.000,992,992
8666,G3_01_1_1_Chlorophyll_A_001_phosphate_plate4.tif,2,1040.000,992,1088
8667,G3_01_1_1_Chlorophyll_A_001_phosphate_plate4.tif,1,976.000,976,976
8668,G3_01_1_1_Chlorophyll_A_001_phosphate_plate4.tif,1,960.000,960,960
8669,G3_01_1_1_Chlorophyll_A_001_phosphate_plate4.tif,1,992.000,992,992
8670,G3_01_1_1_Chlorophyll_A_001_phosphate_plate4.tif,1,976.000,976,976
8671,G3_01_1_1_Chlorophyll_A_001_phosphate_plate4.tif,84,5306.476,960,31520
8672,G3_01_1_1_Chlorophyll_A_001_phosphate_plate4.tif,1,960.000,960,960
8673,G3_01_1_1_Chlorophyll_A_001_phosphate_plate4.tif,56,1093.143,944,1376
8674,G3_01_1_1_Chlorophyll_A_001_phosphate_plate4.tif,50,1081.280,944,1392
8675,G3_01_1_1_Chlorophyll_A_001_phosphate_plate4.tif,7,985.143,944,1040
8676,G3_01_1_1_Chlorophyll_A_001_phosphate_plate4.tif,1,1120.000,1120,1120
8677,G3_01_1_1_Chlorophyll_A_001_phosphate_plate4.tif,1,944.000,944,944
8678,G3_01_1_1_Chlorophyll_A_001_phosphate_plate4.tif,1,944.000,944,944
8679,G3_01_1_1_Chlorophyll_A_001_phosphate_plate4.tif,1,976.000,976,976
8680,G3_01_1_1_Chlorophyll_A_001_phosphate_plate4.tif,348,3217.977,944,32080
8681,G3_01_1_1_Chlorophyll_A_001_phosphate_plate4.tif,1,1008.000,1008,1008
8682,G3_01_1_1_Chlorophyll_A_001_phosphate_plate4.tif,2,1000.000,944,1056
8683,G3_01_1_1_Chlorophyll_A_001_phosphate_plate4.tif,1,960.000,960,960
8684,G3_01_1_1_Chlorophyll_A_001_phosphate_plate4.tif,1,1088.000,1088,1088
8685,G3_01_1_1_Chlorophyll_A_001_phosphate_plate4.tif,1,960.000,960,960
8686,G3_01_1_1_Chlorophyll_A_001_phosphate_plate4.tif,1,976.000,976,976
8687,G3_01_1_1_Chlorophyll_A_001_phosphate_plate4.tif,68,1212.471,944,2016
8688,G3_01_1_1_Chlorophyll_A_001_phosphate_plate4.tif,16,1094.000,960,1296
8689,G3_01_1_1_Chlorophyll_A_001_phosphate_plate4.tif,53,1135.396,944,1504
8690,G3_01_1_1_Chlorophyll_A_001_phosphate_plate4.tif,51,1092.078,944,1360
8691,G3_01_1_1_Chlorophyll_A_001_phosphate_plate4.tif,18,1086.222,944,1280
8692,G3_01_1_1_Chlorophyll_A_001_phosphate_plate4.tif,1,1056.000,1056,1056
8693,G3_01_1_1_Chlorophyll_A_001_phosphate_plate4.tif,1,1152.000,1152,1152
8694,G3_01_1_1_Chlorophyll_A_001_phosphate_plate4.tif,1,944.000,944,944
8695,G3_01_1_1_Chlorophyll_A_001_phosphate_plate4.tif,3,1045.333,976,1104
8696,G3_01_1_1_Chlorophyll_A_001_phosphate_plate4.tif,1,1104.000,1104,1104
8697,G3_01_1_1_Chlorophyll_A_001_phosphate_plate4.tif,2,984.000,976,992
8698,G3_01_1_1_Chlorophyll_A_001_phosphate_plate4.tif,1,960.000,960,960
8699,G3_01_1_1_Chlorophyll_A_001_phosphate_plate4.tif,2,984.000,960,1008
8700,G3_01_1_1_Chlorophyll_A_001_phosphate_plate4.tif,1,976.000,976,976
8701,G3_01_1_1_Chlorophyll_A_001_phosphate_plate4.tif,1,1072.000,1072,1072
8702,G3_01_1_1_Chlorophyll_A_001_phosphate_plate4.tif,2,976.000,944,1008
8703,G3_01_1_1_Chlorophyll_A_001_phosphate_plate4.tif,1,976.000,976,976
8704,G3_01_1_1_Chlorophyll_A_001_phosphate_plate4.tif,1,976.000,976,976
8705,G3_01_1_1_Chlorophyll_A_001_phosphate_plate4.tif,22,1079.273,960,1232
8706,G3_01_1_1_Chlorophyll_A_001_phosphate_plate4.tif,21,1132.952,944,1440
8707,G3_01_1_1_Chlorophyll_A_001_phosphate_plate4.tif,57,1122.807,944,1408
8708,G3_01_1_1_Chlorophyll_A_001_phosphate_plate4.tif,1,1008.000,1008,1008
8709,G3_01_1_1_Chlorophyll_A_001_phosphate_plate4.tif,4,1004.000,944,1072
8710,G3_01_1_1_Chlorophyll_A_001_phosphate_plate4.tif,1,1184.000,1184,1184
8711,G3_01_1_1_Chlorophyll_A_001_phosphate_plate4.tif,1,944.000,944,944
8712,G3_01_1_1_Chlorophyll_A_001_phosphate_plate4.tif,3,965.333,944,976
8713,G3_01_1_1_Chlorophyll_A_001_phosphate_plate4.tif,1,944.000,944,944
8714,G3_01_1_1_Chlorophyll_A_001_phosphate_plate4.tif,2,968.000,944,992
8715,G3_01_1_1_Chlorophyll_A_001_phosphate_plate4.tif,2,1000.000,976,1024
8716,G3_01_1_1_Chlorophyll_A_001_phosphate_plate4.tif,2,1008.000,992,1024
8717,G3_01_1_1_Chlorophyll_A_001_phosphate_plate4.tif,1,944.000,944,944
8718,G3_01_1_1_Chlorophyll_A_001_phosphate_plate4.tif,1,992.000,992,992
8719,G3_01_1_1_Chlorophyll_A_001_phosphate_plate4.tif,2,1000.000,976,1024
8720,G3_01_1_1_Chlorophyll_A_001_phosphate_plate4.tif,33,1330.909,944,1744
8721,G3_01_1_1_Chlorophyll_A_001_phosphate_plate4.tif,1,944.000,944,944
8722,G3_01_1_1_Chlorophyll_A_001_phosphate_plate4.tif,1,992.000,992,992
8723,G3_01_1_1_Chlorophyll_A_001_phosphate_plate4.tif,38,1104.000,944,1456
8724,G3_01_1_1_Chlorophyll_A_001_phosphate_plate4.tif,25,1101.440,944,1376
8725,G3_01_1_1_Chlorophyll_A_001_phosphate_plate4.tif,3,1040.000,992,1136
8726,G3_01_1_1_Chlorophyll_A_001_phosphate_plate4.tif,6,997.333,944,1072
8727,G3_01_1_1_Chlorophyll_A_001_phosphate_plate4.tif,2,976.000,944,1008
8728,G3_01_1_1_Chlorophyll_A_001_phosphate_plate4.tif,2,1032.000,1008,1056
8729,G3_01_1_1_Chlorophyll_A_001_phosphate_plate4.tif,2,1056.000,1040,1072
8730,G3_01_1_1_Chlorophyll_A_001_phosphate_plate4.tif,1,992.000,992,992
8731,G3_01_1_1_Chlorophyll_A_001_phosphate_plate4.tif,1,944.000,944,944
8732,G3_01_1_1_Chlorophyll_A_001_phosphate_plate4.tif,4,1016.000,992,1056
8733,G3_01_1_1_Chlorophyll_A_001_phosphate_plate4.tif,1,1088.000,1088,1088
8734,G3_01_1_1_Chlorophyll_A_001_phosphate_plate4.tif,1,1056.000,1056,1056
8735,G3_01_1_1_Chlorophyll_A_001_phosphate_plate4.tif,1,1072.000,1072,1072
8736,G3_01_1_1_Chlorophyll_A_001_phosphate_plate4.tif,82,3771.122,944,20640
8737,G3_01_1_1_Chlorophyll_A_001_phosphate_plate4.tif,1,960.000,960,960
8738,G3_01_1_1_Chlorophyll_A_001_phosphate_plate4.tif,2,992.000,976,1008
8739,G3_01_1_1_Chlorophyll_A_001_phosphate_plate4.tif,1,976.000,976,976
8740,G3_01_1_1_Chlorophyll_A_001_phosphate_plate4.tif,70,3772.571,944,13552
8741,G3_01_1_1_Chlorophyll_A_001_phosphate_plate4.tif,12,1101.333,960,1264
8742,G3_01_1_1_Chlorophyll_A_001_phosphate_plate4.tif,32,1122.500,944,1424
8743,G3_01_1_1_Chlorophyll_A_001_phosphate_plate4.tif,38,1085.474,944,1280
8744,G3_01_1_1_Chlorophyll_A_001_phosphate_plate4.tif,3,1093.333,944,1184
8745,G3_01_1_1_Chlorophyll_A_001_phosphate_plate4.tif,16,1072.000,944,1216
8746,G3_01_1_1_Chlorophyll_A_001_phosphate_plate4.tif,1,944.000,944,944
8747,G3_01_1_1_Chlorophyll_A_001_phosphate_plate4.tif,4,1028.000,960,1184
8748,G3_01_1_1_Chlorophyll_A_001_phosphate_plate4.tif,2,984.000,976,992
8749,G3_01_1_1_Chlorophyll_A_001_phosphate_plate4.tif,2,1096.000,992,1200
8750,G3_01_1_1_Chlorophyll_A_001_phosphate_plate4.tif,1,976.000,976,976
8751,G3_01_1_1_Chlorophyll_A_001_phosphate_plate4.tif,1,960.000,960,960
8752,G3_01_1_1_Chlorophyll_A_001_phosphate_plate4.tif,2,976.000,960,992
8753,G3_01_1_1_Chlorophyll_A_001_phosphate_plate4.tif,1,1104.000,1104,1104
8754,G3_01_1_1_Chlorophyll_A_001_phosphate_plate4.tif,1,944.000,944,944
8755,G3_01_1_1_Chlorophyll_A_001_phosphate_plate4.tif,1,944.000,944,944
8756,G3_01_1_1_Chlorophyll_A_001_phosphate_plate4.tif,1,992.000,992,992
8757,G3_01_1_1_Chlorophyll_A_001_phosphate_plate4.tif,1,992.000,992,992
8758,G3_01_1_1_Chlorophyll_A_001_phosphate_plate4.tif,1,944.000,944,944
8759,G3_01_1_1_Chlorophyll_A_001_phosphate_plate4.tif,259,1236.819,944,1808
8760,G3_01_1_1_Chlorophyll_A_001_phosphate_plate4.tif,1,976.000,976,976
8761,G3_01_1_1_Chlorophyll_A_001_phosphate_plate4.tif,44,1082.182,944,1264
8762,G3_01_1_1_Chlorophyll_A_001_phosphate_plate4.tif,1,992.000,992,992
8763,G3_01_1_1_Chlorophyll_A_001_phosphate_plate4.tif,6,1016.000,944,1088
8764,G3_01_1_1_Chlorophyll_A_001_phosphate_plate4.tif,1,1008.000,1008,1008
8765,G3_01_1_1_Chlorophyll_A_001_phosphate_plate4.tif,1,1056.000,1056,1056
8766,G3_01_1_1_Chlorophyll_A_001_phosphate_plate4.tif,1,1024.000,1024,1024
8767,G3_01_1_1_Chlorophyll_A_001_phosphate_plate4.tif,3,960.000,944,976
8768,G3_01_1_1_Chlorophyll_A_001_phosphate_plate4.tif,1,960.000,960,960
8769,G3_01_1_1_Chlorophyll_A_001_phosphate_plate4.tif,1,1008.000,1008,1008
8770,G3_01_1_1_Chlorophyll_A_001_phosphate_plate4.tif,1,944.000,944,944
8771,G3_01_1_1_Chlorophyll_A_001_phosphate_plate4.tif,3,997.333,960,1056
8772,G3_01_1_1_Chlorophyll_A_001_phosphate_plate4.tif,1,1008.000,1008,1008
8773,G3_01_1_1_Chlorophyll_A_001_phosphate_plate4.tif,1,1056.000,1056,1056
8774,G3_01_1_1_Chlorophyll_A_001_phosphate_plate4.tif,1,960.000,960,960
8775,G3_01_1_1_Chlorophyll_A_001_phosphate_plate4.tif,267,1040.599,944,1264
8776,G3_01_1_1_Chlorophyll_A_001_phosphate_plate4.tif,5,1024.000,944,1152
8777,G3_01_1_1_Chlorophyll_A_001_phosphate_plate4.tif,14,1043.429,944,1216
8778,G3_01_1_1_Chlorophyll_A_001_phosphate_plate4.tif,1,960.000,960,960
8779,G3_01_1_1_Chlorophyll_A_001_phosphate_plate4.tif,1,1008.000,1008,1008
8780,G3_01_1_1_Chlorophyll_A_001_phosphate_plate4.tif,1,992.000,992,992
8781,G3_01_1_1_Chlorophyll_A_001_phosphate_plate4.tif,1,944.000,944,944
8782,G3_01_1_1_Chlorophyll_A_001_phosphate_plate4.tif,1,1072.000,1072,1072
8783,G3_01_1_1_Chlorophyll_A_001_phosphate_plate4.tif,1,944.000,944,944
8784,G3_01_1_1_Chlorophyll_A_001_phosphate_plate4.tif,1,960.000,960,960
8785,G3_01_1_1_Chlorophyll_A_001_phosphate_plate4.tif,1,960.000,960,960
8786,G3_01_1_1_Chlorophyll_A_001_phosphate_plate4.tif,1,944.000,944,944
8787,G3_01_1_1_Chlorophyll_A_001_phosphate_plate4.tif,1,1040.000,1040,1040
8788,G3_01_1_1_Chlorophyll_A_001_phosphate_plate4.tif,176,5163.364,960,30144
8789,G3_01_1_1_Chlorophyll_A_001_phosphate_plate4.tif,22,1089.455,944,1200
8790,G3_01_1_1_Chlorophyll_A_001_phosphate_plate4.tif,25,1057.280,944,1248
8791,G3_01_1_1_Chlorophyll_A_001_phosphate_plate4.tif,45,1104.711,944,1344
8792,G3_01_1_1_Chlorophyll_A_001_phosphate_plate4.tif,2,1064.000,1040,1088
8793,G3_01_1_1_Chlorophyll_A_001_phosphate_plate4.tif,1,1136.000,1136,1136
8794,G3_01_1_1_Chlorophyll_A_001_phosphate_plate4.tif,6,1045.333,976,1152
8795,G3_01_1_1_Chlorophyll_A_001_phosphate_plate4.tif,1,1072.000,1072,1072
8796,G3_01_1_1_Chlorophyll_A_001_phosphate_plate4.tif,9,1009.778,944,1152
8797,G3_01_1_1_Chlorophyll_A_001_phosphate_plate4.tif,5,969.600,944,1008
8798,G3_01_1_1_Chlorophyll_A_001_phosphate_plate4.tif,1,1056.000,1056,1056
8799,G3_01_1_1_Chlorophyll_A_001_phosphate_plate4.tif,1,944.000,944,944
8800,G3_01_1_1_Chlorophyll_A_001_phosphate_plate4.tif,1,944.000,944,944
8801,G3_01_1_1_Chlorophyll_A_001_phosphate_plate4.tif,2,992.000,960,1024
8802,G3_01_1_1_Chlorophyll_A_001_phosphate_plate4.tif,81,3825.185,944,27376
8803,G3_01_1_1_Chlorophyll_A_001_phosphate_plate4.tif,1,944.000,944,944
8804,G3_01_1_1_Chlorophyll_A_001_phosphate_plate4.tif,1,1072.000,1072,1072
8805,G3_01_1_1_Chlorophyll_A_001_phosphate_plate4.tif,1,992.000,992,992
8806,G3_01_1_1_Chlorophyll_A_001_phosphate_plate4.tif,25,1152.000,944,1584
8807,G3_01_1_1_Chlorophyll_A_001_phosphate_plate4.tif,1,960.000,960,960
8808,G3_01_1_1_Chlorophyll_A_001_phosphate_plate4.tif,132,5778.061,944,32480
8809,G3_01_1_1_Chlorophyll_A_001_phosphate_plate4.tif,1,960.000,960,960
8810,G3_01_1_1_Chlorophyll_A_001_phosphate_plate4.tif,1,944.000,944,944
8811,G3_01_1_1_Chlorophyll_A_001_phosphate_plate4.tif,1,976.000,976,976
8812,G3_01_1_1_Chlorophyll_A_001_phosphate_plate4.tif,107,5961.121,944,32432
8813,G3_01_1_1_Chlorophyll_A_001_phosphate_plate4.tif,30,1095.467,944,1408
8814,G3_01_1_1_Chlorophyll_A_001_phosphate_plate4.tif,24,1122.667,944,1392
8815,G3_01_1_1_Chlorophyll_A_001_phosphate_plate4.tif,3,1088.000,1024,1200
8816,G3_01_1_1_Chlorophyll_A_001_phosphate_plate4.tif,1,1008.000,1008,1008
8817,G3_01_1_1_Chlorophyll_A_001_phosphate_plate4.tif,1,944.000,944,944
8818,G3_01_1_1_Chlorophyll_A_001_phosphate_plate4.tif,1,1024.000,1024,1024
8819,G3_01_1_1_Chlorophyll_A_001_phosphate_plate4.tif,1,1104.000,1104,1104
8820,G3_01_1_1_Chlorophyll_A_001_phosphate_plate4.tif,1,944.000,944,944
8821,G3_01_1_1_Chlorophyll_A_001_phosphate_plate4.tif,1,944.000,944,944
8822,G3_01_1_1_Chlorophyll_A_001_phosphate_plate4.tif,1,1024.000,1024,1024
8823,G3_01_1_1_Chlorophyll_A_001_phosphate_plate4.tif,1,1152.000,1152,1152
8824,G3_01_1_1_Chlorophyll_A_001_phosphate_plate4.tif,1,1040.000,1040,1040
8825,G3_01_1_1_Chlorophyll_A_001_phosphate_plate4.tif,1,976.000,976,976
8826,G3_01_1_1_Chlorophyll_A_001_phosphate_plate4.tif,1,992.000,992,992
8827,G3_01_1_1_Chlorophyll_A_001_phosphate_plate4.tif,2,984.000,976,992
8828,G3_01_1_1_Chlorophyll_A_001_phosphate_plate4.tif,1,976.000,976,976
8829,G3_01_1_1_Chlorophyll_A_001_phosphate_plate4.tif,1,1024.000,1024,1024
8830,G3_01_1_1_Chlorophyll_A_001_phosphate_plate4.tif,1,944.000,944,944
8831,G3_01_1_1_Chlorophyll_A_001_phosphate_plate4.tif,33,1084.606,960,1296
8832,G3_01_1_1_Chlorophyll_A_001_phosphate_plate4.tif,24,1125.333,960,1408
8833,G3_01_1_1_Chlorophyll_A_001_phosphate_plate4.tif,78,1065.436,944,1408
8834,G3_01_1_1_Chlorophyll_A_001_phosphate_plate4.tif,1,1024.000,1024,1024
8835,G3_01_1_1_Chlorophyll_A_001_phosphate_plate4.tif,1,976.000,976,976
8836,G3_01_1_1_Chlorophyll_A_001_phosphate_plate4.tif,122,4209.311,944,24096
8837,G3_01_1_1_Chlorophyll_A_001_phosphate_plate4.tif,1,960.000,960,960
8838,G3_01_1_1_Chlorophyll_A_001_phosphate_plate4.tif,72,3728.222,944,19424
8839,G3_01_1_1_Chlorophyll_A_001_phosphate_plate4.tif,69,4273.391,944,24832
8840,G3_01_1_1_Chlorophyll_A_001_phosphate_plate4.tif,359,2192.357,944,19168
8841,G3_01_1_1_Chlorophyll_A_001_phosphate_plate4.tif,14,1048.000,960,1248
8842,G3_01_1_1_Chlorophyll_A_001_phosphate_plate4.tif,29,1116.690,944,1312
8843,G3_01_1_1_Chlorophyll_A_001_phosphate_plate4.tif,19,1112.421,944,1408
8844,G3_01_1_1_Chlorophyll_A_001_phosphate_plate4.tif,3,1050.667,1024,1088
8845,G3_01_1_1_Chlorophyll_A_001_phosphate_plate4.tif,1,944.000,944,944
8846,G3_01_1_1_Chlorophyll_A_001_phosphate_plate4.tif,2,1016.000,944,1088
8847,G3_01_1_1_Chlorophyll_A_001_phosphate_plate4.tif,70,1022.629,944,1344
8848,G3_01_1_1_Chlorophyll_A_001_phosphate_plate4.tif,2,984.000,960,1008
8849,G3_01_1_1_Chlorophyll_A_001_phosphate_plate4.tif,1,1008.000,1008,1008
8850,G3_01_1_1_Chlorophyll_A_001_phosphate_plate4.tif,1,1040.000,1040,1040
8851,G3_01_1_1_Chlorophyll_A_001_phosphate_plate4.tif,9,1008.000,944,1152
8852,G3_01_1_1_Chlorophyll_A_001_phosphate_plate4.tif,1,1008.000,1008,1008
8853,G3_01_1_1_Chlorophyll_A_001_phosphate_plate4.tif,1,1120.000,1120,1120
8854,G3_01_1_1_Chlorophyll_A_001_phosphate_plate4.tif,1,1120.000,1120,1120
8855,G3_01_1_1_Chlorophyll_A_001_phosphate_plate4.tif,1,1120.000,1120,1120
8856,G3_01_1_1_Chlorophyll_A_001_phosphate_plate4.tif,2,1088.000,1024,1152
8857,G3_01_1_1_Chlorophyll_A_001_phosphate_plate4.tif,1,960.000,960,960
8858,G3_01_1_1_Chlorophyll_A_001_phosphate_plate4.tif,2,1056.000,1008,1104
8859,G3_01_1_1_Chlorophyll_A_001_phosphate_plate4.tif,1,944.000,944,944
8860,G3_01_1_1_Chlorophyll_A_001_phosphate_plate4.tif,87,4401.655,944,34976
8861,G3_01_1_1_Chlorophyll_A_001_phosphate_plate4.tif,28,1082.857,944,1360
8862,G3_01_1_1_Chlorophyll_A_001_phosphate_plate4.tif,45,1077.333,944,1344
8863,G3_01_1_1_Chlorophyll_A_001_phosphate_plate4.tif,1,1056.000,1056,1056
8864,G3_01_1_1_Chlorophyll_A_001_phosphate_plate4.tif,4,1024.000,976,1072
8865,G3_01_1_1_Chlorophyll_A_001_phosphate_plate4.tif,52,1023.692,944,1328
8866,G3_01_1_1_Chlorophyll_A_001_phosphate_plate4.tif,3,1130.667,1008,1328
8867,G3_01_1_1_Chlorophyll_A_001_phosphate_plate4.tif,1,1120.000,1120,1120
8868,G3_01_1_1_Chlorophyll_A_001_phosphate_plate4.tif,4,1092.000,1008,1296
8869,G3_01_1_1_Chlorophyll_A_001_phosphate_plate4.tif,1,1200.000,1200,1200
8870,G3_01_1_1_Chlorophyll_A_001_phosphate_plate4.tif,1,976.000,976,976
8871,G3_01_1_1_Chlorophyll_A_001_phosphate_plate4.tif,1,944.000,944,944
8872,G3_01_1_1_Chlorophyll_A_001_phosphate_plate4.tif,1,1008.000,1008,1008
8873,G3_01_1_1_Chlorophyll_A_001_phosphate_plate4.tif,1,992.000,992,992
8874,G3_01_1_1_Chlorophyll_A_001_phosphate_plate4.tif,1,1104.000,1104,1104
8875,G3_01_1_1_Chlorophyll_A_001_phosphate_plate4.tif,188,4645.021,944,31536
8876,G3_01_1_1_Chlorophyll_A_001_phosphate_plate4.tif,3,970.667,944,992
8877,G3_01_1_1_Chlorophyll_A_001_phosphate_plate4.tif,11,1083.636,944,1328
8878,G3_01_1_1_Chlorophyll_A_001_phosphate_plate4.tif,42,1073.524,944,1328
8879,G3_01_1_1_Chlorophyll_A_001_phosphate_plate4.tif,9,1043.556,960,1152
8880,G3_01_1_1_Chlorophyll_A_001_phosphate_plate4.tif,1,976.000,976,976
8881,G3_01_1_1_Chlorophyll_A_001_phosphate_plate4.tif,1,1280.000,1280,1280
8882,G3_01_1_1_Chlorophyll_A_001_phosphate_plate4.tif,1,992.000,992,992
8883,G3_01_1_1_Chlorophyll_A_001_phosphate_plate4.tif,106,3457.660,944,24592
8884,G3_01_1_1_Chlorophyll_A_001_phosphate_plate4.tif,1,960.000,960,960
8885,G3_01_1_1_Chlorophyll_A_001_phosphate_plate4.tif,4,988.000,960,1040
8886,G3_01_1_1_Chlorophyll_A_001_phosphate_plate4.tif,1,960.000,960,960
8887,G3_01_1_1_Chlorophyll_A_001_phosphate_plate4.tif,1,992.000,992,992
8888,G3_01_1_1_Chlorophyll_A_001_phosphate_plate4.tif,2,944.000,944,944
8889,G3_01_1_1_Chlorophyll_A_001_phosphate_plate4.tif,1,960.000,960,960
8890,G3_01_1_1_Chlorophyll_A_001_phosphate_plate4.tif,1,1056.000,1056,1056
8891,G3_01_1_1_Chlorophyll_A_001_phosphate_plate4.tif,1,1040.000,1040,1040
8892,G3_01_1_1_Chlorophyll_A_001_phosphate_plate4.tif,90,3316.267,944,25232
8893,G3_01_1_1_Chlorophyll_A_001_phosphate_plate4.tif,54,4039.407,944,16752
8894,G3_01_1_1_Chlorophyll_A_001_phosphate_plate4.tif,1,1200.000,1200,1200
8895,G3_01_1_1_Chlorophyll_A_001_phosphate_plate4.tif,46,1104.000,944,1424
8896,G3_01_1_1_Chlorophyll_A_001_phosphate_plate4.tif,21,1074.286,944,1328
8897,G3_01_1_1_Chlorophyll_A_001_phosphate_plate4.tif,31,1084.387,944,1360
8898,G3_01_1_1_Chlorophyll_A_001_phosphate_plate4.tif,23,1092.870,944,1392
8899,G3_01_1_1_Chlorophyll_A_001_phosphate_plate4.tif,31,1046.194,944,1280
8900,G3_01_1_1_Chlorophyll_A_001_phosphate_plate4.tif,24,1079.333,944,1264
8901,G3_01_1_1_Chlorophyll_A_001_phosphate_plate4.tif,1,1072.000,1072,1072
8902,G3_01_1_1_Chlorophyll_A_001_phosphate_plate4.tif,1,1040.000,1040,1040
8903,G3_01_1_1_Chlorophyll_A_001_phosphate_plate4.tif,1,1088.000,1088,1088
8904,G3_01_1_1_Chlorophyll_A_001_phosphate_plate4.tif,2,984.000,944,1024
8905,G3_01_1_1_Chlorophyll_A_001_phosphate_plate4.tif,1,976.000,976,976
8906,G3_01_1_1_Chlorophyll_A_001_phosphate_plate4.tif,1,992.000,992,992
8907,G3_01_1_1_Chlorophyll_A_001_phosphate_plate4.tif,1,944.000,944,944
8908,G3_01_1_1_Chlorophyll_A_001_phosphate_plate4.tif,1,960.000,960,960
8909,G3_01_1_1_Chlorophyll_A_001_phosphate_plate4.tif,1,976.000,976,976
8910,G3_01_1_1_Chlorophyll_A_001_phosphate_plate4.tif,1,1088.000,1088,1088
8911,G3_01_1_1_Chlorophyll_A_001_phosphate_plate4.tif,1,976.000,976,976
8912,G3_01_1_1_Chlorophyll_A_001_phosphate_plate4.tif,1,1056.000,1056,1056
8913,G3_01_1_1_Chlorophyll_A_001_phosphate_plate4.tif,1,992.000,992,992
8914,G3_01_1_1_Chlorophyll_A_001_phosphate_plate4.tif,1,992.000,992,992
8915,G3_01_1_1_Chlorophyll_A_001_phosphate_plate4.tif,1,944.000,944,944
8916,G3_01_1_1_Chlorophyll_A_001_phosphate_plate4.tif,1,1072.000,1072,1072
8917,G3_01_1_1_Chlorophyll_A_001_phosphate_plate4.tif,21,1084.952,944,1328
8918,G3_01_1_1_Chlorophyll_A_001_phosphate_plate4.tif,22,1113.455,976,1376
8919,G3_01_1_1_Chlorophyll_A_001_phosphate_plate4.tif,1,976.000,976,976
8920,G3_01_1_1_Chlorophyll_A_001_phosphate_plate4.tif,1,992.000,992,992
8921,G3_01_1_1_Chlorophyll_A_001_phosphate_plate4.tif,1,976.000,976,976
8922,G3_01_1_1_Chlorophyll_A_001_phosphate_plate4.tif,1,960.000,960,960
8923,G3_01_1_1_Chlorophyll_A_001_phosphate_plate4.tif,1,976.000,976,976
8924,G3_01_1_1_Chlorophyll_A_001_phosphate_plate4.tif,1,944.000,944,944
8925,G3_01_1_1_Chlorophyll_A_001_phosphate_plate4.tif,1,960.000,960,960
8926,G3_01_1_1_Chlorophyll_A_001_phosphate_plate4.tif,1,976.000,976,976
8927,G3_01_1_1_Chlorophyll_A_001_phosphate_plate4.tif,1,1056.000,1056,1056
8928,G3_01_1_1_Chlorophyll_A_001_phosphate_plate4.tif,61,1120.787,960,1360
8929,G3_01_1_1_Chlorophyll_A_001_phosphate_plate4.tif,17,1127.529,960,1360
8930,G3_01_1_1_Chlorophyll_A_001_phosphate_plate4.tif,40,1054.400,944,1248
8931,G3_01_1_1_Chlorophyll_A_001_phosphate_plate4.tif,2,1088.000,1008,1168
8932,G3_01_1_1_Chlorophyll_A_001_phosphate_plate4.tif,2,1016.000,944,1088
8933,G3_01_1_1_Chlorophyll_A_001_phosphate_plate4.tif,1,1056.000,1056,1056
8934,G3_01_1_1_Chlorophyll_A_001_phosphate_plate4.tif,1,976.000,976,976
8935,G3_01_1_1_Chlorophyll_A_001_phosphate_plate4.tif,1,992.000,992,992
8936,G3_01_1_1_Chlorophyll_A_001_phosphate_plate4.tif,1,960.000,960,960
8937,G3_01_1_1_Chlorophyll_A_001_phosphate_plate4.tif,1,960.000,960,960
8938,G3_01_1_1_Chlorophyll_A_001_phosphate_plate4.tif,13,1121.231,960,1424
8939,G3_01_1_1_Chlorophyll_A_001_phosphate_plate4.tif,45,1070.933,944,1344
8940,G3_01_1_1_Chlorophyll_A_001_phosphate_plate4.tif,2,1040.000,944,1136
8941,G3_01_1_1_Chlorophyll_A_001_phosphate_plate4.tif,1,1008.000,1008,1008
8942,G3_01_1_1_Chlorophyll_A_001_phosphate_plate4.tif,4,1012.000,960,1072
8943,G3_01_1_1_Chlorophyll_A_001_phosphate_plate4.tif,3,1040.000,1024,1056
8944,G3_01_1_1_Chlorophyll_A_001_phosphate_plate4.tif,1,992.000,992,992
8945,G3_01_1_1_Chlorophyll_A_001_phosphate_plate4.tif,1,944.000,944,944
8946,G3_01_1_1_Chlorophyll_A_001_phosphate_plate4.tif,1,944.000,944,944
8947,G3_01_1_1_Chlorophyll_A_001_phosphate_plate4.tif,1,1024.000,1024,1024
8948,G3_01_1_1_Chlorophyll_A_001_phosphate_plate4.tif,2,944.000,944,944
8949,G3_01_1_1_Chlorophyll_A_001_phosphate_plate4.tif,2,952.000,944,960
8950,G3_01_1_1_Chlorophyll_A_001_phosphate_plate4.tif,1,960.000,960,960
8951,G3_01_1_1_Chlorophyll_A_001_phosphate_plate4.tif,1,944.000,944,944
8952,G3_01_1_1_Chlorophyll_A_001_phosphate_plate4.tif,1,1168.000,1168,1168
8953,G3_01_1_1_Chlorophyll_A_001_phosphate_plate4.tif,1,960.000,960,960
8954,G3_01_1_1_Chlorophyll_A_001_phosphate_plate4.tif,1,960.000,960,960
8955,G3_01_1_1_Chlorophyll_A_001_phosphate_plate4.tif,33,1072.970,944,1344
8956,G3_01_1_1_Chlorophyll_A_001_phosphate_plate4.tif,1,1312.000,1312,1312
8957,G3_01_1_1_Chlorophyll_A_001_phosphate_plate4.tif,4,1036.000,944,1120
8958,G3_01_1_1_Chlorophyll_A_001_phosphate_plate4.tif,1,992.000,992,992
8959,G3_01_1_1_Chlorophyll_A_001_phosphate_plate4.tif,1,960.000,960,960
8960,G3_01_1_1_Chlorophyll_A_001_phosphate_plate4.tif,1,1056.000,1056,1056
8961,G3_01_1_1_Chlorophyll_A_001_phosphate_plate4.tif,1,1008.000,1008,1008
8962,G3_01_1_1_Chlorophyll_A_001_phosphate_plate4.tif,1,1040.000,1040,1040
8963,G3_01_1_1_Chlorophyll_A_001_phosphate_plate4.tif,1,976.000,976,976
8964,G3_01_1_1_Chlorophyll_A_001_phosphate_plate4.tif,96,4452.333,944,25872
8965,G3_01_1_1_Chlorophyll_A_001_phosphate_plate4.tif,1,944.000,944,944
8966,G3_01_1_1_Chlorophyll_A_001_phosphate_plate4.tif,1,960.000,960,960
8967,G3_01_1_1_Chlorophyll_A_001_phosphate_plate4.tif,1,1088.000,1088,1088
8968,G3_01_1_1_Chlorophyll_A_001_phosphate_plate4.tif,1,1072.000,1072,1072
8969,G3_01_1_1_Chlorophyll_A_001_phosphate_plate4.tif,1,1232.000,1232,1232
8970,G3_01_1_1_Chlorophyll_A_001_phosphate_plate4.tif,3,986.667,944,1024
8971,G3_01_1_1_Chlorophyll_A_001_phosphate_plate4.tif,17,1028.706,944,1200
8972,G3_01_1_1_Chlorophyll_A_001_phosphate_plate4.tif,1,944.000,944,944
8973,G3_01_1_1_Chlorophyll_A_001_phosphate_plate4.tif,1,944.000,944,944
8974,G3_01_1_1_Chlorophyll_A_001_phosphate_plate4.tif,1,1024.000,1024,1024
8975,G3_01_1_1_Chlorophyll_A_001_phosphate_plate4.tif,1,1024.000,1024,1024
8976,G3_01_1_1_Chlorophyll_A_001_phosphate_plate4.tif,1,960.000,960,960
8977,G3_01_1_1_Chlorophyll_A_001_phosphate_plate4.tif,2,992.000,992,992
8978,G3_01_1_1_Chlorophyll_A_001_phosphate_plate4.tif,1,976.000,976,976
8979,G3_01_1_1_Chlorophyll_A_001_phosphate_plate4.tif,61,3819.803,944,20272
8980,G3_01_1_1_Chlorophyll_A_001_phosphate_plate4.tif,1,1008.000,1008,1008
8981,G3_01_1_1_Chlorophyll_A_001_phosphate_plate4.tif,1,960.000,960,960
8982,G3_01_1_1_Chlorophyll_A_001_phosphate_plate4.tif,84,4374.667,944,24816
8983,G3_01_1_1_Chlorophyll_A_001_phosphate_plate4.tif,1,944.000,944,944
8984,G3_01_1_1_Chlorophyll_A_001_phosphate_plate4.tif,1,944.000,944,944
8985,G3_01_1_1_Chlorophyll_A_001_phosphate_plate4.tif,17,1040.941,944,1200
8986,G3_01_1_1_Chlorophyll_A_001_phosphate_plate4.tif,4,1032.000,960,1072
8987,G3_01_1_1_Chlorophyll_A_001_phosphate_plate4.tif,1,960.000,960,960
8988,G3_01_1_1_Chlorophyll_A_001_phosphate_plate4.tif,2,992.000,960,1024
8989,G3_01_1_1_Chlorophyll_A_001_phosphate_plate4.tif,1,992.000,992,992
8990,G3_01_1_1_Chlorophyll_A_001_phosphate_plate4.tif,3,1066.667,944,1136
8991,G3_01_1_1_Chlorophyll_A_001_phosphate_plate4.tif,2,976.000,960,992
8992,G3_01_1_1_Chlorophyll_A_001_phosphate_plate4.tif,2,968.000,944,992
8993,G3_01_1_1_Chlorophyll_A_001_phosphate_plate4.tif,1,944.000,944,944
8994,G3_01_1_1_Chlorophyll_A_001_phosphate_plate4.tif,2,976.000,960,992
8995,G3_01_1_1_Chlorophyll_A_001_phosphate_plate4.tif,1,1168.000,1168,1168
8996,G3_01_1_1_Chlorophyll_A_001_phosphate_plate4.tif,1,992.000,992,992
8997,G3_01_1_1_Chlorophyll_A_001_phosphate_plate4.tif,1,1136.000,1136,1136
8998,G3_01_1_1_Chlorophyll_A_001_phosphate_plate4.tif,1,1088.000,1088,1088
8999,G3_01_1_1_Chlorophyll_A_001_phosphate_plate4.tif,1,944.000,944,944
9000,G3_01_1_1_Chlorophyll_A_001_phosphate_plate4.tif,1,1104.000,1104,1104
9001,G3_01_1_1_Chlorophyll_A_001_phosphate_plate4.tif,1,960.000,960,960
9002,G3_01_1_1_Chlorophyll_A_001_phosphate_plate4.tif,1,960.000,960,960
9003,G3_01_1_1_Chlorophyll_A_001_phosphate_plate4.tif,46,3843.130,960,15104
9004,G3_01_1_1_Chlorophyll_A_001_phosphate_plate4.tif,1,944.000,944,944
9005,G3_01_1_1_Chlorophyll_A_001_phosphate_plate4.tif,49,1093.551,944,1424
9006,G3_01_1_1_Chlorophyll_A_001_phosphate_plate4.tif,41,1099.707,944,1392
9007,G3_01_1_1_Chlorophyll_A_001_phosphate_plate4.tif,1,1168.000,1168,1168
9008,G3_01_1_1_Chlorophyll_A_001_phosphate_plate4.tif,1,992.000,992,992
9009,G3_01_1_1_Chlorophyll_A_001_phosphate_plate4.tif,1,1024.000,1024,1024
9010,G3_01_1_1_Chlorophyll_A_001_phosphate_plate4.tif,1,976.000,976,976
9011,G3_01_1_1_Chlorophyll_A_001_phosphate_plate4.tif,1,944.000,944,944
9012,G3_01_1_1_Chlorophyll_A_001_phosphate_plate4.tif,1,976.000,976,976
9013,G3_01_1_1_Chlorophyll_A_001_phosphate_plate4.tif,1,960.000,960,960
9014,G3_01_1_1_Chlorophyll_A_001_phosphate_plate4.tif,139,5049.324,944,35872
9015,G3_01_1_1_Chlorophyll_A_001_phosphate_plate4.tif,1,960.000,960,960
9016,G3_01_1_1_Chlorophyll_A_001_phosphate_plate4.tif,1,1024.000,1024,1024
9017,G3_01_1_1_Chlorophyll_A_001_phosphate_plate4.tif,1,1024.000,1024,1024
9018,G3_01_1_1_Chlorophyll_A_001_phosphate_plate4.tif,1,1024.000,1024,1024
9019,G3_01_1_1_Chlorophyll_A_001_phosphate_plate4.tif,492,1951.642,944,25936
9020,G3_01_1_1_Chlorophyll_A_001_phosphate_plate4.tif,298,2222.389,944,26896
9021,G3_01_1_1_Chlorophyll_A_001_phosphate_plate4.tif,27,1099.259,976,1392
9022,G3_01_1_1_Chlorophyll_A_001_phosphate_plate4.tif,62,1068.387,944,1488
9023,G3_01_1_1_Chlorophyll_A_001_phosphate_plate4.tif,7,1044.571,960,1120
9024,G3_01_1_1_Chlorophyll_A_001_phosphate_plate4.tif,1,944.000,944,944
9025,G3_01_1_1_Chlorophyll_A_001_phosphate_plate4.tif,5,998.400,944,1072
9026,G3_01_1_1_Chlorophyll_A_001_phosphate_plate4.tif,1,1056.000,1056,1056
9027,G3_01_1_1_Chlorophyll_A_001_phosphate_plate4.tif,3,1008.000,960,1104
9028,G3_01_1_1_Chlorophyll_A_001_phosphate_plate4.tif,1,976.000,976,976
9029,G3_01_1_1_Chlorophyll_A_001_phosphate_plate4.tif,1,992.000,992,992
9030,G3_01_1_1_Chlorophyll_A_001_phosphate_plate4.tif,1,992.000,992,992
9031,G3_01_1_1_Chlorophyll_A_001_phosphate_plate4.tif,1,976.000,976,976
9032,G3_01_1_1_Chlorophyll_A_001_phosphate_plate4.tif,1,976.000,976,976
9033,G3_01_1_1_Chlorophyll_A_001_phosphate_plate4.tif,1,976.000,976,976
9034,G3_01_1_1_Chlorophyll_A_001_phosphate_plate4.tif,38,1100.211,944,1296
9035,G3_01_1_1_Chlorophyll_A_001_phosphate_plate4.tif,37,1067.243,944,1296
9036,G3_01_1_1_Chlorophyll_A_001_phosphate_plate4.tif,27,1069.630,944,1264
9037,G3_01_1_1_Chlorophyll_A_001_phosphate_plate4.tif,16,1036.000,960,1200
9038,G3_01_1_1_Chlorophyll_A_001_phosphate_plate4.tif,6,1000.000,944,1072
9039,G3_01_1_1_Chlorophyll_A_001_phosphate_plate4.tif,4,1016.000,944,1120
9040,G3_01_1_1_Chlorophyll_A_001_phosphate_plate4.tif,2,1032.000,944,1120
9041,G3_01_1_1_Chlorophyll_A_001_phosphate_plate4.tif,2,960.000,944,976
9042,G3_01_1_1_Chlorophyll_A_001_phosphate_plate4.tif,1,944.000,944,944
9043,G3_01_1_1_Chlorophyll_A_001_phosphate_plate4.tif,1,944.000,944,944
9044,G3_01_1_1_Chlorophyll_A_001_phosphate_plate4.tif,1,1008.000,1008,1008
9045,G3_01_1_1_Chlorophyll_A_001_phosphate_plate4.tif,1,1072.000,1072,1072
9046,G3_01_1_1_Chlorophyll_A_001_phosphate_plate4.tif,1,1040.000,1040,1040
9047,G3_01_1_1_Chlorophyll_A_001_phosphate_plate4.tif,1,976.000,976,976
9048,G3_01_1_1_Chlorophyll_A_001_phosphate_plate4.tif,1,1072.000,1072,1072
9049,G3_01_1_1_Chlorophyll_A_001_phosphate_plate4.tif,58,3446.069,944,12144
9050,G3_01_1_1_Chlorophyll_A_001_phosphate_plate4.tif,1,1024.000,1024,1024
9051,G3_01_1_1_Chlorophyll_A_001_phosphate_plate4.tif,1,992.000,992,992
9052,G3_01_1_1_Chlorophyll_A_001_phosphate_plate4.tif,1,1152.000,1152,1152
9053,G3_01_1_1_Chlorophyll_A_001_phosphate_plate4.tif,1,1168.000,1168,1168
9054,G3_01_1_1_Chlorophyll_A_001_phosphate_plate4.tif,1,992.000,992,992
9055,G3_01_1_1_Chlorophyll_A_001_phosphate_plate4.tif,1,1008.000,1008,1008
9056,G3_01_1_1_Chlorophyll_A_001_phosphate_plate4.tif,1,944.000,944,944
9057,G3_01_1_1_Chlorophyll_A_001_phosphate_plate4.tif,1,1024.000,1024,1024
9058,G3_01_1_1_Chlorophyll_A_001_phosphate_plate4.tif,2,984.000,960,1008
9059,G3_01_1_1_Chlorophyll_A_001_phosphate_plate4.tif,1,960.000,960,960
9060,G3_01_1_1_Chlorophyll_A_001_phosphate_plate4.tif,84,3997.524,944,18784
9061,G3_01_1_1_Chlorophyll_A_001_phosphate_plate4.tif,139,5920.921,944,36912
9062,G3_01_1_1_Chlorophyll_A_001_phosphate_plate4.tif,65,1021.785,944,1184
9063,G3_01_1_1_Chlorophyll_A_001_phosphate_plate4.tif,2,960.000,960,960
9064,G3_01_1_1_Chlorophyll_A_001_phosphate_plate4.tif,1,960.000,960,960
9065,G3_01_1_1_Chlorophyll_A_001_phosphate_plate4.tif,1,960.000,960,960
9066,G3_01_1_1_Chlorophyll_A_001_phosphate_plate4.tif,1,1008.000,1008,1008
9067,G3_01_1_1_Chlorophyll_A_001_phosphate_plate4.tif,2,976.000,944,1008
9068,G3_01_1_1_Chlorophyll_A_001_phosphate_plate4.tif,1,960.000,960,960
9069,G3_01_1_1_Chlorophyll_A_001_phosphate_plate4.tif,1,944.000,944,944
9070,G3_01_1_1_Chlorophyll_A_001_phosphate_plate4.tif,44,3545.091,944,11472
9071,G3_01_1_1_Chlorophyll_A_001_phosphate_plate4.tif,1,944.000,944,944
9072,G3_01_1_1_Chlorophyll_A_001_phosphate_plate4.tif,62,1122.065,944,1440
9073,G3_01_1_1_Chlorophyll_A_001_phosphate_plate4.tif,58,1109.517,944,1408
9074,G3_01_1_1_Chlorophyll_A_001_phosphate_plate4.tif,3,1098.667,992,1184
9075,G3_01_1_1_Chlorophyll_A_001_phosphate_plate4.tif,11,977.455,944,1040
9076,G3_01_1_1_Chlorophyll_A_001_phosphate_plate4.tif,1,976.000,976,976
9077,G3_01_1_1_Chlorophyll_A_001_phosphate_plate4.tif,3,1034.667,944,1088
9078,G3_01_1_1_Chlorophyll_A_001_phosphate_plate4.tif,1,944.000,944,944
9079,G3_01_1_1_Chlorophyll_A_001_phosphate_plate4.tif,1,960.000,960,960
9080,G3_01_1_1_Chlorophyll_A_001_phosphate_plate4.tif,6,981.333,944,1056
9081,G3_01_1_1_Chlorophyll_A_001_phosphate_plate4.tif,1,1008.000,1008,1008
9082,G3_01_1_1_Chlorophyll_A_001_phosphate_plate4.tif,1,992.000,992,992
9083,G3_01_1_1_Chlorophyll_A_001_phosphate_plate4.tif,1,1008.000,1008,1008
9084,G3_01_1_1_Chlorophyll_A_001_phosphate_plate4.tif,1,1040.000,1040,1040
9085,G3_01_1_1_Chlorophyll_A_001_phosphate_plate4.tif,1,960.000,960,960
9086,G3_01_1_1_Chlorophyll_A_001_phosphate_plate4.tif,1,992.000,992,992
9087,G3_01_1_1_Chlorophyll_A_001_phosphate_plate4.tif,1,960.000,960,960
9088,G3_01_1_1_Chlorophyll_A_001_phosphate_plate4.tif,77,4281.766,944,25776
9089,G3_01_1_1_Chlorophyll_A_001_phosphate_plate4.tif,1,976.000,976,976
9090,G3_01_1_1_Chlorophyll_A_001_phosphate_plate4.tif,1,1024.000,1024,1024
9091,G3_01_1_1_Chlorophyll_A_001_phosphate_plate4.tif,2,992.000,960,1024
9092,G3_01_1_1_Chlorophyll_A_001_phosphate_plate4.tif,57,3957.614,944,17520
9093,G3_01_1_1_Chlorophyll_A_001_phosphate_plate4.tif,1,960.000,960,960
9094,G3_01_1_1_Chlorophyll_A_001_phosphate_plate4.tif,1,960.000,960,960
9095,G3_01_1_1_Chlorophyll_A_001_phosphate_plate4.tif,13,1148.308,944,1408
9096,G3_01_1_1_Chlorophyll_A_001_phosphate_plate4.tif,35,1095.771,944,1376
9097,G3_01_1_1_Chlorophyll_A_001_phosphate_plate4.tif,63,1089.524,944,1344
9098,G3_01_1_1_Chlorophyll_A_001_phosphate_plate4.tif,1,976.000,976,976
9099,G3_01_1_1_Chlorophyll_A_001_phosphate_plate4.tif,1,944.000,944,944
9100,G3_01_1_1_Chlorophyll_A_001_phosphate_plate4.tif,1,960.000,960,960
9101,G3_01_1_1_Chlorophyll_A_001_phosphate_plate4.tif,1,1088.000,1088,1088
9102,G3_01_1_1_Chlorophyll_A_001_phosphate_plate4.tif,1,960.000,960,960
9103,G3_01_1_1_Chlorophyll_A_001_phosphate_plate4.tif,1,1056.000,1056,1056
9104,G3_01_1_1_Chlorophyll_A_001_phosphate_plate4.tif,1,944.000,944,944
9105,G3_01_1_1_Chlorophyll_A_001_phosphate_plate4.tif,1,960.000,960,960
9106,G3_01_1_1_Chlorophyll_A_001_phosphate_plate4.tif,1,1040.000,1040,1040
9107,G3_01_1_1_Chlorophyll_A_001_phosphate_plate4.tif,1,944.000,944,944
9108,G3_01_1_1_Chlorophyll_A_001_phosphate_plate4.tif,2,1040.000,976,1104
9109,G3_01_1_1_Chlorophyll_A_001_phosphate_plate4.tif,1,944.000,944,944
9110,G3_01_1_1_Chlorophyll_A_001_phosphate_plate4.tif,1,944.000,944,944
9111,G3_01_1_1_Chlorophyll_A_001_phosphate_plate4.tif,1,944.000,944,944
9112,G3_01_1_1_Chlorophyll_A_001_phosphate_plate4.tif,28,1085.143,944,1392
9113,G3_01_1_1_Chlorophyll_A_001_phosphate_plate4.tif,34,1040.000,944,1248
9114,G3_01_1_1_Chlorophyll_A_001_phosphate_plate4.tif,70,1029.714,944,1392
9115,G3_01_1_1_Chlorophyll_A_001_phosphate_plate4.tif,1,1056.000,1056,1056
9116,G3_01_1_1_Chlorophyll_A_001_phosphate_plate4.tif,1,1104.000,1104,1104
9117,G3_01_1_1_Chlorophyll_A_001_phosphate_plate4.tif,1,1104.000,1104,1104
9118,G3_01_1_1_Chlorophyll_A_001_phosphate_plate4.tif,1,992.000,992,992
9119,G3_01_1_1_Chlorophyll_A_001_phosphate_plate4.tif,1,1056.000,1056,1056
9120,G3_01_1_1_Chlorophyll_A_001_phosphate_plate4.tif,1,944.000,944,944
9121,G3_01_1_1_Chlorophyll_A_001_phosphate_plate4.tif,1,1040.000,1040,1040
9122,G3_01_1_1_Chlorophyll_A_001_phosphate_plate4.tif,2,984.000,960,1008
9123,G3_01_1_1_Chlorophyll_A_001_phosphate_plate4.tif,3,1029.333,944,1152
9124,G3_01_1_1_Chlorophyll_A_001_phosphate_plate4.tif,5,1001.600,960,1056
9125,G3_01_1_1_Chlorophyll_A_001_phosphate_plate4.tif,3,997.333,944,1056
9126,G3_01_1_1_Chlorophyll_A_001_phosphate_plate4.tif,1,960.000,960,960
9127,G3_01_1_1_Chlorophyll_A_001_phosphate_plate4.tif,1,960.000,960,960
9128,G3_01_1_1_Chlorophyll_A_001_phosphate_plate4.tif,1,960.000,960,960
9129,G3_01_1_1_Chlorophyll_A_001_phosphate_plate4.tif,1,1040.000,1040,1040
9130,G3_01_1_1_Chlorophyll_A_001_phosphate_plate4.tif,2,1000.000,976,1024
9131,G3_01_1_1_Chlorophyll_A_001_phosphate_plate4.tif,1,944.000,944,944
9132,G3_01_1_1_Chlorophyll_A_001_phosphate_plate4.tif,1,1200.000,1200,1200
9133,G3_01_1_1_Chlorophyll_A_001_phosphate_plate4.tif,1,1056.000,1056,1056
9134,G3_01_1_1_Chlorophyll_A_001_phosphate_plate4.tif,66,3375.515,944,16848
9135,G3_01_1_1_Chlorophyll_A_001_phosphate_plate4.tif,1,944.000,944,944
9136,G3_01_1_1_Chlorophyll_A_001_phosphate_plate4.tif,27,1073.185,944,1312
9137,G3_01_1_1_Chlorophyll_A_001_phosphate_plate4.tif,12,1029.333,944,1248
9138,G3_01_1_1_Chlorophyll_A_001_phosphate_plate4.tif,29,1075.310,960,1280
9139,G3_01_1_1_Chlorophyll_A_001_phosphate_plate4.tif,3,1056.000,992,1152
9140,G3_01_1_1_Chlorophyll_A_001_phosphate_plate4.tif,1,944.000,944,944
9141,G3_01_1_1_Chlorophyll_A_001_phosphate_plate4.tif,1,960.000,960,960
9142,G3_01_1_1_Chlorophyll_A_001_phosphate_plate4.tif,2,952.000,944,960
9143,G3_01_1_1_Chlorophyll_A_001_phosphate_plate4.tif,2,984.000,944,1024
9144,G3_01_1_1_Chlorophyll_A_001_phosphate_plate4.tif,2,1032.000,992,1072
9145,G3_01_1_1_Chlorophyll_A_001_phosphate_plate4.tif,1,960.000,960,960
9146,G3_01_1_1_Chlorophyll_A_001_phosphate_plate4.tif,1,1040.000,1040,1040
9147,G3_01_1_1_Chlorophyll_A_001_phosphate_plate4.tif,1,944.000,944,944
9148,G3_01_1_1_Chlorophyll_A_001_phosphate_plate4.tif,1,1152.000,1152,1152
9149,G3_01_1_1_Chlorophyll_A_001_phosphate_plate4.tif,76,4539.789,960,34864
9150,G3_01_1_1_Chlorophyll_A_001_phosphate_plate4.tif,1,1040.000,1040,1040
9151,G3_01_1_1_Chlorophyll_A_001_phosphate_plate4.tif,1,992.000,992,992
9152,G3_01_1_1_Chlorophyll_A_001_phosphate_plate4.tif,1,1088.000,1088,1088
9153,G3_01_1_1_Chlorophyll_A_001_phosphate_plate4.tif,1,960.000,960,960
9154,G3_01_1_1_Chlorophyll_A_001_phosphate_plate4.tif,1,960.000,960,960
9155,G3_01_1_1_Chlorophyll_A_001_phosphate_plate4.tif,196,2289.633,944,25280
9156,G3_01_1_1_Chlorophyll_A_001_phosphate_plate4.tif,9,1040.000,944,1232
9157,G3_01_1_1_Chlorophyll_A_001_phosphate_plate4.tif,3,1024.000,960,1152
9158,G3_01_1_1_Chlorophyll_A_001_phosphate_plate4.tif,1,944.000,944,944
9159,G3_01_1_1_Chlorophyll_A_001_phosphate_plate4.tif,2,960.000,960,960
9160,G3_01_1_1_Chlorophyll_A_001_phosphate_plate4.tif,1,976.000,976,976
9161,G3_01_1_1_Chlorophyll_A_001_phosphate_plate4.tif,1,944.000,944,944
9162,G3_01_1_1_Chlorophyll_A_001_phosphate_plate4.tif,2,992.000,976,1008
9163,G3_01_1_1_Chlorophyll_A_001_phosphate_plate4.tif,1,1104.000,1104,1104
9164,G3_01_1_1_Chlorophyll_A_001_phosphate_plate4.tif,1,992.000,992,992
9165,G3_01_1_1_Chlorophyll_A_001_phosphate_plate4.tif,2,952.000,944,960
9166,G3_01_1_1_Chlorophyll_A_001_phosphate_plate4.tif,1,944.000,944,944
9167,G3_01_1_1_Chlorophyll_A_001_phosphate_plate4.tif,1,960.000,960,960
9168,G3_01_1_1_Chlorophyll_A_001_phosphate_plate4.tif,1,976.000,976,976
9169,G3_01_1_1_Chlorophyll_A_001_phosphate_plate4.tif,47,1075.064,944,1328
9170,G3_01_1_1_Chlorophyll_A_001_phosphate_plate4.tif,1,992.000,992,992
9171,G3_01_1_1_Chlorophyll_A_001_phosphate_plate4.tif,1,1040.000,1040,1040
9172,G3_01_1_1_Chlorophyll_A_001_phosphate_plate4.tif,1,1072.000,1072,1072
9173,G3_01_1_1_Chlorophyll_A_001_phosphate_plate4.tif,1,944.000,944,944
9174,G3_01_1_1_Chlorophyll_A_001_phosphate_plate4.tif,1,1040.000,1040,1040
9175,G3_01_1_1_Chlorophyll_A_001_phosphate_plate4.tif,1,976.000,976,976
9176,G3_01_1_1_Chlorophyll_A_001_phosphate_plate4.tif,1,992.000,992,992
9177,G3_01_1_1_Chlorophyll_A_001_phosphate_plate4.tif,1,944.000,944,944
9178,G3_01_1_1_Chlorophyll_A_001_phosphate_plate4.tif,2,992.000,960,1024
9179,G3_01_1_1_Chlorophyll_A_001_phosphate_plate4.tif,1,944.000,944,944
9180,G3_01_1_1_Chlorophyll_A_001_phosphate_plate4.tif,1,944.000,944,944
9181,G3_01_1_1_Chlorophyll_A_001_phosphate_plate4.tif,1,960.000,960,960
9182,G3_01_1_1_Chlorophyll_A_001_phosphate_plate4.tif,1,976.000,976,976
9183,G3_01_1_1_Chlorophyll_A_001_phosphate_plate4.tif,1,1008.000,1008,1008
9184,G3_01_1_1_Chlorophyll_A_001_phosphate_plate4.tif,1,976.000,976,976
9185,G3_01_1_1_Chlorophyll_A_001_phosphate_plate4.tif,79,4134.076,960,20048
9186,G3_01_1_1_Chlorophyll_A_001_phosphate_plate4.tif,108,4849.037,944,28896
9187,G3_01_1_1_Chlorophyll_A_001_phosphate_plate4.tif,1,1056.000,1056,1056
9188,G3_01_1_1_Chlorophyll_A_001_phosphate_plate4.tif,55,1068.509,944,1392
9189,G3_01_1_1_Chlorophyll_A_001_phosphate_plate4.tif,47,1104.340,944,1328
9190,G3_01_1_1_Chlorophyll_A_001_phosphate_plate4.tif,29,1074.759,960,1344
9191,G3_01_1_1_Chlorophyll_A_001_phosphate_plate4.tif,1,1120.000,1120,1120
9192,G3_01_1_1_Chlorophyll_A_001_phosphate_plate4.tif,1,1024.000,1024,1024
9193,G3_01_1_1_Chlorophyll_A_001_phosphate_plate4.tif,3,992.000,944,1072
9194,G3_01_1_1_Chlorophyll_A_001_phosphate_plate4.tif,1,992.000,992,992
9195,G3_01_1_1_Chlorophyll_A_001_phosphate_plate4.tif,1,1024.000,1024,1024
9196,G3_01_1_1_Chlorophyll_A_001_phosphate_plate4.tif,1,944.000,944,944
9197,G3_01_1_1_Chlorophyll_A_001_phosphate_plate4.tif,2,1016.000,976,1056
9198,G3_01_1_1_Chlorophyll_A_001_phosphate_plate4.tif,146,4559.562,944,33728
9199,G3_01_1_1_Chlorophyll_A_001_phosphate_plate4.tif,1,960.000,960,960
9200,G3_01_1_1_Chlorophyll_A_001_phosphate_plate4.tif,1,976.000,976,976
9201,G3_01_1_1_Chlorophyll_A_001_phosphate_plate4.tif,1,1088.000,1088,1088
9202,G3_01_1_1_Chlorophyll_A_001_phosphate_plate4.tif,1,960.000,960,960
9203,G3_01_1_1_Chlorophyll_A_001_phosphate_plate4.tif,22,1058.182,960,1296
9204,G3_01_1_1_Chlorophyll_A_001_phosphate_plate4.tif,49,1094.204,944,1440
9205,G3_01_1_1_Chlorophyll_A_001_phosphate_plate4.tif,11,996.364,944,1088
9206,G3_01_1_1_Chlorophyll_A_001_phosphate_plate4.tif,1,1088.000,1088,1088
9207,G3_01_1_1_Chlorophyll_A_001_phosphate_plate4.tif,1,960.000,960,960
9208,G3_01_1_1_Chlorophyll_A_001_phosphate_plate4.tif,1,1008.000,1008,1008
9209,G3_01_1_1_Chlorophyll_A_001_phosphate_plate4.tif,1,1040.000,1040,1040
9210,G3_01_1_1_Chlorophyll_A_001_phosphate_plate4.tif,1,1008.000,1008,1008
9211,G3_01_1_1_Chlorophyll_A_001_phosphate_plate4.tif,1,1056.000,1056,1056
9212,G3_01_1_1_Chlorophyll_A_001_phosphate_plate4.tif,1,944.000,944,944
9213,G3_01_1_1_Chlorophyll_A_001_phosphate_plate4.tif,1,1088.000,1088,1088
9214,G3_01_1_1_Chlorophyll_A_001_phosphate_plate4.tif,1,1056.000,1056,1056
9215,G3_01_1_1_Chlorophyll_A_001_phosphate_plate4.tif,3,986.667,960,1024
9216,G3_01_1_1_Chlorophyll_A_001_phosphate_plate4.tif,1,944.000,944,944
9217,G3_01_1_1_Chlorophyll_A_001_phosphate_plate4.tif,1,960.000,960,960
9218,G3_01_1_1_Chlorophyll_A_001_phosphate_plate4.tif,1,960.000,960,960
9219,G3_01_1_1_Chlorophyll_A_001_phosphate_plate4.tif,1,1008.000,1008,1008
9220,G3_01_1_1_Chlorophyll_A_001_phosphate_plate4.tif,66,3892.848,944,18304
9221,G3_01_1_1_Chlorophyll_A_001_phosphate_plate4.tif,229,5438.183,944,40368
9222,G3_01_1_1_Chlorophyll_A_001_phosphate_plate4.tif,2,984.000,976,992
9223,G3_01_1_1_Chlorophyll_A_001_phosphate_plate4.tif,26,1113.846,944,1456
9224,G3_01_1_1_Chlorophyll_A_001_phosphate_plate4.tif,17,1104.941,944,1328
9225,G3_01_1_1_Chlorophyll_A_001_phosphate_plate4.tif,35,1097.600,944,1360
9226,G3_01_1_1_Chlorophyll_A_001_phosphate_plate4.tif,1,1040.000,1040,1040
9227,G3_01_1_1_Chlorophyll_A_001_phosphate_plate4.tif,3,960.000,944,976
9228,G3_01_1_1_Chlorophyll_A_001_phosphate_plate4.tif,1,976.000,976,976
9229,G3_01_1_1_Chlorophyll_A_001_phosphate_plate4.tif,1,976.000,976,976
9230,G3_01_1_1_Chlorophyll_A_001_phosphate_plate4.tif,1,960.000,960,960
9231,G3_01_1_1_Chlorophyll_A_001_phosphate_plate4.tif,2,968.000,944,992
9232,G3_01_1_1_Chlorophyll_A_001_phosphate_plate4.tif,1,944.000,944,944
9233,G3_01_1_1_Chlorophyll_A_001_phosphate_plate4.tif,1,992.000,992,992
9234,G3_01_1_1_Chlorophyll_A_001_phosphate_plate4.tif,1,1040.000,1040,1040
9235,G3_01_1_1_Chlorophyll_A_001_phosphate_plate4.tif,26,1145.231,944,1440
9236,G3_01_1_1_Chlorophyll_A_001_phosphate_plate4.tif,7,1094.857,944,1312
9237,G3_01_1_1_Chlorophyll_A_001_phosphate_plate4.tif,15,1096.533,960,1312
9238,G3_01_1_1_Chlorophyll_A_001_phosphate_plate4.tif,16,1044.000,944,1264
9239,G3_01_1_1_Chlorophyll_A_001_phosphate_plate4.tif,1,1184.000,1184,1184
9240,G3_01_1_1_Chlorophyll_A_001_phosphate_plate4.tif,3,1008.000,960,1104
9241,G3_01_1_1_Chlorophyll_A_001_phosphate_plate4.tif,1,1024.000,1024,1024
9242,G3_01_1_1_Chlorophyll_A_001_phosphate_plate4.tif,1,944.000,944,944
9243,G3_01_1_1_Chlorophyll_A_001_phosphate_plate4.tif,1,944.000,944,944
9244,G3_01_1_1_Chlorophyll_A_001_phosphate_plate4.tif,1,960.000,960,960
9245,G3_01_1_1_Chlorophyll_A_001_phosphate_plate4.tif,1,960.000,960,960
9246,G3_01_1_1_Chlorophyll_A_001_phosphate_plate4.tif,18,1069.333,960,1216
9247,G3_01_1_1_Chlorophyll_A_001_phosphate_plate4.tif,41,1071.610,944,1328
9248,G3_01_1_1_Chlorophyll_A_001_phosphate_plate4.tif,14,1014.857,944,1120
9249,G3_01_1_1_Chlorophyll_A_001_phosphate_plate4.tif,1,992.000,992,992
9250,G3_01_1_1_Chlorophyll_A_001_phosphate_plate4.tif,1,960.000,960,960
9251,G3_01_1_1_Chlorophyll_A_001_phosphate_plate4.tif,1,1088.000,1088,1088
9252,G3_01_1_1_Chlorophyll_A_001_phosphate_plate4.tif,1,1056.000,1056,1056
9253,G3_01_1_1_Chlorophyll_A_001_phosphate_plate4.tif,1,1040.000,1040,1040
9254,G3_01_1_1_Chlorophyll_A_001_phosphate_plate4.tif,106,4728.000,944,21136
9255,G3_01_1_1_Chlorophyll_A_001_phosphate_plate4.tif,122,5801.049,944,32160
9256,G3_01_1_1_Chlorophyll_A_001_phosphate_plate4.tif,1,976.000,976,976
9257,G3_01_1_1_Chlorophyll_A_001_phosphate_plate4.tif,26,1135.385,992,1376
9258,G3_01_1_1_Chlorophyll_A_001_phosphate_plate4.tif,63,1071.492,944,1360
9259,G3_01_1_1_Chlorophyll_A_001_phosphate_plate4.tif,3,1045.333,976,1104
9260,G3_01_1_1_Chlorophyll_A_001_phosphate_plate4.tif,71,1059.155,944,1312
9261,G3_01_1_1_Chlorophyll_A_001_phosphate_plate4.tif,161,3931.627,944,34816
9262,G3_01_1_1_Chlorophyll_A_001_phosphate_plate4.tif,1,1072.000,1072,1072
9263,G3_01_1_1_Chlorophyll_A_001_phosphate_plate4.tif,1,1056.000,1056,1056
9264,G3_01_1_1_Chlorophyll_A_001_phosphate_plate4.tif,1,1072.000,1072,1072
9265,G3_01_1_1_Chlorophyll_A_001_phosphate_plate4.tif,6,968.000,944,1040
9266,G3_01_1_1_Chlorophyll_A_001_phosphate_plate4.tif,1,1008.000,1008,1008
9267,G3_01_1_1_Chlorophyll_A_001_phosphate_plate4.tif,2,944.000,944,944
9268,G3_01_1_1_Chlorophyll_A_001_phosphate_plate4.tif,1,992.000,992,992
9269,G3_01_1_1_Chlorophyll_A_001_phosphate_plate4.tif,1,1072.000,1072,1072
9270,G3_01_1_1_Chlorophyll_A_001_phosphate_plate4.tif,1,960.000,960,960
9271,G3_01_1_1_Chlorophyll_A_001_phosphate_plate4.tif,2,992.000,992,992
9272,G3_01_1_1_Chlorophyll_A_001_phosphate_plate4.tif,2,976.000,960,992
9273,G3_01_1_1_Chlorophyll_A_001_phosphate_plate4.tif,1,976.000,976,976
9274,G3_01_1_1_Chlorophyll_A_001_phosphate_plate4.tif,1,1088.000,1088,1088
9275,G3_01_1_1_Chlorophyll_A_001_phosphate_plate4.tif,1,1040.000,1040,1040
9276,G3_01_1_1_Chlorophyll_A_001_phosphate_plate4.tif,1,976.000,976,976
9277,G3_01_1_1_Chlorophyll_A_001_phosphate_plate4.tif,2,992.000,992,992
9278,G3_01_1_1_Chlorophyll_A_001_phosphate_plate4.tif,13,1089.231,960,1408
9279,G3_01_1_1_Chlorophyll_A_001_phosphate_plate4.tif,9,1036.444,960,1216
9280,G3_01_1_1_Chlorophyll_A_001_phosphate_plate4.tif,1,960.000,960,960
9281,G3_01_1_1_Chlorophyll_A_001_phosphate_plate4.tif,2,960.000,960,960
9282,G3_01_1_1_Chlorophyll_A_001_phosphate_plate4.tif,1,944.000,944,944
9283,G3_01_1_1_Chlorophyll_A_001_phosphate_plate4.tif,2,1008.000,992,1024
9284,G3_01_1_1_Chlorophyll_A_001_phosphate_plate4.tif,1,992.000,992,992
9285,G3_01_1_1_Chlorophyll_A_001_phosphate_plate4.tif,2,968.000,960,976
9286,G3_01_1_1_Chlorophyll_A_001_phosphate_plate4.tif,1,944.000,944,944
9287,G3_01_1_1_Chlorophyll_A_001_phosphate_plate4.tif,1,944.000,944,944
9288,G3_01_1_1_Chlorophyll_A_001_phosphate_plate4.tif,1,976.000,976,976
9289,G3_01_1_1_Chlorophyll_A_001_phosphate_plate4.tif,1,992.000,992,992
9290,G3_01_1_1_Chlorophyll_A_001_phosphate_plate4.tif,1,944.000,944,944
9291,G3_01_1_1_Chlorophyll_A_001_phosphate_plate4.tif,1,944.000,944,944
9292,G3_01_1_1_Chlorophyll_A_001_phosphate_plate4.tif,102,5141.961,944,33936
9293,G3_01_1_1_Chlorophyll_A_001_phosphate_plate4.tif,1,960.000,960,960
9294,G3_01_1_1_Chlorophyll_A_001_phosphate_plate4.tif,60,1067.200,944,1296
9295,G3_01_1_1_Chlorophyll_A_001_phosphate_plate4.tif,17,1094.588,944,1296
9296,G3_01_1_1_Chlorophyll_A_001_phosphate_plate4.tif,1,1120.000,1120,1120
9297,G3_01_1_1_Chlorophyll_A_001_phosphate_plate4.tif,1,976.000,976,976
9298,G3_01_1_1_Chlorophyll_A_001_phosphate_plate4.tif,1,976.000,976,976
9299,G3_01_1_1_Chlorophyll_A_001_phosphate_plate4.tif,1,960.000,960,960
9300,G3_01_1_1_Chlorophyll_A_001_phosphate_plate4.tif,1,976.000,976,976
9301,G3_01_1_1_Chlorophyll_A_001_phosphate_plate4.tif,116,5162.483,944,31952
9302,G3_01_1_1_Chlorophyll_A_001_phosphate_plate4.tif,1,1040.000,1040,1040
9303,G3_01_1_1_Chlorophyll_A_001_phosphate_plate4.tif,1,976.000,976,976
9304,G3_01_1_1_Chlorophyll_A_001_phosphate_plate4.tif,20,1101.600,960,1360
9305,G3_01_1_1_Chlorophyll_A_001_phosphate_plate4.tif,42,1117.714,944,1488
9306,G3_01_1_1_Chlorophyll_A_001_phosphate_plate4.tif,36,1132.889,944,1472
9307,G3_01_1_1_Chlorophyll_A_001_phosphate_plate4.tif,30,1101.867,944,1360
9308,G3_01_1_1_Chlorophyll_A_001_phosphate_plate4.tif,1,944.000,944,944
9309,G3_01_1_1_Chlorophyll_A_001_phosphate_plate4.tif,1,1040.000,1040,1040
9310,G3_01_1_1_Chlorophyll_A_001_phosphate_plate4.tif,3,1088.000,976,1168
9311,G3_01_1_1_Chlorophyll_A_001_phosphate_plate4.tif,1,976.000,976,976
9312,G3_01_1_1_Chlorophyll_A_001_phosphate_plate4.tif,1,976.000,976,976
9313,G3_01_1_1_Chlorophyll_A_001_phosphate_plate4.tif,2,952.000,944,960
9314,G3_01_1_1_Chlorophyll_A_001_phosphate_plate4.tif,1,1072.000,1072,1072
9315,G3_01_1_1_Chlorophyll_A_001_phosphate_plate4.tif,1,992.000,992,992
9316,G3_01_1_1_Chlorophyll_A_001_phosphate_plate4.tif,1,992.000,992,992
9317,G3_01_1_1_Chlorophyll_A_001_phosphate_plate4.tif,1,960.000,960,960
9318,G3_01_1_1_Chlorophyll_A_001_phosphate_plate4.tif,1,976.000,976,976
9319,G3_01_1_1_Chlorophyll_A_001_phosphate_plate4.tif,1,1072.000,1072,1072
9320,G3_01_1_1_Chlorophyll_A_001_phosphate_plate4.tif,1,944.000,944,944
9321,G3_01_1_1_Chlorophyll_A_001_phosphate_plate4.tif,1,976.000,976,976
9322,G3_01_1_1_Chlorophyll_A_001_phosphate_plate4.tif,101,1127.762,960,1568
9323,G3_01_1_1_Chlorophyll_A_001_phosphate_plate4.tif,39,1078.974,944,1376
9324,G3_01_1_1_Chlorophyll_A_001_phosphate_plate4.tif,29,1080.828,944,1392
9325,G3_01_1_1_Chlorophyll_A_001_phosphate_plate4.tif,1,960.000,960,960
9326,G3_01_1_1_Chlorophyll_A_001_phosphate_plate4.tif,30,1102.933,944,1296
9327,G3_01_1_1_Chlorophyll_A_001_phosphate_plate4.tif,12,1021.333,944,1120
9328,G3_01_1_1_Chlorophyll_A_001_phosphate_plate4.tif,2,1008.000,976,1040
9329,G3_01_1_1_Chlorophyll_A_001_phosphate_plate4.tif,1,976.000,976,976
9330,G3_01_1_1_Chlorophyll_A_001_phosphate_plate4.tif,3,1018.667,976,1104
9331,G3_01_1_1_Chlorophyll_A_001_phosphate_plate4.tif,3,1018.667,944,1072
9332,G3_01_1_1_Chlorophyll_A_001_phosphate_plate4.tif,1,1088.000,1088,1088
9333,G3_01_1_1_Chlorophyll_A_001_phosphate_plate4.tif,1,992.000,992,992
9334,G3_01_1_1_Chlorophyll_A_001_phosphate_plate4.tif,1,1024.000,1024,1024
9335,G3_01_1_1_Chlorophyll_A_001_phosphate_plate4.tif,1,944.000,944,944
9336,G3_01_1_1_Chlorophyll_A_001_phosphate_plate4.tif,1,1072.000,1072,1072
9337,G3_01_1_1_Chlorophyll_A_001_phosphate_plate4.tif,1,960.000,960,960
9338,G3_01_1_1_Chlorophyll_A_001_phosphate_plate4.tif,1,976.000,976,976
9339,G3_01_1_1_Chlorophyll_A_001_phosphate_plate4.tif,1,960.000,960,960
9340,G3_01_1_1_Chlorophyll_A_001_phosphate_plate4.tif,1,944.000,944,944
9341,G3_01_1_1_Chlorophyll_A_001_phosphate_plate4.tif,1,960.000,960,960
9342,G3_01_1_1_Chlorophyll_A_001_phosphate_plate4.tif,2,1016.000,976,1056
9343,G3_01_1_1_Chlorophyll_A_001_phosphate_plate4.tif,1,976.000,976,976
9344,G3_01_1_1_Chlorophyll_A_001_phosphate_plate4.tif,1,976.000,976,976
9345,G3_01_1_1_Chlorophyll_A_001_phosphate_plate4.tif,1,960.000,960,960
9346,G3_01_1_1_Chlorophyll_A_001_phosphate_plate4.tif,59,1067.119,944,1472
9347,G3_01_1_1_Chlorophyll_A_001_phosphate_plate4.tif,1,992.000,992,992
9348,G3_01_1_1_Chlorophyll_A_001_phosphate_plate4.tif,1,992.000,992,992
9349,G3_01_1_1_Chlorophyll_A_001_phosphate_plate4.tif,1,960.000,960,960
9350,G3_01_1_1_Chlorophyll_A_001_phosphate_plate4.tif,1,1072.000,1072,1072
9351,G3_01_1_1_Chlorophyll_A_001_phosphate_plate4.tif,1,960.000,960,960
9352,G3_01_1_1_Chlorophyll_A_001_phosphate_plate4.tif,73,4543.781,960,23136
9353,G3_01_1_1_Chlorophyll_A_001_phosphate_plate4.tif,28,1044.571,944,1216
9354,G3_01_1_1_Chlorophyll_A_001_phosphate_plate4.tif,5,1011.200,960,1104
9355,G3_01_1_1_Chlorophyll_A_001_phosphate_plate4.tif,1,1040.000,1040,1040
9356,G3_01_1_1_Chlorophyll_A_001_phosphate_plate4.tif,1,1088.000,1088,1088
9357,G3_01_1_1_Chlorophyll_A_001_phosphate_plate4.tif,2,1000.000,960,1040
9358,G3_01_1_1_Chlorophyll_A_001_phosphate_plate4.tif,1,1056.000,1056,1056
9359,G3_01_1_1_Chlorophyll_A_001_phosphate_plate4.tif,2,1008.000,976,1040
9360,G3_01_1_1_Chlorophyll_A_001_phosphate_plate4.tif,13,1015.385,944,1248
9361,G3_01_1_1_Chlorophyll_A_001_phosphate_plate4.tif,7,1024.000,960,1088
9362,G3_01_1_1_Chlorophyll_A_001_phosphate_plate4.tif,2,1008.000,960,1056
9363,G3_01_1_1_Chlorophyll_A_001_phosphate_plate4.tif,1,944.000,944,944
9364,G3_01_1_1_Chlorophyll_A_001_phosphate_plate4.tif,2,968.000,944,992
9365,G3_01_1_1_Chlorophyll_A_001_phosphate_plate4.tif,1,960.000,960,960
9366,G3_01_1_1_Chlorophyll_A_001_phosphate_plate4.tif,3,970.667,944,1008
9367,G3_01_1_1_Chlorophyll_A_001_phosphate_plate4.tif,1,976.000,976,976
9368,G3_01_1_1_Chlorophyll_A_001_phosphate_plate4.tif,2,984.000,960,1008
9369,G3_01_1_1_Chlorophyll_A_001_phosphate_plate4.tif,1,976.000,976,976
9370,G3_01_1_1_Chlorophyll_A_001_phosphate_plate4.tif,1,1024.000,1024,1024
9371,G3_01_1_1_Chlorophyll_A_001_phosphate_plate4.tif,1,976.000,976,976
9372,G3_01_1_1_Chlorophyll_A_001_phosphate_plate4.tif,1,1024.000,1024,1024
9373,G3_01_1_1_Chlorophyll_A_001_phosphate_plate4.tif,1,1056.000,1056,1056
9374,G3_01_1_1_Chlorophyll_A_001_phosphate_plate4.tif,1,944.000,944,944
9375,G3_01_1_1_Chlorophyll_A_001_phosphate_plate4.tif,1,976.000,976,976
9376,G3_01_1_1_Chlorophyll_A_001_phosphate_plate4.tif,18,1103.111,944,1296
9377,G3_01_1_1_Chlorophyll_A_001_phosphate_plate4.tif,66,1082.424,944,1360
9378,G3_01_1_1_Chlorophyll_A_001_phosphate_plate4.tif,23,1063.652,944,1248
9379,G3_01_1_1_Chlorophyll_A_001_phosphate_plate4.tif,342,2110.690,944,24416
9380,G3_01_1_1_Chlorophyll_A_001_phosphate_plate4.tif,4,1040.000,1024,1056
9381,G3_01_1_1_Chlorophyll_A_001_phosphate_plate4.tif,1,1024.000,1024,1024
9382,G3_01_1_1_Chlorophyll_A_001_phosphate_plate4.tif,2,968.000,960,976
9383,G3_01_1_1_Chlorophyll_A_001_phosphate_plate4.tif,1,944.000,944,944
9384,G3_01_1_1_Chlorophyll_A_001_phosphate_plate4.tif,1,944.000,944,944
9385,G3_01_1_1_Chlorophyll_A_001_phosphate_plate4.tif,1,944.000,944,944
9386,G3_01_1_1_Chlorophyll_A_001_phosphate_plate4.tif,1,992.000,992,992
9387,G3_01_1_1_Chlorophyll_A_001_phosphate_plate4.tif,1,944.000,944,944
9388,G3_01_1_1_Chlorophyll_A_001_phosphate_plate4.tif,1,960.000,960,960
9389,G3_01_1_1_Chlorophyll_A_001_phosphate_plate4.tif,25,1135.360,960,1632
9390,G3_01_1_1_Chlorophyll_A_001_phosphate_plate4.tif,19,1140.211,960,1312
9391,G3_01_1_1_Chlorophyll_A_001_phosphate_plate4.tif,5,998.400,944,1056
9392,G3_01_1_1_Chlorophyll_A_001_phosphate_plate4.tif,5,1030.400,992,1040
9393,G3_01_1_1_Chlorophyll_A_001_phosphate_plate4.tif,1,960.000,960,960
9394,G3_01_1_1_Chlorophyll_A_001_phosphate_plate4.tif,8,1042.000,944,1232
9395,G3_01_1_1_Chlorophyll_A_001_phosphate_plate4.tif,7,1033.143,960,1152
9396,G3_01_1_1_Chlorophyll_A_001_phosphate_plate4.tif,1,1088.000,1088,1088
9397,G3_01_1_1_Chlorophyll_A_001_phosphate_plate4.tif,1,1056.000,1056,1056
9398,G3_01_1_1_Chlorophyll_A_001_phosphate_plate4.tif,1,976.000,976,976
9399,G3_01_1_1_Chlorophyll_A_001_phosphate_plate4.tif,1,944.000,944,944
9400,G3_01_1_1_Chlorophyll_A_001_phosphate_plate4.tif,3,992.000,944,1040
9401,G3_01_1_1_Chlorophyll_A_001_phosphate_plate4.tif,1,976.000,976,976
9402,G3_01_1_1_Chlorophyll_A_001_phosphate_plate4.tif,1,992.000,992,992
9403,G3_01_1_1_Chlorophyll_A_001_phosphate_plate4.tif,1,992.000,992,992
9404,G3_01_1_1_Chlorophyll_A_001_phosphate_plate4.tif,1,1088.000,1088,1088
9405,G3_01_1_1_Chlorophyll_A_001_phosphate_plate4.tif,1,992.000,992,992
9406,G3_01_1_1_Chlorophyll_A_001_phosphate_plate4.tif,1,1136.000,1136,1136
9407,G3_01_1_1_Chlorophyll_A_001_phosphate_plate4.tif,1,1008.000,1008,1008
9408,G3_01_1_1_Chlorophyll_A_001_phosphate_plate4.tif,1,944.000,944,944
9409,G3_01_1_1_Chlorophyll_A_001_phosphate_plate4.tif,1,960.000,960,960
9410,G3_01_1_1_Chlorophyll_A_001_phosphate_plate4.tif,1,944.000,944,944
9411,G3_01_1_1_Chlorophyll_A_001_phosphate_plate4.tif,184,2211.826,944,20912
9412,G3_01_1_1_Chlorophyll_A_001_phosphate_plate4.tif,2,1008.000,960,1056
9413,G3_01_1_1_Chlorophyll_A_001_phosphate_plate4.tif,1,960.000,960,960
9414,G3_01_1_1_Chlorophyll_A_001_phosphate_plate4.tif,1,960.000,960,960
9415,G3_01_1_1_Chlorophyll_A_001_phosphate_plate4.tif,1,1056.000,1056,1056
9416,G3_01_1_1_Chlorophyll_A_001_phosphate_plate4.tif,1,944.000,944,944
9417,G3_01_1_1_Chlorophyll_A_001_phosphate_plate4.tif,1,992.000,992,992
9418,G3_01_1_1_Chlorophyll_A_001_phosphate_plate4.tif,1,944.000,944,944
9419,G3_01_1_1_Chlorophyll_A_001_phosphate_plate4.tif,1,1024.000,1024,1024
9420,G3_01_1_1_Chlorophyll_A_001_phosphate_plate4.tif,1,960.000,960,960
9421,G3_01_1_1_Chlorophyll_A_001_phosphate_plate4.tif,1,960.000,960,960
9422,G3_01_1_1_Chlorophyll_A_001_phosphate_plate4.tif,20,1102.400,944,1296
9423,G3_01_1_1_Chlorophyll_A_001_phosphate_plate4.tif,397,2510.710,944,28768
9424,G3_01_1_1_Chlorophyll_A_001_phosphate_plate4.tif,23,1100.522,944,1328
9425,G3_01_1_1_Chlorophyll_A_001_phosphate_plate4.tif,5,1001.600,944,1056
9426,G3_01_1_1_Chlorophyll_A_001_phosphate_plate4.tif,3,1045.333,960,1168
9427,G3_01_1_1_Chlorophyll_A_001_phosphate_plate4.tif,2,960.000,944,976
9428,G3_01_1_1_Chlorophyll_A_001_phosphate_plate4.tif,4,956.000,944,976
9429,G3_01_1_1_Chlorophyll_A_001_phosphate_plate4.tif,2,968.000,944,992
9430,G3_01_1_1_Chlorophyll_A_001_phosphate_plate4.tif,1,960.000,960,960
9431,G3_01_1_1_Chlorophyll_A_001_phosphate_plate4.tif,2,952.000,944,960
9432,G3_01_1_1_Chlorophyll_A_001_phosphate_plate4.tif,2,1016.000,976,1056
9433,G3_01_1_1_Chlorophyll_A_001_phosphate_plate4.tif,1,1152.000,1152,1152
9434,G3_01_1_1_Chlorophyll_A_001_phosphate_plate4.tif,1,1056.000,1056,1056
9435,G3_01_1_1_Chlorophyll_A_001_phosphate_plate4.tif,21,1104.762,944,1344
9436,G3_01_1_1_Chlorophyll_A_001_phosphate_plate4.tif,58,1262.345,944,2224
9437,G3_01_1_1_Chlorophyll_A_001_phosphate_plate4.tif,35,1088.457,944,1376
9438,G3_01_1_1_Chlorophyll_A_001_phosphate_plate4.tif,1,944.000,944,944
9439,G3_01_1_1_Chlorophyll_A_001_phosphate_plate4.tif,2,968.000,944,992
9440,G3_01_1_1_Chlorophyll_A_001_phosphate_plate4.tif,3,1002.667,944,1072
9441,G3_01_1_1_Chlorophyll_A_001_phosphate_plate4.tif,1,944.000,944,944
9442,G3_01_1_1_Chlorophyll_A_001_phosphate_plate4.tif,1,944.000,944,944
9443,G3_01_1_1_Chlorophyll_A_001_phosphate_plate4.tif,1,992.000,992,992
9444,G3_01_1_1_Chlorophyll_A_001_phosphate_plate4.tif,1,992.000,992,992
9445,G3_01_1_1_Chlorophyll_A_001_phosphate_plate4.tif,1,992.000,992,992
9446,G3_01_1_1_Chlorophyll_A_001_phosphate_plate4.tif,138,5214.957,944,29216
9447,G3_01_1_1_Chlorophyll_A_001_phosphate_plate4.tif,52,1096.308,944,1392
9448,G3_01_1_1_Chlorophyll_A_001_phosphate_plate4.tif,18,1141.333,944,1456
9449,G3_01_1_1_Chlorophyll_A_001_phosphate_plate4.tif,17,1150.118,944,1520
9450,G3_01_1_1_Chlorophyll_A_001_phosphate_plate4.tif,17,1121.882,960,1360
9451,G3_01_1_1_Chlorophyll_A_001_phosphate_plate4.tif,509,2706.232,944,36736
9452,G3_01_1_1_Chlorophyll_A_001_phosphate_plate4.tif,3,1029.333,976,1088
9453,G3_01_1_1_Chlorophyll_A_001_phosphate_plate4.tif,7,1017.143,944,1072
9454,G3_01_1_1_Chlorophyll_A_001_phosphate_plate4.tif,235,4177.770,944,46912
9455,G3_01_1_1_Chlorophyll_A_001_phosphate_plate4.tif,1,976.000,976,976
9456,G3_01_1_1_Chlorophyll_A_001_phosphate_plate4.tif,1,960.000,960,960
9457,G3_01_1_1_Chlorophyll_A_001_phosphate_plate4.tif,1,944.000,944,944
9458,G3_01_1_1_Chlorophyll_A_001_phosphate_plate4.tif,1,976.000,976,976
9459,G3_01_1_1_Chlorophyll_A_001_phosphate_plate4.tif,1,960.000,960,960
9460,G3_01_1_1_Chlorophyll_A_001_phosphate_plate4.tif,1,1008.000,1008,1008
9461,G3_01_1_1_Chlorophyll_A_001_phosphate_plate4.tif,17,1119.059,976,1456
9462,G3_01_1_1_Chlorophyll_A_001_phosphate_plate4.tif,34,1084.235,944,1360
9463,G3_01_1_1_Chlorophyll_A_001_phosphate_plate4.tif,7,1094.857,960,1232
9464,G3_01_1_1_Chlorophyll_A_001_phosphate_plate4.tif,1,976.000,976,976
9465,G3_01_1_1_Chlorophyll_A_001_phosphate_plate4.tif,1,1040.000,1040,1040
9466,G3_01_1_1_Chlorophyll_A_001_phosphate_plate4.tif,2,992.000,976,1008
9467,G3_01_1_1_Chlorophyll_A_001_phosphate_plate4.tif,1,944.000,944,944
9468,G3_01_1_1_Chlorophyll_A_001_phosphate_plate4.tif,1,960.000,960,960
9469,G3_01_1_1_Chlorophyll_A_001_phosphate_plate4.tif,1,960.000,960,960
9470,G3_01_1_1_Chlorophyll_A_001_phosphate_plate4.tif,1,944.000,944,944
9471,G3_01_1_1_Chlorophyll_A_001_phosphate_plate4.tif,1,1056.000,1056,1056
9472,G3_01_1_1_Chlorophyll_A_001_phosphate_plate4.tif,1,992.000,992,992
9473,G3_01_1_1_Chlorophyll_A_001_phosphate_plate4.tif,1,944.000,944,944
9474,G3_01_1_1_Chlorophyll_A_001_phosphate_plate4.tif,1,944.000,944,944
9475,G3_01_1_1_Chlorophyll_A_001_phosphate_plate4.tif,1,944.000,944,944
9476,G3_01_1_1_Chlorophyll_A_001_phosphate_plate4.tif,1,944.000,944,944
9477,G3_01_1_1_Chlorophyll_A_001_phosphate_plate4.tif,1,992.000,992,992
9478,G3_01_1_1_Chlorophyll_A_001_phosphate_plate4.tif,1,944.000,944,944
9479,G3_01_1_1_Chlorophyll_A_001_phosphate_plate4.tif,1,1136.000,1136,1136
9480,G3_01_1_1_Chlorophyll_A_001_phosphate_plate4.tif,22,1092.364,944,1344
9481,G3_01_1_1_Chlorophyll_A_001_phosphate_plate4.tif,5,1004.800,960,1056
9482,G3_01_1_1_Chlorophyll_A_001_phosphate_plate4.tif,3,997.333,992,1008
9483,G3_01_1_1_Chlorophyll_A_001_phosphate_plate4.tif,1,1056.000,1056,1056
9484,G3_01_1_1_Chlorophyll_A_001_phosphate_plate4.tif,1,992.000,992,992
9485,G3_01_1_1_Chlorophyll_A_001_phosphate_plate4.tif,1,976.000,976,976
9486,G3_01_1_1_Chlorophyll_A_001_phosphate_plate4.tif,1,992.000,992,992
9487,G3_01_1_1_Chlorophyll_A_001_phosphate_plate4.tif,1,992.000,992,992
9488,G3_01_1_1_Chlorophyll_A_001_phosphate_plate4.tif,40,1096.800,944,1264
9489,G3_01_1_1_Chlorophyll_A_001_phosphate_plate4.tif,2,944.000,944,944
9490,G3_01_1_1_Chlorophyll_A_001_phosphate_plate4.tif,2,1088.000,992,1184
9491,G3_01_1_1_Chlorophyll_A_001_phosphate_plate4.tif,3,997.333,976,1040
9492,G3_01_1_1_Chlorophyll_A_001_phosphate_plate4.tif,1,1040.000,1040,1040
9493,G3_01_1_1_Chlorophyll_A_001_phosphate_plate4.tif,2,984.000,976,992
9494,G3_01_1_1_Chlorophyll_A_001_phosphate_plate4.tif,1,960.000,960,960
9495,G3_01_1_1_Chlorophyll_A_001_phosphate_plate4.tif,1,1008.000,1008,1008
9496,G3_01_1_1_Chlorophyll_A_001_phosphate_plate4.tif,1,1088.000,1088,1088
9497,G3_01_1_1_Chlorophyll_A_001_phosphate_plate4.tif,1,1008.000,1008,1008
9498,G3_01_1_1_Chlorophyll_A_001_phosphate_plate4.tif,1,1056.000,1056,1056
9499,G3_01_1_1_Chlorophyll_A_001_phosphate_plate4.tif,1,1040.000,1040,1040
9500,G3_01_1_1_Chlorophyll_A_001_phosphate_plate4.tif,35,1109.029,944,1408
9501,G3_01_1_1_Chlorophyll_A_001_phosphate_plate4.tif,44,1091.273,944,1344
9502,G3_01_1_1_Chlorophyll_A_001_phosphate_plate4.tif,21,1096.381,944,1360
9503,G3_01_1_1_Chlorophyll_A_001_phosphate_plate4.tif,3,981.333,944,1040
9504,G3_01_1_1_Chlorophyll_A_001_phosphate_plate4.tif,1,976.000,976,976
9505,G3_01_1_1_Chlorophyll_A_001_phosphate_plate4.tif,1,944.000,944,944
9506,G3_01_1_1_Chlorophyll_A_001_phosphate_plate4.tif,1,976.000,976,976
9507,G3_01_1_1_Chlorophyll_A_001_phosphate_plate4.tif,1,1040.000,1040,1040
9508,G3_01_1_1_Chlorophyll_A_001_phosphate_plate4.tif,1,992.000,992,992
9509,G3_01_1_1_Chlorophyll_A_001_phosphate_plate4.tif,1,992.000,992,992
9510,G3_01_1_1_Chlorophyll_A_001_phosphate_plate4.tif,1,960.000,960,960
9511,G3_01_1_1_Chlorophyll_A_001_phosphate_plate4.tif,1,1008.000,1008,1008
9512,G3_01_1_1_Chlorophyll_A_001_phosphate_plate4.tif,65,3321.600,976,17696
9513,G3_01_1_1_Chlorophyll_A_001_phosphate_plate4.tif,1,1040.000,1040,1040
9514,G3_01_1_1_Chlorophyll_A_001_phosphate_plate4.tif,24,1089.333,944,1408
9515,G3_01_1_1_Chlorophyll_A_001_phosphate_plate4.tif,236,2359.593,944,18064
9516,G3_01_1_1_Chlorophyll_A_001_phosphate_plate4.tif,1,944.000,944,944
9517,G3_01_1_1_Chlorophyll_A_001_phosphate_plate4.tif,3,1008.000,992,1024
9518,G3_01_1_1_Chlorophyll_A_001_phosphate_plate4.tif,8,988.000,944,1120
9519,G3_01_1_1_Chlorophyll_A_001_phosphate_plate4.tif,1,1248.000,1248,1248
9520,G3_01_1_1_Chlorophyll_A_001_phosphate_plate4.tif,1,976.000,976,976
9521,G3_01_1_1_Chlorophyll_A_001_phosphate_plate4.tif,1,976.000,976,976
9522,G3_01_1_1_Chlorophyll_A_001_phosphate_plate4.tif,1,976.000,976,976
9523,G3_01_1_1_Chlorophyll_A_001_phosphate_plate4.tif,1,960.000,960,960
9524,G3_01_1_1_Chlorophyll_A_001_phosphate_plate4.tif,1,976.000,976,976
9525,G3_01_1_1_Chlorophyll_A_001_phosphate_plate4.tif,1,960.000,960,960
9526,G3_01_1_1_Chlorophyll_A_001_phosphate_plate4.tif,1,1040.000,1040,1040
9527,G3_01_1_1_Chlorophyll_A_001_phosphate_plate4.tif,15,1054.933,960,1248
9528,G3_01_1_1_Chlorophyll_A_001_phosphate_plate4.tif,2,984.000,976,992
9529,G3_01_1_1_Chlorophyll_A_001_phosphate_plate4.tif,3,1013.333,944,1104
9530,G3_01_1_1_Chlorophyll_A_001_phosphate_plate4.tif,1,1040.000,1040,1040
9531,G3_01_1_1_Chlorophyll_A_001_phosphate_plate4.tif,1,1104.000,1104,1104
9532,G3_01_1_1_Chlorophyll_A_001_phosphate_plate4.tif,2,984.000,976,992
9533,G3_01_1_1_Chlorophyll_A_001_phosphate_plate4.tif,1,944.000,944,944
9534,G3_01_1_1_Chlorophyll_A_001_phosphate_plate4.tif,2,976.000,960,992
9535,G3_01_1_1_Chlorophyll_A_001_phosphate_plate4.tif,1,1024.000,1024,1024
9536,G3_01_1_1_Chlorophyll_A_001_phosphate_plate4.tif,1,992.000,992,992
9537,G3_01_1_1_Chlorophyll_A_001_phosphate_plate4.tif,1,960.000,960,960
9538,G3_01_1_1_Chlorophyll_A_001_phosphate_plate4.tif,1,944.000,944,944
9539,G3_01_1_1_Chlorophyll_A_001_phosphate_plate4.tif,1,944.000,944,944
9540,G3_01_1_1_Chlorophyll_A_001_phosphate_plate4.tif,2,976.000,944,1008
9541,G3_01_1_1_Chlorophyll_A_001_phosphate_plate4.tif,2,952.000,944,960
9542,G3_01_1_1_Chlorophyll_A_001_phosphate_plate4.tif,1,1024.000,1024,1024
9543,G3_01_1_1_Chlorophyll_A_001_phosphate_plate4.tif,1,960.000,960,960
9544,G3_01_1_1_Chlorophyll_A_001_phosphate_plate4.tif,1,1056.000,1056,1056
9545,G3_01_1_1_Chlorophyll_A_001_phosphate_plate4.tif,9,1139.556,1024,1328
9546,G3_01_1_1_Chlorophyll_A_001_phosphate_plate4.tif,44,1147.477,944,1504
9547,G3_01_1_1_Chlorophyll_A_001_phosphate_plate4.tif,29,1113.379,960,1424
9548,G3_01_1_1_Chlorophyll_A_001_phosphate_plate4.tif,27,1083.852,960,1424
9549,G3_01_1_1_Chlorophyll_A_001_phosphate_plate4.tif,23,1134.609,944,1392
9550,G3_01_1_1_Chlorophyll_A_001_phosphate_plate4.tif,1,1152.000,1152,1152
9551,G3_01_1_1_Chlorophyll_A_001_phosphate_plate4.tif,1,1040.000,1040,1040
9552,G3_01_1_1_Chlorophyll_A_001_phosphate_plate4.tif,2,968.000,944,992
9553,G3_01_1_1_Chlorophyll_A_001_phosphate_plate4.tif,2,1032.000,1008,1056
9554,G3_01_1_1_Chlorophyll_A_001_phosphate_plate4.tif,1,960.000,960,960
9555,G3_01_1_1_Chlorophyll_A_001_phosphate_plate4.tif,1,1008.000,1008,1008
9556,G3_01_1_1_Chlorophyll_A_001_phosphate_plate4.tif,1,1200.000,1200,1200
9557,G3_01_1_1_Chlorophyll_A_001_phosphate_plate4.tif,1,1056.000,1056,1056
9558,G3_01_1_1_Chlorophyll_A_001_phosphate_plate4.tif,1,960.000,960,960
9559,G3_01_1_1_Chlorophyll_A_001_phosphate_plate4.tif,1,992.000,992,992
9560,G3_01_1_1_Chlorophyll_A_001_phosphate_plate4.tif,1,1040.000,1040,1040
9561,G3_01_1_1_Chlorophyll_A_001_phosphate_plate4.tif,1,1040.000,1040,1040
9562,G3_01_1_1_Chlorophyll_A_001_phosphate_plate4.tif,1,1024.000,1024,1024
9563,G3_01_1_1_Chlorophyll_A_001_phosphate_plate4.tif,1,1024.000,1024,1024
9564,G3_01_1_1_Chlorophyll_A_001_phosphate_plate4.tif,1,1056.000,1056,1056
9565,G3_01_1_1_Chlorophyll_A_001_phosphate_plate4.tif,118,5753.763,944,37136
9566,G3_01_1_1_Chlorophyll_A_001_phosphate_plate4.tif,1,992.000,992,992
9567,G3_01_1_1_Chlorophyll_A_001_phosphate_plate4.tif,1,992.000,992,992
9568,G3_01_1_1_Chlorophyll_A_001_phosphate_plate4.tif,32,1111.500,944,1392
9569,G3_01_1_1_Chlorophyll_A_001_phosphate_plate4.tif,12,1117.333,960,1296
9570,G3_01_1_1_Chlorophyll_A_001_phosphate_plate4.tif,31,1077.677,944,1312
9571,G3_01_1_1_Chlorophyll_A_001_phosphate_plate4.tif,15,1097.600,960,1312
9572,G3_01_1_1_Chlorophyll_A_001_phosphate_plate4.tif,1,992.000,992,992
9573,G3_01_1_1_Chlorophyll_A_001_phosphate_plate4.tif,1,960.000,960,960
9574,G3_01_1_1_Chlorophyll_A_001_phosphate_plate4.tif,1,1072.000,1072,1072
9575,G3_01_1_1_Chlorophyll_A_001_phosphate_plate4.tif,1,944.000,944,944
9576,G3_01_1_1_Chlorophyll_A_001_phosphate_plate4.tif,1,944.000,944,944
9577,G3_01_1_1_Chlorophyll_A_001_phosphate_plate4.tif,1,1008.000,1008,1008
9578,G3_01_1_1_Chlorophyll_A_001_phosphate_plate4.tif,1,1008.000,1008,1008
9579,G3_01_1_1_Chlorophyll_A_001_phosphate_plate4.tif,205,4930.810,944,32800
9580,G3_01_1_1_Chlorophyll_A_001_phosphate_plate4.tif,27,1069.037,944,1296
9581,G3_01_1_1_Chlorophyll_A_001_phosphate_plate4.tif,3,1018.667,976,1088
9582,G3_01_1_1_Chlorophyll_A_001_phosphate_plate4.tif,1,1120.000,1120,1120
9583,G3_01_1_1_Chlorophyll_A_001_phosphate_plate4.tif,1,944.000,944,944
9584,G3_01_1_1_Chlorophyll_A_001_phosphate_plate4.tif,1,1040.000,1040,1040
9585,G3_01_1_1_Chlorophyll_A_001_phosphate_plate4.tif,1,1008.000,1008,1008
9586,G3_01_1_1_Chlorophyll_A_001_phosphate_plate4.tif,1,976.000,976,976
9587,G3_01_1_1_Chlorophyll_A_001_phosphate_plate4.tif,1,1024.000,1024,1024
9588,G3_01_1_1_Chlorophyll_A_001_phosphate_plate4.tif,36,1107.111,960,1408
9589,G3_01_1_1_Chlorophyll_A_001_phosphate_plate4.tif,6,1032.000,944,1280
9590,G3_01_1_1_Chlorophyll_A_001_phosphate_plate4.tif,1,944.000,944,944
9591,G3_01_1_1_Chlorophyll_A_001_phosphate_plate4.tif,1,944.000,944,944
9592,G3_01_1_1_Chlorophyll_A_001_phosphate_plate4.tif,4,1008.000,976,1072
9593,G3_01_1_1_Chlorophyll_A_001_phosphate_plate4.tif,2,1080.000,992,1168
9594,G3_01_1_1_Chlorophyll_A_001_phosphate_plate4.tif,1,1088.000,1088,1088
9595,G3_01_1_1_Chlorophyll_A_001_phosphate_plate4.tif,1,1072.000,1072,1072
9596,G3_01_1_1_Chlorophyll_A_001_phosphate_plate4.tif,1,1088.000,1088,1088
9597,G3_01_1_1_Chlorophyll_A_001_phosphate_plate4.tif,1,944.000,944,944
9598,G3_01_1_1_Chlorophyll_A_001_phosphate_plate4.tif,1,960.000,960,960
9599,G3_01_1_1_Chlorophyll_A_001_phosphate_plate4.tif,1,1104.000,1104,1104
9600,G3_01_1_1_Chlorophyll_A_001_phosphate_plate4.tif,1,944.000,944,944
9601,G3_01_1_1_Chlorophyll_A_001_phosphate_plate4.tif,1,992.000,992,992
9602,G3_01_1_1_Chlorophyll_A_001_phosphate_plate4.tif,1,1104.000,1104,1104
9603,G3_01_1_1_Chlorophyll_A_001_phosphate_plate4.tif,1,944.000,944,944
9604,G3_01_1_1_Chlorophyll_A_001_phosphate_plate4.tif,1,960.000,960,960
9605,G3_01_1_1_Chlorophyll_A_001_phosphate_plate4.tif,290,2201.545,944,23376
9606,G3_01_1_1_Chlorophyll_A_001_phosphate_plate4.tif,1,976.000,976,976
9607,G3_01_1_1_Chlorophyll_A_001_phosphate_plate4.tif,3,954.667,944,976
9608,G3_01_1_1_Chlorophyll_A_001_phosphate_plate4.tif,1,1008.000,1008,1008
9609,G3_01_1_1_Chlorophyll_A_001_phosphate_plate4.tif,2,1024.000,992,1056
9610,G3_01_1_1_Chlorophyll_A_001_phosphate_plate4.tif,1,1104.000,1104,1104
9611,G3_01_1_1_Chlorophyll_A_001_phosphate_plate4.tif,1,1008.000,1008,1008
9612,G3_01_1_1_Chlorophyll_A_001_phosphate_plate4.tif,1,1040.000,1040,1040
9613,G3_01_1_1_Chlorophyll_A_001_phosphate_plate4.tif,2,992.000,944,1040
9614,G3_01_1_1_Chlorophyll_A_001_phosphate_plate4.tif,1,1008.000,1008,1008
9615,G3_01_1_1_Chlorophyll_A_001_phosphate_plate4.tif,1,960.000,960,960
9616,G3_01_1_1_Chlorophyll_A_001_phosphate_plate4.tif,1,944.000,944,944
9617,G3_01_1_1_Chlorophyll_A_001_phosphate_plate4.tif,50,1139.840,960,1456
9618,G3_01_1_1_Chlorophyll_A_001_phosphate_plate4.tif,24,1178.000,944,1440
9619,G3_01_1_1_Chlorophyll_A_001_phosphate_plate4.tif,39,1104.410,960,1408
9620,G3_01_1_1_Chlorophyll_A_001_phosphate_plate4.tif,71,1114.592,944,1456
9621,G3_01_1_1_Chlorophyll_A_001_phosphate_plate4.tif,13,1128.615,944,1280
9622,G3_01_1_1_Chlorophyll_A_001_phosphate_plate4.tif,16,1071.000,944,1264
9623,G3_01_1_1_Chlorophyll_A_001_phosphate_plate4.tif,6,1114.667,976,1312
9624,G3_01_1_1_Chlorophyll_A_001_phosphate_plate4.tif,6,994.667,944,1136
9625,G3_01_1_1_Chlorophyll_A_001_phosphate_plate4.tif,1,976.000,976,976
9626,G3_01_1_1_Chlorophyll_A_001_phosphate_plate4.tif,2,968.000,944,992
9627,G3_01_1_1_Chlorophyll_A_001_phosphate_plate4.tif,1,1072.000,1072,1072
9628,G3_01_1_1_Chlorophyll_A_001_phosphate_plate4.tif,1,1120.000,1120,1120
9629,G3_01_1_1_Chlorophyll_A_001_phosphate_plate4.tif,1,976.000,976,976
9630,G3_01_1_1_Chlorophyll_A_001_phosphate_plate4.tif,1,1008.000,1008,1008
9631,G3_01_1_1_Chlorophyll_A_001_phosphate_plate4.tif,1,960.000,960,960
9632,G3_01_1_1_Chlorophyll_A_001_phosphate_plate4.tif,1,944.000,944,944
9633,G3_01_1_1_Chlorophyll_A_001_phosphate_plate4.tif,1,944.000,944,944
9634,G3_01_1_1_Chlorophyll_A_001_phosphate_plate4.tif,1,1040.000,1040,1040
9635,G3_01_1_1_Chlorophyll_A_001_phosphate_plate4.tif,1,944.000,944,944
9636,G3_01_1_1_Chlorophyll_A_001_phosphate_plate4.tif,1,1008.000,1008,1008
9637,G3_01_1_1_Chlorophyll_A_001_phosphate_plate4.tif,1,1024.000,1024,1024
9638,G3_01_1_1_Chlorophyll_A_001_phosphate_plate4.tif,1,960.000,960,960
9639,G3_01_1_1_Chlorophyll_A_001_phosphate_plate4.tif,149,4840.698,944,31152
9640,G3_01_1_1_Chlorophyll_A_001_phosphate_plate4.tif,23,1086.609,944,1344
9641,G3_01_1_1_Chlorophyll_A_001_phosphate_plate4.tif,42,1082.286,944,1296
9642,G3_01_1_1_Chlorophyll_A_001_phosphate_plate4.tif,1,944.000,944,944
9643,G3_01_1_1_Chlorophyll_A_001_phosphate_plate4.tif,1,992.000,992,992
9644,G3_01_1_1_Chlorophyll_A_001_phosphate_plate4.tif,1,960.000,960,960
9645,G3_01_1_1_Chlorophyll_A_001_phosphate_plate4.tif,1,1056.000,1056,1056
9646,G3_01_1_1_Chlorophyll_A_001_phosphate_plate4.tif,106,4058.113,944,20656
9647,G3_01_1_1_Chlorophyll_A_001_phosphate_plate4.tif,1,960.000,960,960
9648,G3_01_1_1_Chlorophyll_A_001_phosphate_plate4.tif,94,4573.957,944,27712
9649,G3_01_1_1_Chlorophyll_A_001_phosphate_plate4.tif,1,1040.000,1040,1040
9650,G3_01_1_1_Chlorophyll_A_001_phosphate_plate4.tif,13,1110.154,960,1296
9651,G3_01_1_1_Chlorophyll_A_001_phosphate_plate4.tif,36,1085.778,944,1360
9652,G3_01_1_1_Chlorophyll_A_001_phosphate_plate4.tif,20,1101.600,944,1312
9653,G3_01_1_1_Chlorophyll_A_001_phosphate_plate4.tif,40,1100.400,944,1248
9654,G3_01_1_1_Chlorophyll_A_001_phosphate_plate4.tif,6,1042.667,960,1264
9655,G3_01_1_1_Chlorophyll_A_001_phosphate_plate4.tif,1,944.000,944,944
9656,G3_01_1_1_Chlorophyll_A_001_phosphate_plate4.tif,27,1091.556,944,1376
9657,G3_01_1_1_Chlorophyll_A_001_phosphate_plate4.tif,1,1072.000,1072,1072
9658,G3_01_1_1_Chlorophyll_A_001_phosphate_plate4.tif,1,992.000,992,992
9659,G3_01_1_1_Chlorophyll_A_001_phosphate_plate4.tif,1,960.000,960,960
9660,G3_01_1_1_Chlorophyll_A_001_phosphate_plate4.tif,1,960.000,960,960
9661,G3_01_1_1_Chlorophyll_A_001_phosphate_plate4.tif,1,1072.000,1072,1072
9662,G3_01_1_1_Chlorophyll_A_001_phosphate_plate4.tif,1,1024.000,1024,1024
9663,G3_01_1_1_Chlorophyll_A_001_phosphate_plate4.tif,1,976.000,976,976
9664,G3_01_1_1_Chlorophyll_A_001_phosphate_plate4.tif,22,1105.455,960,1360
9665,G3_01_1_1_Chlorophyll_A_001_phosphate_plate4.tif,26,1067.692,944,1456
9666,G3_01_1_1_Chlorophyll_A_001_phosphate_plate4.tif,42,1096.000,944,1488
9667,G3_01_1_1_Chlorophyll_A_001_phosphate_plate4.tif,3,1050.667,960,1104
9668,G3_01_1_1_Chlorophyll_A_001_phosphate_plate4.tif,4,976.000,944,992
9669,G3_01_1_1_Chlorophyll_A_001_phosphate_plate4.tif,1,944.000,944,944
9670,G3_01_1_1_Chlorophyll_A_001_phosphate_plate4.tif,3,954.667,944,960
9671,G3_01_1_1_Chlorophyll_A_001_phosphate_plate4.tif,1,976.000,976,976
9672,G3_01_1_1_Chlorophyll_A_001_phosphate_plate4.tif,1,1008.000,1008,1008
9673,G3_01_1_1_Chlorophyll_A_001_phosphate_plate4.tif,99,4236.444,944,18640
9674,G3_01_1_1_Chlorophyll_A_001_phosphate_plate4.tif,1,944.000,944,944
9675,G3_01_1_1_Chlorophyll_A_001_phosphate_plate4.tif,1,944.000,944,944
9676,G3_01_1_1_Chlorophyll_A_001_phosphate_plate4.tif,15,1092.267,944,1280
9677,G3_01_1_1_Chlorophyll_A_001_phosphate_plate4.tif,29,1108.966,944,1344
9678,G3_01_1_1_Chlorophyll_A_001_phosphate_plate4.tif,91,1096.791,944,1392
9679,G3_01_1_1_Chlorophyll_A_001_phosphate_plate4.tif,42,1096.000,944,1408
9680,G3_01_1_1_Chlorophyll_A_001_phosphate_plate4.tif,38,1094.737,944,1392
9681,G3_01_1_1_Chlorophyll_A_001_phosphate_plate4.tif,1,960.000,960,960
9682,G3_01_1_1_Chlorophyll_A_001_phosphate_plate4.tif,1,960.000,960,960
9683,G3_01_1_1_Chlorophyll_A_001_phosphate_plate4.tif,1,976.000,976,976
9684,G3_01_1_1_Chlorophyll_A_001_phosphate_plate4.tif,1,1008.000,1008,1008
9685,G3_01_1_1_Chlorophyll_A_001_phosphate_plate4.tif,1,992.000,992,992
9686,G3_01_1_1_Chlorophyll_A_001_phosphate_plate4.tif,90,3529.956,944,17488
9687,G3_01_1_1_Chlorophyll_A_001_phosphate_plate4.tif,1,960.000,960,960
9688,G3_01_1_1_Chlorophyll_A_001_phosphate_plate4.tif,69,3932.986,960,19648
9689,G3_01_1_1_Chlorophyll_A_001_phosphate_plate4.tif,1,992.000,992,992
9690,G3_01_1_1_Chlorophyll_A_001_phosphate_plate4.tif,1,1104.000,1104,1104
9691,G3_01_1_1_Chlorophyll_A_001_phosphate_plate4.tif,3,960.000,944,992
9692,G3_01_1_1_Chlorophyll_A_001_phosphate_plate4.tif,1,1056.000,1056,1056
9693,G3_01_1_1_Chlorophyll_A_001_phosphate_plate4.tif,1,960.000,960,960
9694,G3_01_1_1_Chlorophyll_A_001_phosphate_plate4.tif,1,1024.000,1024,1024
9695,G3_01_1_1_Chlorophyll_A_001_phosphate_plate4.tif,1,1008.000,1008,1008
9696,G3_01_1_1_Chlorophyll_A_001_phosphate_plate4.tif,48,1103.667,960,1312
9697,G3_01_1_1_Chlorophyll_A_001_phosphate_plate4.tif,1,1136.000,1136,1136
9698,G3_01_1_1_Chlorophyll_A_001_phosphate_plate4.tif,2,992.000,944,1040
9699,G3_01_1_1_Chlorophyll_A_001_phosphate_plate4.tif,188,2509.617,944,24304
9700,G3_01_1_1_Chlorophyll_A_001_phosphate_plate4.tif,17,1087.059,944,1360
9701,G3_01_1_1_Chlorophyll_A_001_phosphate_plate4.tif,9,997.333,944,1184
9702,G3_01_1_1_Chlorophyll_A_001_phosphate_plate4.tif,1,1120.000,1120,1120
9703,G3_01_1_1_Chlorophyll_A_001_phosphate_plate4.tif,1,944.000,944,944
9704,G3_01_1_1_Chlorophyll_A_001_phosphate_plate4.tif,1,976.000,976,976
9705,G3_01_1_1_Chlorophyll_A_001_phosphate_plate4.tif,1,960.000,960,960
9706,G3_01_1_1_Chlorophyll_A_001_phosphate_plate4.tif,1,944.000,944,944
9707,G3_01_1_1_Chlorophyll_A_001_phosphate_plate4.tif,1,960.000,960,960
9708,G3_01_1_1_Chlorophyll_A_001_phosphate_plate4.tif,2,992.000,944,1040
9709,G3_01_1_1_Chlorophyll_A_001_phosphate_plate4.tif,1,960.000,960,960
9710,G3_01_1_1_Chlorophyll_A_001_phosphate_plate4.tif,1,976.000,976,976
9711,G3_01_1_1_Chlorophyll_A_001_phosphate_plate4.tif,1,960.000,960,960
9712,G3_01_1_1_Chlorophyll_A_001_phosphate_plate4.tif,1,960.000,960,960
9713,G3_01_1_1_Chlorophyll_A_001_phosphate_plate4.tif,1,944.000,944,944
9714,G3_01_1_1_Chlorophyll_A_001_phosphate_plate4.tif,167,5179.976,960,25312
9715,G3_01_1_1_Chlorophyll_A_001_phosphate_plate4.tif,45,1072.000,944,1296
9716,G3_01_1_1_Chlorophyll_A_001_phosphate_plate4.tif,17,1084.235,944,1440
9717,G3_01_1_1_Chlorophyll_A_001_phosphate_plate4.tif,60,1124.800,960,1568
9718,G3_01_1_1_Chlorophyll_A_001_phosphate_plate4.tif,1,976.000,976,976
9719,G3_01_1_1_Chlorophyll_A_001_phosphate_plate4.tif,2,992.000,944,1040
9720,G3_01_1_1_Chlorophyll_A_001_phosphate_plate4.tif,1,992.000,992,992
9721,G3_01_1_1_Chlorophyll_A_001_phosphate_plate4.tif,1,960.000,960,960
9722,G3_01_1_1_Chlorophyll_A_001_phosphate_plate4.tif,1,960.000,960,960
9723,G3_01_1_1_Chlorophyll_A_001_phosphate_plate4.tif,1,992.000,992,992
9724,G3_01_1_1_Chlorophyll_A_001_phosphate_plate4.tif,1,960.000,960,960
9725,G3_01_1_1_Chlorophyll_A_001_phosphate_plate4.tif,1,976.000,976,976
9726,G3_01_1_1_Chlorophyll_A_001_phosphate_plate4.tif,393,5285.333,944,31312
9727,G3_01_1_1_Chlorophyll_A_001_phosphate_plate4.tif,20,1084.000,944,1472
9728,G3_01_1_1_Chlorophyll_A_001_phosphate_plate4.tif,179,3057.520,944,23712
9729,G3_01_1_1_Chlorophyll_A_001_phosphate_plate4.tif,1,992.000,992,992
9730,G3_01_1_1_Chlorophyll_A_001_phosphate_plate4.tif,1,976.000,976,976
9731,G3_01_1_1_Chlorophyll_A_001_phosphate_plate4.tif,1,992.000,992,992
9732,G3_01_1_1_Chlorophyll_A_001_phosphate_plate4.tif,2,944.000,944,944
9733,G3_01_1_1_Chlorophyll_A_001_phosphate_plate4.tif,1,1040.000,1040,1040
9734,G3_01_1_1_Chlorophyll_A_001_phosphate_plate4.tif,1,944.000,944,944
9735,G3_01_1_1_Chlorophyll_A_001_phosphate_plate4.tif,1,944.000,944,944
9736,G3_01_1_1_Chlorophyll_A_001_phosphate_plate4.tif,1,1008.000,1008,1008
9737,G3_01_1_1_Chlorophyll_A_001_phosphate_plate4.tif,161,6373.466,944,35552
9738,G3_01_1_1_Chlorophyll_A_001_phosphate_plate4.tif,1,976.000,976,976
9739,G3_01_1_1_Chlorophyll_A_001_phosphate_plate4.tif,44,1113.455,960,1392
9740,G3_01_1_1_Chlorophyll_A_001_phosphate_plate4.tif,4,1056.000,944,1120
9741,G3_01_1_1_Chlorophyll_A_001_phosphate_plate4.tif,2,1104.000,1024,1184
9742,G3_01_1_1_Chlorophyll_A_001_phosphate_plate4.tif,3,1077.333,944,1168
9743,G3_01_1_1_Chlorophyll_A_001_phosphate_plate4.tif,1,960.000,960,960
9744,G3_01_1_1_Chlorophyll_A_001_phosphate_plate4.tif,1,992.000,992,992
9745,G3_01_1_1_Chlorophyll_A_001_phosphate_plate4.tif,4,1068.000,1008,1200
9746,G3_01_1_1_Chlorophyll_A_001_phosphate_plate4.tif,2,1080.000,1008,1152
9747,G3_01_1_1_Chlorophyll_A_001_phosphate_plate4.tif,2,1096.000,1040,1152
9748,G3_01_1_1_Chlorophyll_A_001_phosphate_plate4.tif,1,976.000,976,976
9749,G3_01_1_1_Chlorophyll_A_001_phosphate_plate4.tif,1,960.000,960,960
9750,G3_01_1_1_Chlorophyll_A_001_phosphate_plate4.tif,1,1040.000,1040,1040
9751,G3_01_1_1_Chlorophyll_A_001_phosphate_plate4.tif,52,1128.923,944,1440
9752,G3_01_1_1_Chlorophyll_A_001_phosphate_plate4.tif,21,1121.524,944,1360
9753,G3_01_1_1_Chlorophyll_A_001_phosphate_plate4.tif,17,1059.765,944,1312
9754,G3_01_1_1_Chlorophyll_A_001_phosphate_plate4.tif,52,1062.769,944,1280
9755,G3_01_1_1_Chlorophyll_A_001_phosphate_plate4.tif,1,1088.000,1088,1088
9756,G3_01_1_1_Chlorophyll_A_001_phosphate_plate4.tif,2,1056.000,976,1136
9757,G3_01_1_1_Chlorophyll_A_001_phosphate_plate4.tif,2,1048.000,976,1120
9758,G3_01_1_1_Chlorophyll_A_001_phosphate_plate4.tif,1,1040.000,1040,1040
9759,G3_01_1_1_Chlorophyll_A_001_phosphate_plate4.tif,1,992.000,992,992
9760,G3_01_1_1_Chlorophyll_A_001_phosphate_plate4.tif,1,1040.000,1040,1040
9761,G3_01_1_1_Chlorophyll_A_001_phosphate_plate4.tif,1,1008.000,1008,1008
9762,G3_01_1_1_Chlorophyll_A_001_phosphate_plate4.tif,116,5662.621,944,38448
9763,G3_01_1_1_Chlorophyll_A_001_phosphate_plate4.tif,1,960.000,960,960
9764,G3_01_1_1_Chlorophyll_A_001_phosphate_plate4.tif,76,1091.368,944,1328
9765,G3_01_1_1_Chlorophyll_A_001_phosphate_plate4.tif,10,1078.400,992,1168
9766,G3_01_1_1_Chlorophyll_A_001_phosphate_plate4.tif,159,2511.597,944,22992
9767,G3_01_1_1_Chlorophyll_A_001_phosphate_plate4.tif,1,992.000,992,992
9768,G3_01_1_1_Chlorophyll_A_001_phosphate_plate4.tif,2,984.000,960,1008
9769,G3_01_1_1_Chlorophyll_A_001_phosphate_plate4.tif,4,1004.000,944,1056
9770,G3_01_1_1_Chlorophyll_A_001_phosphate_plate4.tif,1,1056.000,1056,1056
9771,G3_01_1_1_Chlorophyll_A_001_phosphate_plate4.tif,1,960.000,960,960
9772,G3_01_1_1_Chlorophyll_A_001_phosphate_plate4.tif,1,944.000,944,944
9773,G3_01_1_1_Chlorophyll_A_001_phosphate_plate4.tif,102,3553.412,944,27008
9774,G3_01_1_1_Chlorophyll_A_001_phosphate_plate4.tif,1,960.000,960,960
9775,G3_01_1_1_Chlorophyll_A_001_phosphate_plate4.tif,1,1008.000,1008,1008
9776,G3_01_1_1_Chlorophyll_A_001_phosphate_plate4.tif,1,960.000,960,960
9777,G3_01_1_1_Chlorophyll_A_001_phosphate_plate4.tif,1,960.000,960,960
9778,G3_01_1_1_Chlorophyll_A_001_phosphate_plate4.tif,1,960.000,960,960
9779,G3_01_1_1_Chlorophyll_A_001_phosphate_plate4.tif,72,3675.333,944,16112
9780,G3_01_1_1_Chlorophyll_A_001_phosphate_plate4.tif,1,976.000,976,976
9781,G3_01_1_1_Chlorophyll_A_001_phosphate_plate4.tif,1,992.000,992,992
9782,G3_01_1_1_Chlorophyll_A_001_phosphate_plate4.tif,1,944.000,944,944
9783,G3_01_1_1_Chlorophyll_A_001_phosphate_plate4.tif,44,1118.909,944,1456
9784,G3_01_1_1_Chlorophyll_A_001_phosphate_plate4.tif,26,1123.077,976,1232
9785,G3_01_1_1_Chlorophyll_A_001_phosphate_plate4.tif,5,1017.600,944,1120
9786,G3_01_1_1_Chlorophyll_A_001_phosphate_plate4.tif,1,944.000,944,944
9787,G3_01_1_1_Chlorophyll_A_001_phosphate_plate4.tif,1,976.000,976,976
9788,G3_01_1_1_Chlorophyll_A_001_phosphate_plate4.tif,1,944.000,944,944
9789,G3_01_1_1_Chlorophyll_A_001_phosphate_plate4.tif,2,1024.000,944,1104
9790,G3_01_1_1_Chlorophyll_A_001_phosphate_plate4.tif,1,944.000,944,944
9791,G3_01_1_1_Chlorophyll_A_001_phosphate_plate4.tif,1,944.000,944,944
9792,G3_01_1_1_Chlorophyll_A_001_phosphate_plate4.tif,1,1248.000,1248,1248
9793,G3_01_1_1_Chlorophyll_A_001_phosphate_plate4.tif,1,960.000,960,960
9794,G3_01_1_1_Chlorophyll_A_001_phosphate_plate4.tif,1,1040.000,1040,1040
9795,G3_01_1_1_Chlorophyll_A_001_phosphate_plate4.tif,1,1120.000,1120,1120
9796,G3_01_1_1_Chlorophyll_A_001_phosphate_plate4.tif,1,1040.000,1040,1040
9797,G3_01_1_1_Chlorophyll_A_001_phosphate_plate4.tif,1,976.000,976,976
9798,G3_01_1_1_Chlorophyll_A_001_phosphate_plate4.tif,1,992.000,992,992
9799,G3_01_1_1_Chlorophyll_A_001_phosphate_plate4.tif,1,944.000,944,944
9800,G3_01_1_1_Chlorophyll_A_001_phosphate_plate4.tif,32,1122.500,944,1360
9801,G3_01_1_1_Chlorophyll_A_001_phosphate_plate4.tif,46,1091.826,944,1360
9802,G3_01_1_1_Chlorophyll_A_001_phosphate_plate4.tif,37,1053.838,944,1296
9803,G3_01_1_1_Chlorophyll_A_001_phosphate_plate4.tif,1,992.000,992,992
9804,G3_01_1_1_Chlorophyll_A_001_phosphate_plate4.tif,1,944.000,944,944
9805,G3_01_1_1_Chlorophyll_A_001_phosphate_plate4.tif,3,976.000,960,992
9806,G3_01_1_1_Chlorophyll_A_001_phosphate_plate4.tif,2,976.000,944,1008
9807,G3_01_1_1_Chlorophyll_A_001_phosphate_plate4.tif,1,1040.000,1040,1040
9808,G3_01_1_1_Chlorophyll_A_001_phosphate_plate4.tif,1,976.000,976,976
9809,G3_01_1_1_Chlorophyll_A_001_phosphate_plate4.tif,101,4960.792,944,39088
9810,G3_01_1_1_Chlorophyll_A_001_phosphate_plate4.tif,1,976.000,976,976
9811,G3_01_1_1_Chlorophyll_A_001_phosphate_plate4.tif,40,1100.400,944,1296
9812,G3_01_1_1_Chlorophyll_A_001_phosphate_plate4.tif,52,1072.308,944,1280
9813,G3_01_1_1_Chlorophyll_A_001_phosphate_plate4.tif,35,1104.914,944,1344
9814,G3_01_1_1_Chlorophyll_A_001_phosphate_plate4.tif,5,1020.800,944,1136
9815,G3_01_1_1_Chlorophyll_A_001_phosphate_plate4.tif,1,944.000,944,944
9816,G3_01_1_1_Chlorophyll_A_001_phosphate_plate4.tif,3,1008.000,976,1056
9817,G3_01_1_1_Chlorophyll_A_001_phosphate_plate4.tif,1,944.000,944,944
9818,G3_01_1_1_Chlorophyll_A_001_phosphate_plate4.tif,1,992.000,992,992
9819,G3_01_1_1_Chlorophyll_A_001_phosphate_plate4.tif,2,944.000,944,944
9820,G3_01_1_1_Chlorophyll_A_001_phosphate_plate4.tif,1,976.000,976,976
9821,G3_01_1_1_Chlorophyll_A_001_phosphate_plate4.tif,1,960.000,960,960
9822,G3_01_1_1_Chlorophyll_A_001_phosphate_plate4.tif,1,944.000,944,944
9823,G3_01_1_1_Chlorophyll_A_001_phosphate_plate4.tif,1,944.000,944,944
9824,G3_01_1_1_Chlorophyll_A_001_phosphate_plate4.tif,1,944.000,944,944
9825,G3_01_1_1_Chlorophyll_A_001_phosphate_plate4.tif,79,3679.190,944,26416
9826,G3_01_1_1_Chlorophyll_A_001_phosphate_plate4.tif,502,3697.020,944,60000
9827,G3_01_1_1_Chlorophyll_A_001_phosphate_plate4.tif,37,1090.595,944,1456
9828,G3_01_1_1_Chlorophyll_A_001_phosphate_plate4.tif,50,1064.000,944,1424
9829,G3_01_1_1_Chlorophyll_A_001_phosphate_plate4.tif,1,944.000,944,944
9830,G3_01_1_1_Chlorophyll_A_001_phosphate_plate4.tif,1,944.000,944,944
9831,G3_01_1_1_Chlorophyll_A_001_phosphate_plate4.tif,1,1104.000,1104,1104
9832,G3_01_1_1_Chlorophyll_A_001_phosphate_plate4.tif,1,1008.000,1008,1008
9833,G3_01_1_1_Chlorophyll_A_001_phosphate_plate4.tif,1,976.000,976,976
9834,G3_01_1_1_Chlorophyll_A_001_phosphate_plate4.tif,1,976.000,976,976
9835,G3_01_1_1_Chlorophyll_A_001_phosphate_plate4.tif,1,1040.000,1040,1040
9836,G3_01_1_1_Chlorophyll_A_001_phosphate_plate4.tif,1,944.000,944,944
9837,G3_01_1_1_Chlorophyll_A_001_phosphate_plate4.tif,1,1008.000,1008,1008
9838,G3_01_1_1_Chlorophyll_A_001_phosphate_plate4.tif,1,960.000,960,960
9839,G3_01_1_1_Chlorophyll_A_001_phosphate_plate4.tif,2,976.000,944,1008
9840,G3_01_1_1_Chlorophyll_A_001_phosphate_plate4.tif,1,944.000,944,944
9841,G3_01_1_1_Chlorophyll_A_001_phosphate_plate4.tif,1,960.000,960,960
9842,G3_01_1_1_Chlorophyll_A_001_phosphate_plate4.tif,1,960.000,960,960
9843,G3_01_1_1_Chlorophyll_A_001_phosphate_plate4.tif,3,1034.667,960,1152
9844,G3_01_1_1_Chlorophyll_A_001_phosphate_plate4.tif,1,1040.000,1040,1040
9845,G3_01_1_1_Chlorophyll_A_001_phosphate_plate4.tif,1,944.000,944,944
9846,G3_01_1_1_Chlorophyll_A_001_phosphate_plate4.tif,1,992.000,992,992
9847,G3_01_1_1_Chlorophyll_A_001_phosphate_plate4.tif,1,960.000,960,960
9848,G3_01_1_1_Chlorophyll_A_001_phosphate_plate4.tif,1,976.000,976,976
9849,G3_01_1_1_Chlorophyll_A_001_phosphate_plate4.tif,1,944.000,944,944
9850,G3_01_1_1_Chlorophyll_A_001_phosphate_plate4.tif,2,944.000,944,944
9851,G3_01_1_1_Chlorophyll_A_001_phosphate_plate4.tif,1,992.000,992,992
9852,G3_01_1_1_Chlorophyll_A_001_phosphate_plate4.tif,1,976.000,976,976
9853,G3_01_1_1_Chlorophyll_A_001_phosphate_plate4.tif,1,960.000,960,960
9854,G3_01_1_1_Chlorophyll_A_001_phosphate_plate4.tif,383,2892.366,944,31872
9855,G3_01_1_1_Chlorophyll_A_001_phosphate_plate4.tif,65,1095.138,944,1296
9856,G3_01_1_1_Chlorophyll_A_001_phosphate_plate4.tif,142,4406.761,944,27760
9857,G3_01_1_1_Chlorophyll_A_001_phosphate_plate4.tif,17,1030.588,944,1264
9858,G3_01_1_1_Chlorophyll_A_001_phosphate_plate4.tif,3,954.667,944,976
9859,G3_01_1_1_Chlorophyll_A_001_phosphate_plate4.tif,2,1032.000,1024,1040
9860,G3_01_1_1_Chlorophyll_A_001_phosphate_plate4.tif,4,1020.000,960,1120
9861,G3_01_1_1_Chlorophyll_A_001_phosphate_plate4.tif,1,1008.000,1008,1008
9862,G3_01_1_1_Chlorophyll_A_001_phosphate_plate4.tif,1,976.000,976,976
9863,G3_01_1_1_Chlorophyll_A_001_phosphate_plate4.tif,1,1040.000,1040,1040
9864,G3_01_1_1_Chlorophyll_A_001_phosphate_plate4.tif,1,960.000,960,960
9865,G3_01_1_1_Chlorophyll_A_001_phosphate_plate4.tif,1,960.000,960,960
9866,G3_01_1_1_Chlorophyll_A_001_phosphate_plate4.tif,1,1136.000,1136,1136
9867,G3_01_1_1_Chlorophyll_A_001_phosphate_plate4.tif,1,992.000,992,992
9868,G3_01_1_1_Chlorophyll_A_001_phosphate_plate4.tif,1,1072.000,1072,1072
9869,G3_01_1_1_Chlorophyll_A_001_phosphate_plate4.tif,1,960.000,960,960
9870,G3_01_1_1_Chlorophyll_A_001_phosphate_plate4.tif,25,1100.800,944,1392
9871,G3_01_1_1_Chlorophyll_A_001_phosphate_plate4.tif,39,1092.513,944,1360
9872,G3_01_1_1_Chlorophyll_A_001_phosphate_plate4.tif,32,1076.000,944,1328
9873,G3_01_1_1_Chlorophyll_A_001_phosphate_plate4.tif,1,960.000,960,960
9874,G3_01_1_1_Chlorophyll_A_001_phosphate_plate4.tif,4,960.000,944,992
9875,G3_01_1_1_Chlorophyll_A_001_phosphate_plate4.tif,2,952.000,944,960
9876,G3_01_1_1_Chlorophyll_A_001_phosphate_plate4.tif,1,976.000,976,976
9877,G3_01_1_1_Chlorophyll_A_001_phosphate_plate4.tif,1,944.000,944,944
9878,G3_01_1_1_Chlorophyll_A_001_phosphate_plate4.tif,1,960.000,960,960
9879,G3_01_1_1_Chlorophyll_A_001_phosphate_plate4.tif,1,944.000,944,944
9880,G3_01_1_1_Chlorophyll_A_001_phosphate_plate4.tif,1,960.000,960,960
9881,G3_01_1_1_Chlorophyll_A_001_phosphate_plate4.tif,2,1064.000,992,1136
9882,G3_01_1_1_Chlorophyll_A_001_phosphate_plate4.tif,1,976.000,976,976
9883,G3_01_1_1_Chlorophyll_A_001_phosphate_plate4.tif,1,1024.000,1024,1024
9884,G3_01_1_1_Chlorophyll_A_001_phosphate_plate4.tif,1,1024.000,1024,1024
9885,G3_01_1_1_Chlorophyll_A_001_phosphate_plate4.tif,1,960.000,960,960
9886,G3_01_1_1_Chlorophyll_A_001_phosphate_plate4.tif,1,944.000,944,944
9887,G3_01_1_1_Chlorophyll_A_001_phosphate_plate4.tif,446,2312.574,944,24176
9888,G3_01_1_1_Chlorophyll_A_001_phosphate_plate4.tif,38,1121.684,944,1440
9889,G3_01_1_1_Chlorophyll_A_001_phosphate_plate4.tif,55,1074.909,944,1344
9890,G3_01_1_1_Chlorophyll_A_001_phosphate_plate4.tif,45,1100.800,944,1440
9891,G3_01_1_1_Chlorophyll_A_001_phosphate_plate4.tif,34,1099.294,960,1408
9892,G3_01_1_1_Chlorophyll_A_001_phosphate_plate4.tif,1,1056.000,1056,1056
9893,G3_01_1_1_Chlorophyll_A_001_phosphate_plate4.tif,1,992.000,992,992
9894,G3_01_1_1_Chlorophyll_A_001_phosphate_plate4.tif,1,944.000,944,944
9895,G3_01_1_1_Chlorophyll_A_001_phosphate_plate4.tif,1,944.000,944,944
9896,G3_01_1_1_Chlorophyll_A_001_phosphate_plate4.tif,1,1024.000,1024,1024
9897,G3_01_1_1_Chlorophyll_A_001_phosphate_plate4.tif,1,1104.000,1104,1104
9898,G3_01_1_1_Chlorophyll_A_001_phosphate_plate4.tif,168,4136.381,944,25440
9899,G3_01_1_1_Chlorophyll_A_001_phosphate_plate4.tif,1,944.000,944,944
9900,G3_01_1_1_Chlorophyll_A_001_phosphate_plate4.tif,1,1040.000,1040,1040
9901,G3_01_1_1_Chlorophyll_A_001_phosphate_plate4.tif,1,944.000,944,944
9902,G3_01_1_1_Chlorophyll_A_001_phosphate_plate4.tif,1,944.000,944,944
9903,G3_01_1_1_Chlorophyll_A_001_phosphate_plate4.tif,1,944.000,944,944
9904,G3_01_1_1_Chlorophyll_A_001_phosphate_plate4.tif,1,1152.000,1152,1152
9905,G3_01_1_1_Chlorophyll_A_001_phosphate_plate4.tif,75,4080.000,944,24448
9906,G3_01_1_1_Chlorophyll_A_001_phosphate_plate4.tif,48,1075.333,944,1392
9907,G3_01_1_1_Chlorophyll_A_001_phosphate_plate4.tif,59,1093.695,944,1376
9908,G3_01_1_1_Chlorophyll_A_001_phosphate_plate4.tif,41,1077.463,944,1376
9909,G3_01_1_1_Chlorophyll_A_001_phosphate_plate4.tif,33,1065.697,944,1376
9910,G3_01_1_1_Chlorophyll_A_001_phosphate_plate4.tif,1,1248.000,1248,1248
9911,G3_01_1_1_Chlorophyll_A_001_phosphate_plate4.tif,1,960.000,960,960
9912,G3_01_1_1_Chlorophyll_A_001_phosphate_plate4.tif,2,1032.000,944,1120
9913,G3_01_1_1_Chlorophyll_A_001_phosphate_plate4.tif,1,976.000,976,976
9914,G3_01_1_1_Chlorophyll_A_001_phosphate_plate4.tif,3,1029.333,960,1152
9915,G3_01_1_1_Chlorophyll_A_001_phosphate_plate4.tif,1,1168.000,1168,1168
9916,G3_01_1_1_Chlorophyll_A_001_phosphate_plate4.tif,1,944.000,944,944
9917,G3_01_1_1_Chlorophyll_A_001_phosphate_plate4.tif,1,960.000,960,960
9918,G3_01_1_1_Chlorophyll_A_001_phosphate_plate4.tif,1,976.000,976,976
9919,G3_01_1_1_Chlorophyll_A_001_phosphate_plate4.tif,1,1072.000,1072,1072
9920,G3_01_1_1_Chlorophyll_A_001_phosphate_plate4.tif,104,4790.308,944,34032
9921,G3_01_1_1_Chlorophyll_A_001_phosphate_plate4.tif,1,944.000,944,944
9922,G3_01_1_1_Chlorophyll_A_001_phosphate_plate4.tif,107,4864.000,944,27648
9923,G3_01_1_1_Chlorophyll_A_001_phosphate_plate4.tif,1,944.000,944,944
9924,G3_01_1_1_Chlorophyll_A_001_phosphate_plate4.tif,66,3727.030,944,25616
9925,G3_01_1_1_Chlorophyll_A_001_phosphate_plate4.tif,1,960.000,960,960
9926,G3_01_1_1_Chlorophyll_A_001_phosphate_plate4.tif,248,6161.613,944,48512
9927,G3_01_1_1_Chlorophyll_A_001_phosphate_plate4.tif,1,1008.000,1008,1008
9928,G3_01_1_1_Chlorophyll_A_001_phosphate_plate4.tif,16,1136.000,976,1392
9929,G3_01_1_1_Chlorophyll_A_001_phosphate_plate4.tif,26,1054.769,944,1280
9930,G3_01_1_1_Chlorophyll_A_001_phosphate_plate4.tif,1,944.000,944,944
9931,G3_01_1_1_Chlorophyll_A_001_phosphate_plate4.tif,1,1024.000,1024,1024
9932,G3_01_1_1_Chlorophyll_A_001_phosphate_plate4.tif,1,1072.000,1072,1072
9933,G3_01_1_1_Chlorophyll_A_001_phosphate_plate4.tif,1,944.000,944,944
9934,G3_01_1_1_Chlorophyll_A_001_phosphate_plate4.tif,1,1024.000,1024,1024
9935,G3_01_1_1_Chlorophyll_A_001_phosphate_plate4.tif,1,1168.000,1168,1168
9936,G3_01_1_1_Chlorophyll_A_001_phosphate_plate4.tif,2,984.000,960,1008
9937,G3_01_1_1_Chlorophyll_A_001_phosphate_plate4.tif,1,1008.000,1008,1008
9938,G3_01_1_1_Chlorophyll_A_001_phosphate_plate4.tif,1,1040.000,1040,1040
9939,G3_01_1_1_Chlorophyll_A_001_phosphate_plate4.tif,1,976.000,976,976
9940,G3_01_1_1_Chlorophyll_A_001_phosphate_plate4.tif,1,1024.000,1024,1024
9941,G3_01_1_1_Chlorophyll_A_001_phosphate_plate4.tif,117,5776.684,944,35648
9942,G3_01_1_1_Chlorophyll_A_001_phosphate_plate4.tif,1,944.000,944,944
9943,G3_01_1_1_Chlorophyll_A_001_phosphate_plate4.tif,37,1061.622,944,1248
9944,G3_01_1_1_Chlorophyll_A_001_phosphate_plate4.tif,36,1067.556,944,1312
9945,G3_01_1_1_Chlorophyll_A_001_phosphate_plate4.tif,35,1050.514,944,1312
9946,G3_01_1_1_Chlorophyll_A_001_phosphate_plate4.tif,1,992.000,992,992
9947,G3_01_1_1_Chlorophyll_A_001_phosphate_plate4.tif,10,1016.000,944,1072
9948,G3_01_1_1_Chlorophyll_A_001_phosphate_plate4.tif,1,960.000,960,960
9949,G3_01_1_1_Chlorophyll_A_001_phosphate_plate4.tif,1,976.000,976,976
9950,G3_01_1_1_Chlorophyll_A_001_phosphate_plate4.tif,1,944.000,944,944
9951,G3_01_1_1_Chlorophyll_A_001_phosphate_plate4.tif,1,944.000,944,944
9952,G3_01_1_1_Chlorophyll_A_001_phosphate_plate4.tif,1,944.000,944,944
9953,G3_01_1_1_Chlorophyll_A_001_phosphate_plate4.tif,54,1165.333,944,1504
9954,G3_01_1_1_Chlorophyll_A_001_phosphate_plate4.tif,42,1071.619,944,1408
9955,G3_01_1_1_Chlorophyll_A_001_phosphate_plate4.tif,1,1056.000,1056,1056
9956,G3_01_1_1_Chlorophyll_A_001_phosphate_plate4.tif,2,968.000,960,976
9957,G3_01_1_1_Chlorophyll_A_001_phosphate_plate4.tif,2,1088.000,960,1216
9958,G3_01_1_1_Chlorophyll_A_001_phosphate_plate4.tif,3,981.333,944,1024
9959,G3_01_1_1_Chlorophyll_A_001_phosphate_plate4.tif,1,976.000,976,976
9960,G3_01_1_1_Chlorophyll_A_001_phosphate_plate4.tif,1,944.000,944,944
9961,G3_01_1_1_Chlorophyll_A_001_phosphate_plate4.tif,1,976.000,976,976
9962,G3_01_1_1_Chlorophyll_A_001_phosphate_plate4.tif,1,992.000,992,992
9963,G3_01_1_1_Chlorophyll_A_001_phosphate_plate4.tif,1,960.000,960,960
9964,G3_01_1_1_Chlorophyll_A_001_phosphate_plate4.tif,1,960.000,960,960
9965,G3_01_1_1_Chlorophyll_A_001_phosphate_plate4.tif,1,976.000,976,976
9966,G3_01_1_1_Chlorophyll_A_001_phosphate_plate4.tif,8,1000.000,944,1104
9967,G3_01_1_1_Chlorophyll_A_001_phosphate_plate4.tif,1,1120.000,1120,1120
9968,G3_01_1_1_Chlorophyll_A_001_phosphate_plate4.tif,2,1032.000,944,1120
9969,G3_01_1_1_Chlorophyll_A_001_phosphate_plate4.tif,2,1008.000,1008,1008
9970,G3_01_1_1_Chlorophyll_A_001_phosphate_plate4.tif,2,1032.000,944,1120
9971,G3_01_1_1_Chlorophyll_A_001_phosphate_plate4.tif,1,960.000,960,960
9972,G3_01_1_1_Chlorophyll_A_001_phosphate_plate4.tif,1,976.000,976,976
9973,G3_01_1_1_Chlorophyll_A_001_phosphate_plate4.tif,49,1119.347,944,1360
9974,G3_01_1_1_Chlorophyll_A_001_phosphate_plate4.tif,1,1184.000,1184,1184
9975,G3_01_1_1_Chlorophyll_A_001_phosphate_plate4.tif,1,976.000,976,976
9976,G3_01_1_1_Chlorophyll_A_001_phosphate_plate4.tif,1,976.000,976,976
9977,G3_01_1_1_Chlorophyll_A_001_phosphate_plate4.tif,1,976.000,976,976
9978,G3_01_1_1_Chlorophyll_A_001_phosphate_plate4.tif,1,1008.000,1008,1008
9979,G3_01_1_1_Chlorophyll_A_001_phosphate_plate4.tif,1,944.000,944,944
9980,G3_01_1_1_Chlorophyll_A_001_phosphate_plate4.tif,3,997.333,976,1008
9981,G3_01_1_1_Chlorophyll_A_001_phosphate_plate4.tif,1,976.000,976,976
9982,G3_01_1_1_Chlorophyll_A_001_phosphate_plate4.tif,1,960.000,960,960
9983,G3_01_1_1_Chlorophyll_A_001_phosphate_plate4.tif,1,1008.000,1008,1008
9984,G3_01_1_1_Chlorophyll_A_001_phosphate_plate4.tif,1,1008.000,1008,1008
9985,G3_01_1_1_Chlorophyll_A_001_phosphate_plate4.tif,1,944.000,944,944
9986,G3_01_1_1_Chlorophyll_A_001_phosphate_plate4.tif,1,1200.000,1200,1200
9987,G3_01_1_1_Chlorophyll_A_001_phosphate_plate4.tif,2,1000.000,976,1024
9988,G3_01_1_1_Chlorophyll_A_001_phosphate_plate4.tif,1,960.000,960,960
9989,G3_01_1_1_Chlorophyll_A_001_phosphate_plate4.tif,1,1056.000,1056,1056
9990,G3_01_1_1_Chlorophyll_A_001_phosphate_plate4.tif,1,944.000,944,944
9991,G3_01_1_1_Chlorophyll_A_001_phosphate_plate4.tif,1,992.000,992,992
9992,G3_01_1_1_Chlorophyll_A_001_phosphate_plate4.tif,56,1089.143,944,1424
9993,G3_01_1_1_Chlorophyll_A_001_phosphate_plate4.tif,23,1117.913,976,1360
9994,G3_01_1_1_Chlorophyll_A_001_phosphate_plate4.tif,48,1048.667,944,1280
9995,G3_01_1_1_Chlorophyll_A_001_phosphate_plate4.tif,7,1069.714,944,1248
9996,G3_01_1_1_Chlorophyll_A_001_phosphate_plate4.tif,9,1022.222,944,1168
9997,G3_01_1_1_Chlorophyll_A_001_phosphate_plate4.tif,130,2662.154,944,19360
9998,G3_01_1_1_Chlorophyll_A_001_phosphate_plate4.tif,1,1040.000,1040,1040
9999,G3_01_1_1_Chlorophyll_A_001_phosphate_plate4.tif,1,1008.000,1008,1008
10000,G3_01_1_1_Chlorophyll_A_001_phosphate_plate4.tif,1,960.000,960,960
10001,G3_01_1_1_Chlorophyll_A_001_phosphate_plate4.tif,42,1084.190,944,1344
10002,G3_01_1_1_Chlorophyll_A_001_phosphate_plate4.tif,20,1041.600,944,1200
10003,G3_01_1_1_Chlorophyll_A_001_phosphate_plate4.tif,149,2714.631,944,21136
10004,G3_01_1_1_Chlorophyll_A_001_phosphate_plate4.tif,5,1049.600,944,1152
10005,G3_01_1_1_Chlorophyll_A_001_phosphate_plate4.tif,5,1017.600,960,1072
10006,G3_01_1_1_Chlorophyll_A_001_phosphate_plate4.tif,1,1040.000,1040,1040
10007,G3_01_1_1_Chlorophyll_A_001_phosphate_plate4.tif,2,976.000,960,992
10008,G3_01_1_1_Chlorophyll_A_001_phosphate_plate4.tif,1,944.000,944,944
10009,G3_01_1_1_Chlorophyll_A_001_phosphate_plate4.tif,1,976.000,976,976
10010,G3_01_1_1_Chlorophyll_A_001_phosphate_plate4.tif,350,5023.086,944,33040
10011,G3_01_1_1_Chlorophyll_A_001_phosphate_plate4.tif,1,992.000,992,992
10012,G3_01_1_1_Chlorophyll_A_001_phosphate_plate4.tif,1,1008.000,1008,1008
10013,G3_01_1_1_Chlorophyll_A_001_phosphate_plate4.tif,3,986.667,976,992
10014,G3_01_1_1_Chlorophyll_A_001_phosphate_plate4.tif,1,992.000,992,992
10015,G3_01_1_1_Chlorophyll_A_001_phosphate_plate4.tif,1,944.000,944,944
10016,G3_01_1_1_Chlorophyll_A_001_phosphate_plate4.tif,1,992.000,992,992
10017,G3_01_1_1_Chlorophyll_A_001_phosphate_plate4.tif,1,1008.000,1008,1008
10018,G3_01_1_1_Chlorophyll_A_001_phosphate_plate4.tif,1,976.000,976,976
10019,G3_01_1_1_Chlorophyll_A_001_phosphate_plate4.tif,1,944.000,944,944
10020,G3_01_1_1_Chlorophyll_A_001_phosphate_plate4.tif,1,1056.000,1056,1056
10021,G3_01_1_1_Chlorophyll_A_001_phosphate_plate4.tif,1,976.000,976,976
10022,G3_01_1_1_Chlorophyll_A_001_phosphate_plate4.tif,1,944.000,944,944
10023,G3_01_1_1_Chlorophyll_A_001_phosphate_plate4.tif,1,1008.000,1008,1008
10024,G3_01_1_1_Chlorophyll_A_001_phosphate_plate4.tif,1,944.000,944,944
10025,G3_01_1_1_Chlorophyll_A_001_phosphate_plate4.tif,1,992.000,992,992
10026,G3_01_1_1_Chlorophyll_A_001_phosphate_plate4.tif,24,1078.000,960,1232
10027,G3_01_1_1_Chlorophyll_A_001_phosphate_plate4.tif,41,1070.829,944,1344
10028,G3_01_1_1_Chlorophyll_A_001_phosphate_plate4.tif,62,1072.516,944,1344
10029,G3_01_1_1_Chlorophyll_A_001_phosphate_plate4.tif,42,1069.333,960,1344
10030,G3_01_1_1_Chlorophyll_A_001_phosphate_plate4.tif,23,1061.565,944,1344
10031,G3_01_1_1_Chlorophyll_A_001_phosphate_plate4.tif,4,1080.000,960,1200
10032,G3_01_1_1_Chlorophyll_A_001_phosphate_plate4.tif,1,1008.000,1008,1008
10033,G3_01_1_1_Chlorophyll_A_001_phosphate_plate4.tif,1,1040.000,1040,1040
10034,G3_01_1_1_Chlorophyll_A_001_phosphate_plate4.tif,1,992.000,992,992
10035,G3_01_1_1_Chlorophyll_A_001_phosphate_plate4.tif,2,1080.000,1008,1152
10036,G3_01_1_1_Chlorophyll_A_001_phosphate_plate4.tif,1,976.000,976,976
10037,G3_01_1_1_Chlorophyll_A_001_phosphate_plate4.tif,2,1024.000,976,1072
10038,G3_01_1_1_Chlorophyll_A_001_phosphate_plate4.tif,2,992.000,960,1024
10039,G3_01_1_1_Chlorophyll_A_001_phosphate_plate4.tif,1,1024.000,1024,1024
10040,G3_01_1_1_Chlorophyll_A_001_phosphate_plate4.tif,1,1040.000,1040,1040
10041,G3_01_1_1_Chlorophyll_A_001_phosphate_plate4.tif,2,1016.000,944,1088
10042,G3_01_1_1_Chlorophyll_A_001_phosphate_plate4.tif,72,3789.778,944,22656
10043,G3_01_1_1_Chlorophyll_A_001_phosphate_plate4.tif,1,976.000,976,976
10044,G3_01_1_1_Chlorophyll_A_001_phosphate_plate4.tif,1,1056.000,1056,1056
10045,G3_01_1_1_Chlorophyll_A_001_phosphate_plate4.tif,1,944.000,944,944
10046,G3_01_1_1_Chlorophyll_A_001_phosphate_plate4.tif,1,1120.000,1120,1120
10047,G3_01_1_1_Chlorophyll_A_001_phosphate_plate4.tif,76,1085.053,944,1472
10048,G3_01_1_1_Chlorophyll_A_001_phosphate_plate4.tif,18,1053.333,944,1280
10049,G3_01_1_1_Chlorophyll_A_001_phosphate_plate4.tif,36,1059.111,944,1296
10050,G3_01_1_1_Chlorophyll_A_001_phosphate_plate4.tif,2,1096.000,1008,1184
10051,G3_01_1_1_Chlorophyll_A_001_phosphate_plate4.tif,1,960.000,960,960
10052,G3_01_1_1_Chlorophyll_A_001_phosphate_plate4.tif,5,995.200,960,1040
10053,G3_01_1_1_Chlorophyll_A_001_phosphate_plate4.tif,1,944.000,944,944
10054,G3_01_1_1_Chlorophyll_A_001_phosphate_plate4.tif,2,1048.000,1040,1056
10055,G3_01_1_1_Chlorophyll_A_001_phosphate_plate4.tif,1,992.000,992,992
10056,G3_01_1_1_Chlorophyll_A_001_phosphate_plate4.tif,2,1032.000,976,1088
10057,G3_01_1_1_Chlorophyll_A_001_phosphate_plate4.tif,1,976.000,976,976
10058,G3_01_1_1_Chlorophyll_A_001_phosphate_plate4.tif,1,944.000,944,944
10059,G3_01_1_1_Chlorophyll_A_001_phosphate_plate4.tif,1,960.000,960,960
10060,G3_01_1_1_Chlorophyll_A_001_phosphate_plate4.tif,1,976.000,976,976
10061,G3_01_1_1_Chlorophyll_A_001_phosphate_plate4.tif,1,1040.000,1040,1040
10062,G3_01_1_1_Chlorophyll_A_001_phosphate_plate4.tif,1,1024.000,1024,1024
10063,G3_01_1_1_Chlorophyll_A_001_phosphate_plate4.tif,1,960.000,960,960
10064,G3_01_1_1_Chlorophyll_A_001_phosphate_plate4.tif,1,960.000,960,960
10065,G3_01_1_1_Chlorophyll_A_001_phosphate_plate4.tif,1,992.000,992,992
10066,G3_01_1_1_Chlorophyll_A_001_phosphate_plate4.tif,1,976.000,976,976
10067,G3_01_1_1_Chlorophyll_A_001_phosphate_plate4.tif,1,1136.000,1136,1136
10068,G3_01_1_1_Chlorophyll_A_001_phosphate_plate4.tif,1,976.000,976,976
10069,G3_01_1_1_Chlorophyll_A_001_phosphate_plate4.tif,1,944.000,944,944
10070,G3_01_1_1_Chlorophyll_A_001_phosphate_plate4.tif,2,1008.000,960,1056
10071,G3_01_1_1_Chlorophyll_A_001_phosphate_plate4.tif,1,944.000,944,944
10072,G3_01_1_1_Chlorophyll_A_001_phosphate_plate4.tif,1,976.000,976,976
10073,G3_01_1_1_Chlorophyll_A_001_phosphate_plate4.tif,1,944.000,944,944
10074,G3_01_1_1_Chlorophyll_A_001_phosphate_plate4.tif,1,992.000,992,992
10075,G3_01_1_1_Chlorophyll_A_001_phosphate_plate4.tif,142,5719.549,944,37504
10076,G3_01_1_1_Chlorophyll_A_001_phosphate_plate4.tif,63,1172.063,944,1776
10077,G3_01_1_1_Chlorophyll_A_001_phosphate_plate4.tif,39,1071.590,944,1312
10078,G3_01_1_1_Chlorophyll_A_001_phosphate_plate4.tif,85,1033.788,944,1328
10079,G3_01_1_1_Chlorophyll_A_001_phosphate_plate4.tif,1,1136.000,1136,1136
10080,G3_01_1_1_Chlorophyll_A_001_phosphate_plate4.tif,1,960.000,960,960
10081,G3_01_1_1_Chlorophyll_A_001_phosphate_plate4.tif,3,986.667,944,1040
10082,G3_01_1_1_Chlorophyll_A_001_phosphate_plate4.tif,2,992.000,944,1040
10083,G3_01_1_1_Chlorophyll_A_001_phosphate_plate4.tif,1,1264.000,1264,1264
10084,G3_01_1_1_Chlorophyll_A_001_phosphate_plate4.tif,1,992.000,992,992
10085,G3_01_1_1_Chlorophyll_A_001_phosphate_plate4.tif,1,960.000,960,960
10086,G3_01_1_1_Chlorophyll_A_001_phosphate_plate4.tif,1,1040.000,1040,1040
10087,G3_01_1_1_Chlorophyll_A_001_phosphate_plate4.tif,1,944.000,944,944
10088,G3_01_1_1_Chlorophyll_A_001_phosphate_plate4.tif,1,944.000,944,944
10089,G3_01_1_1_Chlorophyll_A_001_phosphate_plate4.tif,1,1056.000,1056,1056
10090,G3_01_1_1_Chlorophyll_A_001_phosphate_plate4.tif,103,4829.825,944,30704
10091,G3_01_1_1_Chlorophyll_A_001_phosphate_plate4.tif,1,1152.000,1152,1152
10092,G3_01_1_1_Chlorophyll_A_001_phosphate_plate4.tif,88,3822.364,944,16976
10093,G3_01_1_1_Chlorophyll_A_001_phosphate_plate4.tif,1,944.000,944,944
10094,G3_01_1_1_Chlorophyll_A_001_phosphate_plate4.tif,1,1056.000,1056,1056
10095,G3_01_1_1_Chlorophyll_A_001_phosphate_plate4.tif,1,976.000,976,976
10096,G3_01_1_1_Chlorophyll_A_001_phosphate_plate4.tif,52,1072.923,944,1440
10097,G3_01_1_1_Chlorophyll_A_001_phosphate_plate4.tif,35,1098.514,944,1424
10098,G3_01_1_1_Chlorophyll_A_001_phosphate_plate4.tif,3,1056.000,944,1120
10099,G3_01_1_1_Chlorophyll_A_001_phosphate_plate4.tif,359,3313.738,944,34624
10100,G3_01_1_1_Chlorophyll_A_001_phosphate_plate4.tif,2,1008.000,992,1024
10101,G3_01_1_1_Chlorophyll_A_001_phosphate_plate4.tif,1,992.000,992,992
10102,G3_01_1_1_Chlorophyll_A_001_phosphate_plate4.tif,3,1056.000,1024,1088
10103,G3_01_1_1_Chlorophyll_A_001_phosphate_plate4.tif,2,1056.000,1008,1104
10104,G3_01_1_1_Chlorophyll_A_001_phosphate_plate4.tif,1,1104.000,1104,1104
10105,G3_01_1_1_Chlorophyll_A_001_phosphate_plate4.tif,1,1040.000,1040,1040
10106,G3_01_1_1_Chlorophyll_A_001_phosphate_plate4.tif,1,944.000,944,944
10107,G3_01_1_1_Chlorophyll_A_001_phosphate_plate4.tif,1,1008.000,1008,1008
10108,G3_01_1_1_Chlorophyll_A_001_phosphate_plate4.tif,1,944.000,944,944
10109,G3_01_1_1_Chlorophyll_A_001_phosphate_plate4.tif,1,992.000,992,992
10110,G3_01_1_1_Chlorophyll_A_001_phosphate_plate4.tif,80,4722.800,992,34528
10111,G3_01_1_1_Chlorophyll_A_001_phosphate_plate4.tif,18,1109.333,944,1360
10112,G3_01_1_1_Chlorophyll_A_001_phosphate_plate4.tif,25,1089.280,944,1280
10113,G3_01_1_1_Chlorophyll_A_001_phosphate_plate4.tif,100,1087.040,944,1424
10114,G3_01_1_1_Chlorophyll_A_001_phosphate_plate4.tif,7,1040.000,960,1120
10115,G3_01_1_1_Chlorophyll_A_001_phosphate_plate4.tif,4,1024.000,944,1216
10116,G3_01_1_1_Chlorophyll_A_001_phosphate_plate4.tif,9,1064.889,960,1232
10117,G3_01_1_1_Chlorophyll_A_001_phosphate_plate4.tif,2,1016.000,944,1088
10118,G3_01_1_1_Chlorophyll_A_001_phosphate_plate4.tif,3,1002.667,960,1072
10119,G3_01_1_1_Chlorophyll_A_001_phosphate_plate4.tif,1,1024.000,1024,1024
10120,G3_01_1_1_Chlorophyll_A_001_phosphate_plate4.tif,1,1040.000,1040,1040
10121,G3_01_1_1_Chlorophyll_A_001_phosphate_plate4.tif,1,944.000,944,944
10122,G3_01_1_1_Chlorophyll_A_001_phosphate_plate4.tif,1,1056.000,1056,1056
10123,G3_01_1_1_Chlorophyll_A_001_phosphate_plate4.tif,1,960.000,960,960
10124,G3_01_1_1_Chlorophyll_A_001_phosphate_plate4.tif,1,944.000,944,944
10125,G3_01_1_1_Chlorophyll_A_001_phosphate_plate4.tif,100,5340.000,944,33872
10126,G3_01_1_1_Chlorophyll_A_001_phosphate_plate4.tif,30,1087.467,944,1424
10127,G3_01_1_1_Chlorophyll_A_001_phosphate_plate4.tif,24,1106.000,944,1344
10128,G3_01_1_1_Chlorophyll_A_001_phosphate_plate4.tif,1,992.000,992,992
10129,G3_01_1_1_Chlorophyll_A_001_phosphate_plate4.tif,1,1152.000,1152,1152
10130,G3_01_1_1_Chlorophyll_A_001_phosphate_plate4.tif,6,1032.000,944,1136
10131,G3_01_1_1_Chlorophyll_A_001_phosphate_plate4.tif,3,1013.333,944,1136
10132,G3_01_1_1_Chlorophyll_A_001_phosphate_plate4.tif,1,1056.000,1056,1056
10133,G3_01_1_1_Chlorophyll_A_001_phosphate_plate4.tif,1,1008.000,1008,1008
10134,G3_01_1_1_Chlorophyll_A_001_phosphate_plate4.tif,1,1008.000,1008,1008
10135,G3_01_1_1_Chlorophyll_A_001_phosphate_plate4.tif,1,1056.000,1056,1056
10136,G3_01_1_1_Chlorophyll_A_001_phosphate_plate4.tif,1,960.000,960,960
10137,G3_01_1_1_Chlorophyll_A_001_phosphate_plate4.tif,1,992.000,992,992
10138,G3_01_1_1_Chlorophyll_A_001_phosphate_plate4.tif,2,992.000,960,1024
10139,G3_01_1_1_Chlorophyll_A_001_phosphate_plate4.tif,1,944.000,944,944
10140,G3_01_1_1_Chlorophyll_A_001_phosphate_plate4.tif,1,944.000,944,944
10141,G3_01_1_1_Chlorophyll_A_001_phosphate_plate4.tif,1,1152.000,1152,1152
10142,G3_01_1_1_Chlorophyll_A_001_phosphate_plate4.tif,62,3096.516,944,13344
10143,G3_01_1_1_Chlorophyll_A_001_phosphate_plate4.tif,1,992.000,992,992
10144,G3_01_1_1_Chlorophyll_A_001_phosphate_plate4.tif,2,1024.000,1008,1040
10145,G3_01_1_1_Chlorophyll_A_001_phosphate_plate4.tif,1,960.000,960,960
10146,G3_01_1_1_Chlorophyll_A_001_phosphate_plate4.tif,1,1040.000,1040,1040
10147,G3_01_1_1_Chlorophyll_A_001_phosphate_plate4.tif,1,1040.000,1040,1040
10148,G3_01_1_1_Chlorophyll_A_001_phosphate_plate4.tif,1,976.000,976,976
10149,G3_01_1_1_Chlorophyll_A_001_phosphate_plate4.tif,1,976.000,976,976
10150,G3_01_1_1_Chlorophyll_A_001_phosphate_plate4.tif,1,1008.000,1008,1008
10151,G3_01_1_1_Chlorophyll_A_001_phosphate_plate4.tif,69,1120.000,944,1488
10152,G3_01_1_1_Chlorophyll_A_001_phosphate_plate4.tif,31,1068.387,944,1296
10153,G3_01_1_1_Chlorophyll_A_001_phosphate_plate4.tif,23,1070.609,944,1328
10154,G3_01_1_1_Chlorophyll_A_001_phosphate_plate4.tif,1,1024.000,1024,1024
10155,G3_01_1_1_Chlorophyll_A_001_phosphate_plate4.tif,1,1072.000,1072,1072
10156,G3_01_1_1_Chlorophyll_A_001_phosphate_plate4.tif,5,988.800,944,1040
10157,G3_01_1_1_Chlorophyll_A_001_phosphate_plate4.tif,4,992.000,944,1024
10158,G3_01_1_1_Chlorophyll_A_001_phosphate_plate4.tif,1,960.000,960,960
10159,G3_01_1_1_Chlorophyll_A_001_phosphate_plate4.tif,1,944.000,944,944
10160,G3_01_1_1_Chlorophyll_A_001_phosphate_plate4.tif,1,944.000,944,944
10161,G3_01_1_1_Chlorophyll_A_001_phosphate_plate4.tif,1,960.000,960,960
10162,G3_01_1_1_Chlorophyll_A_001_phosphate_plate4.tif,1,976.000,976,976
10163,G3_01_1_1_Chlorophyll_A_001_phosphate_plate4.tif,1,944.000,944,944
10164,G3_01_1_1_Chlorophyll_A_001_phosphate_plate4.tif,1,960.000,960,960
10165,G3_01_1_1_Chlorophyll_A_001_phosphate_plate4.tif,2,952.000,944,960
10166,G3_01_1_1_Chlorophyll_A_001_phosphate_plate4.tif,1,976.000,976,976
10167,G3_01_1_1_Chlorophyll_A_001_phosphate_plate4.tif,556,2844.863,944,24544
10168,G3_01_1_1_Chlorophyll_A_001_phosphate_plate4.tif,20,1103.200,944,1280
10169,G3_01_1_1_Chlorophyll_A_001_phosphate_plate4.tif,242,2408.000,944,28336
10170,G3_01_1_1_Chlorophyll_A_001_phosphate_plate4.tif,14,1042.286,960,1184
10171,G3_01_1_1_Chlorophyll_A_001_phosphate_plate4.tif,1,1024.000,1024,1024
10172,G3_01_1_1_Chlorophyll_A_001_phosphate_plate4.tif,3,965.333,944,992
10173,G3_01_1_1_Chlorophyll_A_001_phosphate_plate4.tif,1,976.000,976,976
10174,G3_01_1_1_Chlorophyll_A_001_phosphate_plate4.tif,1,1024.000,1024,1024
10175,G3_01_1_1_Chlorophyll_A_001_phosphate_plate4.tif,1,992.000,992,992
10176,G3_01_1_1_Chlorophyll_A_001_phosphate_plate4.tif,1,944.000,944,944
10177,G3_01_1_1_Chlorophyll_A_001_phosphate_plate4.tif,1,960.000,960,960
10178,G3_01_1_1_Chlorophyll_A_001_phosphate_plate4.tif,1,992.000,992,992
10179,G3_01_1_1_Chlorophyll_A_001_phosphate_plate4.tif,2,984.000,976,992
10180,G3_01_1_1_Chlorophyll_A_001_phosphate_plate4.tif,1,944.000,944,944
10181,G3_01_1_1_Chlorophyll_A_001_phosphate_plate4.tif,1,1040.000,1040,1040
10182,G3_01_1_1_Chlorophyll_A_001_phosphate_plate4.tif,1,944.000,944,944
10183,G3_01_1_1_Chlorophyll_A_001_phosphate_plate4.tif,1,960.000,960,960
10184,G3_01_1_1_Chlorophyll_A_001_phosphate_plate4.tif,53,1149.887,944,1520
10185,G3_01_1_1_Chlorophyll_A_001_phosphate_plate4.tif,26,1041.231,944,1216
10186,G3_01_1_1_Chlorophyll_A_001_phosphate_plate4.tif,23,1060.870,944,1312
10187,G3_01_1_1_Chlorophyll_A_001_phosphate_plate4.tif,6,1000.000,944,1088
10188,G3_01_1_1_Chlorophyll_A_001_phosphate_plate4.tif,3,1002.667,944,1104
10189,G3_01_1_1_Chlorophyll_A_001_phosphate_plate4.tif,3,997.333,976,1024
10190,G3_01_1_1_Chlorophyll_A_001_phosphate_plate4.tif,2,960.000,960,960
10191,G3_01_1_1_Chlorophyll_A_001_phosphate_plate4.tif,1,992.000,992,992
10192,G3_01_1_1_Chlorophyll_A_001_phosphate_plate4.tif,1,1008.000,1008,1008
10193,G3_01_1_1_Chlorophyll_A_001_phosphate_plate4.tif,1,992.000,992,992
10194,G3_01_1_1_Chlorophyll_A_001_phosphate_plate4.tif,1,1024.000,1024,1024
10195,G3_01_1_1_Chlorophyll_A_001_phosphate_plate4.tif,106,4621.736,944,21104
10196,G3_01_1_1_Chlorophyll_A_001_phosphate_plate4.tif,30,1068.267,944,1232
10197,G3_01_1_1_Chlorophyll_A_001_phosphate_plate4.tif,52,1113.846,944,1392
10198,G3_01_1_1_Chlorophyll_A_001_phosphate_plate4.tif,35,1047.771,944,1312
10199,G3_01_1_1_Chlorophyll_A_001_phosphate_plate4.tif,11,1012.364,944,1120
10200,G3_01_1_1_Chlorophyll_A_001_phosphate_plate4.tif,8,1032.000,944,1184
10201,G3_01_1_1_Chlorophyll_A_001_phosphate_plate4.tif,1,944.000,944,944
10202,G3_01_1_1_Chlorophyll_A_001_phosphate_plate4.tif,1,1120.000,1120,1120
10203,G3_01_1_1_Chlorophyll_A_001_phosphate_plate4.tif,1,992.000,992,992
10204,G3_01_1_1_Chlorophyll_A_001_phosphate_plate4.tif,1,992.000,992,992
10205,G3_01_1_1_Chlorophyll_A_001_phosphate_plate4.tif,1,992.000,992,992
10206,G3_01_1_1_Chlorophyll_A_001_phosphate_plate4.tif,1,960.000,960,960
10207,G3_01_1_1_Chlorophyll_A_001_phosphate_plate4.tif,1,1024.000,1024,1024
10208,G3_01_1_1_Chlorophyll_A_001_phosphate_plate4.tif,1,1056.000,1056,1056
10209,G3_01_1_1_Chlorophyll_A_001_phosphate_plate4.tif,1,944.000,944,944
10210,G3_01_1_1_Chlorophyll_A_001_phosphate_plate4.tif,1,1040.000,1040,1040
10211,G3_01_1_1_Chlorophyll_A_001_phosphate_plate4.tif,13,1067.077,960,1200
10212,G3_01_1_1_Chlorophyll_A_001_phosphate_plate4.tif,35,1057.829,944,1184
10213,G3_01_1_1_Chlorophyll_A_001_phosphate_plate4.tif,175,2486.491,944,22832
10214,G3_01_1_1_Chlorophyll_A_001_phosphate_plate4.tif,2,968.000,960,976
10215,G3_01_1_1_Chlorophyll_A_001_phosphate_plate4.tif,1,1056.000,1056,1056
10216,G3_01_1_1_Chlorophyll_A_001_phosphate_plate4.tif,1,992.000,992,992
10217,G3_01_1_1_Chlorophyll_A_001_phosphate_plate4.tif,1,944.000,944,944
10218,G3_01_1_1_Chlorophyll_A_001_phosphate_plate4.tif,1,1008.000,1008,1008
10219,G3_01_1_1_Chlorophyll_A_001_phosphate_plate4.tif,3,960.000,944,976
10220,G3_01_1_1_Chlorophyll_A_001_phosphate_plate4.tif,1,1040.000,1040,1040
10221,G3_01_1_1_Chlorophyll_A_001_phosphate_plate4.tif,1,992.000,992,992
10222,G3_01_1_1_Chlorophyll_A_001_phosphate_plate4.tif,1,960.000,960,960
10223,G3_01_1_1_Chlorophyll_A_001_phosphate_plate4.tif,95,1076.379,944,1376
10224,G3_01_1_1_Chlorophyll_A_001_phosphate_plate4.tif,59,1079.051,944,1360
10225,G3_01_1_1_Chlorophyll_A_001_phosphate_plate4.tif,1,960.000,960,960
10226,G3_01_1_1_Chlorophyll_A_001_phosphate_plate4.tif,7,994.286,944,1136
10227,G3_01_1_1_Chlorophyll_A_001_phosphate_plate4.tif,8,1022.000,944,1120
10228,G3_01_1_1_Chlorophyll_A_001_phosphate_plate4.tif,1,1024.000,1024,1024
10229,G3_01_1_1_Chlorophyll_A_001_phosphate_plate4.tif,2,984.000,960,1008
10230,G3_01_1_1_Chlorophyll_A_001_phosphate_plate4.tif,192,3424.250,944,28736
10231,G3_01_1_1_Chlorophyll_A_001_phosphate_plate4.tif,1,944.000,944,944
10232,G3_01_1_1_Chlorophyll_A_001_phosphate_plate4.tif,1,976.000,976,976
10233,G3_01_1_1_Chlorophyll_A_001_phosphate_plate4.tif,1,976.000,976,976
10234,G3_01_1_1_Chlorophyll_A_001_phosphate_plate4.tif,1,944.000,944,944
10235,G3_01_1_1_Chlorophyll_A_001_phosphate_plate4.tif,1,1008.000,1008,1008
10236,G3_01_1_1_Chlorophyll_A_001_phosphate_plate4.tif,1,976.000,976,976
10237,G3_01_1_1_Chlorophyll_A_001_phosphate_plate4.tif,1,960.000,960,960
10238,G3_01_1_1_Chlorophyll_A_001_phosphate_plate4.tif,47,3538.383,944,13872
10239,G3_01_1_1_Chlorophyll_A_001_phosphate_plate4.tif,3,1072.000,960,1136
10240,G3_01_1_1_Chlorophyll_A_001_phosphate_plate4.tif,1,1056.000,1056,1056
10241,G3_01_1_1_Chlorophyll_A_001_phosphate_plate4.tif,1,1040.000,1040,1040
10242,G3_01_1_1_Chlorophyll_A_001_phosphate_plate4.tif,2,952.000,944,960
10243,G3_01_1_1_Chlorophyll_A_001_phosphate_plate4.tif,1,992.000,992,992
10244,G3_01_1_1_Chlorophyll_A_001_phosphate_plate4.tif,1,1008.000,1008,1008
10245,G3_01_1_1_Chlorophyll_A_001_phosphate_plate4.tif,1,1024.000,1024,1024
10246,G3_01_1_1_Chlorophyll_A_001_phosphate_plate4.tif,1,976.000,976,976
10247,G3_01_1_1_Chlorophyll_A_001_phosphate_plate4.tif,1,944.000,944,944
10248,G3_01_1_1_Chlorophyll_A_001_phosphate_plate4.tif,22,1059.636,944,1216
10249,G3_01_1_1_Chlorophyll_A_001_phosphate_plate4.tif,18,1054.222,976,1264
10250,G3_01_1_1_Chlorophyll_A_001_phosphate_plate4.tif,2,1000.000,960,1040
10251,G3_01_1_1_Chlorophyll_A_001_phosphate_plate4.tif,1,1024.000,1024,1024
10252,G3_01_1_1_Chlorophyll_A_001_phosphate_plate4.tif,1,1008.000,1008,1008
10253,G3_01_1_1_Chlorophyll_A_001_phosphate_plate4.tif,1,944.000,944,944
10254,G3_01_1_1_Chlorophyll_A_001_phosphate_plate4.tif,1,1008.000,1008,1008
10255,G3_01_1_1_Chlorophyll_A_001_phosphate_plate4.tif,2,1008.000,1008,1008
10256,G3_01_1_1_Chlorophyll_A_001_phosphate_plate4.tif,1,976.000,976,976
10257,G3_01_1_1_Chlorophyll_A_001_phosphate_plate4.tif,1,944.000,944,944
10258,G3_01_1_1_Chlorophyll_A_001_phosphate_plate4.tif,1,960.000,960,960
10259,G3_01_1_1_Chlorophyll_A_001_phosphate_plate4.tif,1,960.000,960,960
10260,G3_01_1_1_Chlorophyll_A_001_phosphate_plate4.tif,46,1070.957,944,1264
10261,G3_01_1_1_Chlorophyll_A_001_phosphate_plate4.tif,1,1040.000,1040,1040
10262,G3_01_1_1_Chlorophyll_A_001_phosphate_plate4.tif,1,1072.000,1072,1072
10263,G3_01_1_1_Chlorophyll_A_001_phosphate_plate4.tif,2,1088.000,976,1200
10264,G3_01_1_1_Chlorophyll_A_001_phosphate_plate4.tif,2,1072.000,992,1152
10265,G3_01_1_1_Chlorophyll_A_001_phosphate_plate4.tif,1,976.000,976,976
10266,G3_01_1_1_Chlorophyll_A_001_phosphate_plate4.tif,1,992.000,992,992
10267,G3_01_1_1_Chlorophyll_A_001_phosphate_plate4.tif,2,984.000,944,1024
10268,G3_01_1_1_Chlorophyll_A_001_phosphate_plate4.tif,1,960.000,960,960
10269,G3_01_1_1_Chlorophyll_A_001_phosphate_plate4.tif,1,1024.000,1024,1024
10270,G3_01_1_1_Chlorophyll_A_001_phosphate_plate4.tif,52,4011.385,960,18576
10271,G3_01_1_1_Chlorophyll_A_001_phosphate_plate4.tif,2,968.000,944,992
10272,G3_01_1_1_Chlorophyll_A_001_phosphate_plate4.tif,1,976.000,976,976
10273,G3_01_1_1_Chlorophyll_A_001_phosphate_plate4.tif,29,1092.414,944,1440
10274,G3_01_1_1_Chlorophyll_A_001_phosphate_plate4.tif,45,1116.800,944,1504
10275,G3_01_1_1_Chlorophyll_A_001_phosphate_plate4.tif,278,2113.899,944,26128
10276,G3_01_1_1_Chlorophyll_A_001_phosphate_plate4.tif,4,1036.000,976,1104
10277,G3_01_1_1_Chlorophyll_A_001_phosphate_plate4.tif,19,1028.211,944,1184
10278,G3_01_1_1_Chlorophyll_A_001_phosphate_plate4.tif,4,1032.000,944,1184
10279,G3_01_1_1_Chlorophyll_A_001_phosphate_plate4.tif,2,984.000,976,992
10280,G3_01_1_1_Chlorophyll_A_001_phosphate_plate4.tif,4,1056.000,976,1184
10281,G3_01_1_1_Chlorophyll_A_001_phosphate_plate4.tif,1,1120.000,1120,1120
10282,G3_01_1_1_Chlorophyll_A_001_phosphate_plate4.tif,1,1024.000,1024,1024
10283,G3_01_1_1_Chlorophyll_A_001_phosphate_plate4.tif,1,1040.000,1040,1040
10284,G3_01_1_1_Chlorophyll_A_001_phosphate_plate4.tif,1,1008.000,1008,1008
10285,G3_01_1_1_Chlorophyll_A_001_phosphate_plate4.tif,1,976.000,976,976
10286,G3_01_1_1_Chlorophyll_A_001_phosphate_plate4.tif,2,984.000,976,992
10287,G3_01_1_1_Chlorophyll_A_001_phosphate_plate4.tif,1,960.000,960,960
10288,G3_01_1_1_Chlorophyll_A_001_phosphate_plate4.tif,1,960.000,960,960
10289,G3_01_1_1_Chlorophyll_A_001_phosphate_plate4.tif,1,976.000,976,976
10290,G3_01_1_1_Chlorophyll_A_001_phosphate_plate4.tif,14,1070.857,960,1232
10291,G3_01_1_1_Chlorophyll_A_001_phosphate_plate4.tif,33,1062.788,944,1264
10292,G3_01_1_1_Chlorophyll_A_001_phosphate_plate4.tif,52,1064.615,944,1456
10293,G3_01_1_1_Chlorophyll_A_001_phosphate_plate4.tif,1,944.000,944,944
10294,G3_01_1_1_Chlorophyll_A_001_phosphate_plate4.tif,2,960.000,944,976
10295,G3_01_1_1_Chlorophyll_A_001_phosphate_plate4.tif,2,968.000,944,992
10296,G3_01_1_1_Chlorophyll_A_001_phosphate_plate4.tif,1,1056.000,1056,1056
10297,G3_01_1_1_Chlorophyll_A_001_phosphate_plate4.tif,1,976.000,976,976
10298,G3_01_1_1_Chlorophyll_A_001_phosphate_plate4.tif,1,976.000,976,976
10299,G3_01_1_1_Chlorophyll_A_001_phosphate_plate4.tif,1,944.000,944,944
10300,G3_01_1_1_Chlorophyll_A_001_phosphate_plate4.tif,96,5139.667,944,28816
10301,G3_01_1_1_Chlorophyll_A_001_phosphate_plate4.tif,1,992.000,992,992
10302,G3_01_1_1_Chlorophyll_A_001_phosphate_plate4.tif,1,960.000,960,960
10303,G3_01_1_1_Chlorophyll_A_001_phosphate_plate4.tif,1,976.000,976,976
10304,G3_01_1_1_Chlorophyll_A_001_phosphate_plate4.tif,79,1103.190,944,1440
10305,G3_01_1_1_Chlorophyll_A_001_phosphate_plate4.tif,41,1013.463,944,1200
10306,G3_01_1_1_Chlorophyll_A_001_phosphate_plate4.tif,12,1036.000,960,1200
10307,G3_01_1_1_Chlorophyll_A_001_phosphate_plate4.tif,1,960.000,960,960
10308,G3_01_1_1_Chlorophyll_A_001_phosphate_plate4.tif,218,2761.174,944,21408
10309,G3_01_1_1_Chlorophyll_A_001_phosphate_plate4.tif,1,1008.000,1008,1008
10310,G3_01_1_1_Chlorophyll_A_001_phosphate_plate4.tif,2,960.000,960,960
10311,G3_01_1_1_Chlorophyll_A_001_phosphate_plate4.tif,2,968.000,960,976
10312,G3_01_1_1_Chlorophyll_A_001_phosphate_plate4.tif,2,1000.000,992,1008
10313,G3_01_1_1_Chlorophyll_A_001_phosphate_plate4.tif,1,944.000,944,944
10314,G3_01_1_1_Chlorophyll_A_001_phosphate_plate4.tif,1,944.000,944,944
10315,G3_01_1_1_Chlorophyll_A_001_phosphate_plate4.tif,1,944.000,944,944
10316,G3_01_1_1_Chlorophyll_A_001_phosphate_plate4.tif,1,944.000,944,944
10317,G3_01_1_1_Chlorophyll_A_001_phosphate_plate4.tif,51,1076.392,944,1344
10318,G3_01_1_1_Chlorophyll_A_001_phosphate_plate4.tif,29,1105.103,944,1248
10319,G3_01_1_1_Chlorophyll_A_001_phosphate_plate4.tif,12,1072.000,944,1264
10320,G3_01_1_1_Chlorophyll_A_001_phosphate_plate4.tif,58,1097.655,944,1344
10321,G3_01_1_1_Chlorophyll_A_001_phosphate_plate4.tif,1,1104.000,1104,1104
10322,G3_01_1_1_Chlorophyll_A_001_phosphate_plate4.tif,2,992.000,944,1040
10323,G3_01_1_1_Chlorophyll_A_001_phosphate_plate4.tif,190,4340.716,944,29824
10324,G3_01_1_1_Chlorophyll_A_001_phosphate_plate4.tif,1,976.000,976,976
10325,G3_01_1_1_Chlorophyll_A_001_phosphate_plate4.tif,1,1104.000,1104,1104
10326,G3_01_1_1_Chlorophyll_A_001_phosphate_plate4.tif,1,976.000,976,976
10327,G3_01_1_1_Chlorophyll_A_001_phosphate_plate4.tif,1,1040.000,1040,1040
10328,G3_01_1_1_Chlorophyll_A_001_phosphate_plate4.tif,1,944.000,944,944
10329,G3_01_1_1_Chlorophyll_A_001_phosphate_plate4.tif,1,944.000,944,944
10330,G3_01_1_1_Chlorophyll_A_001_phosphate_plate4.tif,1,960.000,960,960
10331,G3_01_1_1_Chlorophyll_A_001_phosphate_plate4.tif,1,992.000,992,992
10332,G3_01_1_1_Chlorophyll_A_001_phosphate_plate4.tif,4,1024.000,944,1088
10333,G3_01_1_1_Chlorophyll_A_001_phosphate_plate4.tif,1,960.000,960,960
10334,G3_01_1_1_Chlorophyll_A_001_phosphate_plate4.tif,1,1024.000,1024,1024
10335,G3_01_1_1_Chlorophyll_A_001_phosphate_plate4.tif,2,992.000,960,1024
10336,G3_01_1_1_Chlorophyll_A_001_phosphate_plate4.tif,103,3779.107,944,22784
10337,G3_01_1_1_Chlorophyll_A_001_phosphate_plate4.tif,1,992.000,992,992
10338,G3_01_1_1_Chlorophyll_A_001_phosphate_plate4.tif,1,1056.000,1056,1056
10339,G3_01_1_1_Chlorophyll_A_001_phosphate_plate4.tif,1,992.000,992,992
10340,G3_01_1_1_Chlorophyll_A_001_phosphate_plate4.tif,37,1101.838,944,1344
10341,G3_01_1_1_Chlorophyll_A_001_phosphate_plate4.tif,1,976.000,976,976
10342,G3_01_1_1_Chlorophyll_A_001_phosphate_plate4.tif,10,1024.000,976,1104
10343,G3_01_1_1_Chlorophyll_A_001_phosphate_plate4.tif,1,1072.000,1072,1072
10344,G3_01_1_1_Chlorophyll_A_001_phosphate_plate4.tif,1,1056.000,1056,1056
10345,G3_01_1_1_Chlorophyll_A_001_phosphate_plate4.tif,1,992.000,992,992
10346,G3_01_1_1_Chlorophyll_A_001_phosphate_plate4.tif,1,1024.000,1024,1024
10347,G3_01_1_1_Chlorophyll_A_001_phosphate_plate4.tif,1,1008.000,1008,1008
10348,G3_01_1_1_Chlorophyll_A_001_phosphate_plate4.tif,1,960.000,960,960
10349,G3_01_1_1_Chlorophyll_A_001_phosphate_plate4.tif,1,960.000,960,960
10350,G3_01_1_1_Chlorophyll_A_001_phosphate_plate4.tif,1,1008.000,1008,1008
10351,G3_01_1_1_Chlorophyll_A_001_phosphate_plate4.tif,1,944.000,944,944
10352,G3_01_1_1_Chlorophyll_A_001_phosphate_plate4.tif,1,976.000,976,976
10353,G3_01_1_1_Chlorophyll_A_001_phosphate_plate4.tif,2,960.000,944,976
10354,G3_01_1_1_Chlorophyll_A_001_phosphate_plate4.tif,1,944.000,944,944
10355,G3_01_1_1_Chlorophyll_A_001_phosphate_plate4.tif,1,944.000,944,944
10356,G3_01_1_1_Chlorophyll_A_001_phosphate_plate4.tif,1,1056.000,1056,1056
10357,G3_01_1_1_Chlorophyll_A_001_phosphate_plate4.tif,1,1008.000,1008,1008
10358,G3_01_1_1_Chlorophyll_A_001_phosphate_plate4.tif,55,1071.418,944,1376
10359,G3_01_1_1_Chlorophyll_A_001_phosphate_plate4.tif,25,1122.560,944,1440
10360,G3_01_1_1_Chlorophyll_A_001_phosphate_plate4.tif,46,1082.435,944,1312
10361,G3_01_1_1_Chlorophyll_A_001_phosphate_plate4.tif,1,944.000,944,944
10362,G3_01_1_1_Chlorophyll_A_001_phosphate_plate4.tif,1,1152.000,1152,1152
10363,G3_01_1_1_Chlorophyll_A_001_phosphate_plate4.tif,1,1056.000,1056,1056
10364,G3_01_1_1_Chlorophyll_A_001_phosphate_plate4.tif,1,960.000,960,960
10365,G3_01_1_1_Chlorophyll_A_001_phosphate_plate4.tif,96,4652.500,944,33760
10366,G3_01_1_1_Chlorophyll_A_001_phosphate_plate4.tif,77,4130.494,944,25808
10367,G3_01_1_1_Chlorophyll_A_001_phosphate_plate4.tif,5,1046.400,960,1120
10368,G3_01_1_1_Chlorophyll_A_001_phosphate_plate4.tif,1,960.000,960,960
10369,G3_01_1_1_Chlorophyll_A_001_phosphate_plate4.tif,4,1036.000,976,1152
10370,G3_01_1_1_Chlorophyll_A_001_phosphate_plate4.tif,1,944.000,944,944
10371,G3_01_1_1_Chlorophyll_A_001_phosphate_plate4.tif,1,1040.000,1040,1040
10372,G3_01_1_1_Chlorophyll_A_001_phosphate_plate4.tif,1,1072.000,1072,1072
10373,G3_01_1_1_Chlorophyll_A_001_phosphate_plate4.tif,1,992.000,992,992
10374,G3_01_1_1_Chlorophyll_A_001_phosphate_plate4.tif,25,1068.800,944,1440
10375,G3_01_1_1_Chlorophyll_A_001_phosphate_plate4.tif,15,1042.133,944,1184
10376,G3_01_1_1_Chlorophyll_A_001_phosphate_plate4.tif,1,944.000,944,944
10377,G3_01_1_1_Chlorophyll_A_001_phosphate_plate4.tif,16,1009.000,944,1168
10378,G3_01_1_1_Chlorophyll_A_001_phosphate_plate4.tif,1,944.000,944,944
10379,G3_01_1_1_Chlorophyll_A_001_phosphate_plate4.tif,4,1116.000,1040,1200
10380,G3_01_1_1_Chlorophyll_A_001_phosphate_plate4.tif,13,1099.077,960,1248
10381,G3_01_1_1_Chlorophyll_A_001_phosphate_plate4.tif,14,1114.286,960,1440
10382,G3_01_1_1_Chlorophyll_A_001_phosphate_plate4.tif,10,1036.800,944,1152
10383,G3_01_1_1_Chlorophyll_A_001_phosphate_plate4.tif,38,1073.684,944,1312
10384,G3_01_1_1_Chlorophyll_A_001_phosphate_plate4.tif,1,976.000,976,976
10385,G3_01_1_1_Chlorophyll_A_001_phosphate_plate4.tif,4,1024.000,976,1088
10386,G3_01_1_1_Chlorophyll_A_001_phosphate_plate4.tif,2,952.000,944,960
10387,G3_01_1_1_Chlorophyll_A_001_phosphate_plate4.tif,1,992.000,992,992
10388,G3_01_1_1_Chlorophyll_A_001_phosphate_plate4.tif,1,1056.000,1056,1056
10389,G3_01_1_1_Chlorophyll_A_001_phosphate_plate4.tif,1,976.000,976,976
10390,G3_01_1_1_Chlorophyll_A_001_phosphate_plate4.tif,1,960.000,960,960
10391,G3_01_1_1_Chlorophyll_A_001_phosphate_plate4.tif,1,1008.000,1008,1008
10392,G3_01_1_1_Chlorophyll_A_001_phosphate_plate4.tif,1,1040.000,1040,1040
10393,G3_01_1_1_Chlorophyll_A_001_phosphate_plate4.tif,1,1008.000,1008,1008
10394,G3_01_1_1_Chlorophyll_A_001_phosphate_plate4.tif,1,960.000,960,960
10395,G3_01_1_1_Chlorophyll_A_001_phosphate_plate4.tif,86,4437.953,960,19952
10396,G3_01_1_1_Chlorophyll_A_001_phosphate_plate4.tif,43,1090.977,944,1456
10397,G3_01_1_1_Chlorophyll_A_001_phosphate_plate4.tif,1,1056.000,1056,1056
10398,G3_01_1_1_Chlorophyll_A_001_phosphate_plate4.tif,1,1008.000,1008,1008
10399,G3_01_1_1_Chlorophyll_A_001_phosphate_plate4.tif,2,1160.000,1136,1184
10400,G3_01_1_1_Chlorophyll_A_001_phosphate_plate4.tif,1,1072.000,1072,1072
10401,G3_01_1_1_Chlorophyll_A_001_phosphate_plate4.tif,2,960.000,944,976
10402,G3_01_1_1_Chlorophyll_A_001_phosphate_plate4.tif,1,1008.000,1008,1008
10403,G3_01_1_1_Chlorophyll_A_001_phosphate_plate4.tif,1,1104.000,1104,1104
10404,G3_01_1_1_Chlorophyll_A_001_phosphate_plate4.tif,1,944.000,944,944
10405,G3_01_1_1_Chlorophyll_A_001_phosphate_plate4.tif,1,944.000,944,944
10406,G3_01_1_1_Chlorophyll_A_001_phosphate_plate4.tif,1,992.000,992,992
10407,G3_01_1_1_Chlorophyll_A_001_phosphate_plate4.tif,1,1056.000,1056,1056
10408,G3_01_1_1_Chlorophyll_A_001_phosphate_plate4.tif,54,1090.667,944,1520
10409,G3_01_1_1_Chlorophyll_A_001_phosphate_plate4.tif,246,2975.415,944,27696
10410,G3_01_1_1_Chlorophyll_A_001_phosphate_plate4.tif,82,1061.854,944,1344
10411,G3_01_1_1_Chlorophyll_A_001_phosphate_plate4.tif,2,952.000,944,960
10412,G3_01_1_1_Chlorophyll_A_001_phosphate_plate4.tif,2,1016.000,944,1088
10413,G3_01_1_1_Chlorophyll_A_001_phosphate_plate4.tif,1,960.000,960,960
10414,G3_01_1_1_Chlorophyll_A_001_phosphate_plate4.tif,1,1136.000,1136,1136
10415,G3_01_1_1_Chlorophyll_A_001_phosphate_plate4.tif,1,1200.000,1200,1200
10416,G3_01_1_1_Chlorophyll_A_001_phosphate_plate4.tif,1,960.000,960,960
10417,G3_01_1_1_Chlorophyll_A_001_phosphate_plate4.tif,1,1088.000,1088,1088
10418,G3_01_1_1_Chlorophyll_A_001_phosphate_plate4.tif,14,1074.286,944,1376
10419,G3_01_1_1_Chlorophyll_A_001_phosphate_plate4.tif,49,1113.469,944,1392
10420,G3_01_1_1_Chlorophyll_A_001_phosphate_plate4.tif,41,1093.073,944,1408
10421,G3_01_1_1_Chlorophyll_A_001_phosphate_plate4.tif,1,1136.000,1136,1136
10422,G3_01_1_1_Chlorophyll_A_001_phosphate_plate4.tif,25,1024.640,944,1184
10423,G3_01_1_1_Chlorophyll_A_001_phosphate_plate4.tif,1,944.000,944,944
10424,G3_01_1_1_Chlorophyll_A_001_phosphate_plate4.tif,1,960.000,960,960
10425,G3_01_1_1_Chlorophyll_A_001_phosphate_plate4.tif,1,1024.000,1024,1024
10426,G3_01_1_1_Chlorophyll_A_001_phosphate_plate4.tif,1,1008.000,1008,1008
10427,G3_01_1_1_Chlorophyll_A_001_phosphate_plate4.tif,1,1056.000,1056,1056
10428,G3_01_1_1_Chlorophyll_A_001_phosphate_plate4.tif,1,1056.000,1056,1056
10429,G3_01_1_1_Chlorophyll_A_001_phosphate_plate4.tif,1,992.000,992,992
10430,G3_01_1_1_Chlorophyll_A_001_phosphate_plate4.tif,1,944.000,944,944
10431,G3_01_1_1_Chlorophyll_A_001_phosphate_plate4.tif,58,1118.345,944,1568
10432,G3_01_1_1_Chlorophyll_A_001_phosphate_plate4.tif,53,1111.245,944,1408
10433,G3_01_1_1_Chlorophyll_A_001_phosphate_plate4.tif,1,1056.000,1056,1056
10434,G3_01_1_1_Chlorophyll_A_001_phosphate_plate4.tif,14,1041.143,944,1168
10435,G3_01_1_1_Chlorophyll_A_001_phosphate_plate4.tif,1,1008.000,1008,1008
10436,G3_01_1_1_Chlorophyll_A_001_phosphate_plate4.tif,2,1072.000,992,1152
10437,G3_01_1_1_Chlorophyll_A_001_phosphate_plate4.tif,2,1016.000,976,1056
10438,G3_01_1_1_Chlorophyll_A_001_phosphate_plate4.tif,1,1152.000,1152,1152
10439,G3_01_1_1_Chlorophyll_A_001_phosphate_plate4.tif,1,1120.000,1120,1120
10440,G3_01_1_1_Chlorophyll_A_001_phosphate_plate4.tif,4,960.000,944,976
10441,G3_01_1_1_Chlorophyll_A_001_phosphate_plate4.tif,1,960.000,960,960
10442,G3_01_1_1_Chlorophyll_A_001_phosphate_plate4.tif,1,944.000,944,944
10443,G3_01_1_1_Chlorophyll_A_001_phosphate_plate4.tif,1,960.000,960,960
10444,G3_01_1_1_Chlorophyll_A_001_phosphate_plate4.tif,1,976.000,976,976
10445,G3_01_1_1_Chlorophyll_A_001_phosphate_plate4.tif,1,1056.000,1056,1056
10446,G3_01_1_1_Chlorophyll_A_001_phosphate_plate4.tif,38,1089.263,944,1328
10447,G3_01_1_1_Chlorophyll_A_001_phosphate_plate4.tif,62,1065.806,944,1296
10448,G3_01_1_1_Chlorophyll_A_001_phosphate_plate4.tif,29,1067.034,944,1232
10449,G3_01_1_1_Chlorophyll_A_001_phosphate_plate4.tif,1,960.000,960,960
10450,G3_01_1_1_Chlorophyll_A_001_phosphate_plate4.tif,1,960.000,960,960
10451,G3_01_1_1_Chlorophyll_A_001_phosphate_plate4.tif,12,1045.333,944,1280
10452,G3_01_1_1_Chlorophyll_A_001_phosphate_plate4.tif,56,1042.571,944,1248
10453,G3_01_1_1_Chlorophyll_A_001_phosphate_plate4.tif,1,1104.000,1104,1104
10454,G3_01_1_1_Chlorophyll_A_001_phosphate_plate4.tif,1,1104.000,1104,1104
10455,G3_01_1_1_Chlorophyll_A_001_phosphate_plate4.tif,2,1048.000,1040,1056
10456,G3_01_1_1_Chlorophyll_A_001_phosphate_plate4.tif,1,960.000,960,960
10457,G3_01_1_1_Chlorophyll_A_001_phosphate_plate4.tif,2,1000.000,960,1040
10458,G3_01_1_1_Chlorophyll_A_001_phosphate_plate4.tif,1,1056.000,1056,1056
10459,G3_01_1_1_Chlorophyll_A_001_phosphate_plate4.tif,113,3800.071,944,29008
10460,G3_01_1_1_Chlorophyll_A_001_phosphate_plate4.tif,2,1008.000,992,1024
10461,G3_01_1_1_Chlorophyll_A_001_phosphate_plate4.tif,1,1056.000,1056,1056
10462,G3_01_1_1_Chlorophyll_A_001_phosphate_plate4.tif,1,1088.000,1088,1088
10463,G3_01_1_1_Chlorophyll_A_001_phosphate_plate4.tif,3,1008.000,960,1072
10464,G3_01_1_1_Chlorophyll_A_001_phosphate_plate4.tif,1,960.000,960,960
10465,G3_01_1_1_Chlorophyll_A_001_phosphate_plate4.tif,1,960.000,960,960
10466,G3_01_1_1_Chlorophyll_A_001_phosphate_plate4.tif,1,1056.000,1056,1056
10467,G3_01_1_1_Chlorophyll_A_001_phosphate_plate4.tif,28,1081.143,944,1248
10468,G3_01_1_1_Chlorophyll_A_001_phosphate_plate4.tif,24,1096.000,960,1392
10469,G3_01_1_1_Chlorophyll_A_001_phosphate_plate4.tif,1,1040.000,1040,1040
10470,G3_01_1_1_Chlorophyll_A_001_phosphate_plate4.tif,66,1061.091,944,1280
10471,G3_01_1_1_Chlorophyll_A_001_phosphate_plate4.tif,2,1048.000,992,1104
10472,G3_01_1_1_Chlorophyll_A_001_phosphate_plate4.tif,2,1032.000,1008,1056
10473,G3_01_1_1_Chlorophyll_A_001_phosphate_plate4.tif,1,944.000,944,944
10474,G3_01_1_1_Chlorophyll_A_001_phosphate_plate4.tif,1,1040.000,1040,1040
10475,G3_01_1_1_Chlorophyll_A_001_phosphate_plate4.tif,1,976.000,976,976
10476,G3_01_1_1_Chlorophyll_A_001_phosphate_plate4.tif,1,1040.000,1040,1040
10477,G3_01_1_1_Chlorophyll_A_001_phosphate_plate4.tif,138,4237.333,944,26528
10478,G3_01_1_1_Chlorophyll_A_001_phosphate_plate4.tif,1,960.000,960,960
10479,G3_01_1_1_Chlorophyll_A_001_phosphate_plate4.tif,1,1072.000,1072,1072
10480,G3_01_1_1_Chlorophyll_A_001_phosphate_plate4.tif,30,1024.533,944,1184
10481,G3_01_1_1_Chlorophyll_A_001_phosphate_plate4.tif,3,1018.667,944,1072
10482,G3_01_1_1_Chlorophyll_A_001_phosphate_plate4.tif,1,976.000,976,976
10483,G3_01_1_1_Chlorophyll_A_001_phosphate_plate4.tif,1,960.000,960,960
10484,G3_01_1_1_Chlorophyll_A_001_phosphate_plate4.tif,1,1104.000,1104,1104
10485,G3_01_1_1_Chlorophyll_A_001_phosphate_plate4.tif,1,976.000,976,976
10486,G3_01_1_1_Chlorophyll_A_001_phosphate_plate4.tif,1,960.000,960,960
10487,G3_01_1_1_Chlorophyll_A_001_phosphate_plate4.tif,1,976.000,976,976
10488,G3_01_1_1_Chlorophyll_A_001_phosphate_plate4.tif,1,976.000,976,976
10489,G3_01_1_1_Chlorophyll_A_001_phosphate_plate4.tif,1,1056.000,1056,1056
10490,G3_01_1_1_Chlorophyll_A_001_phosphate_plate4.tif,50,3112.320,944,12800
10491,G3_01_1_1_Chlorophyll_A_001_phosphate_plate4.tif,102,5160.471,944,41424
10492,G3_01_1_1_Chlorophyll_A_001_phosphate_plate4.tif,30,1099.733,944,1360
10493,G3_01_1_1_Chlorophyll_A_001_phosphate_plate4.tif,35,1088.000,944,1328
10494,G3_01_1_1_Chlorophyll_A_001_phosphate_plate4.tif,45,1037.156,944,1248
10495,G3_01_1_1_Chlorophyll_A_001_phosphate_plate4.tif,449,2782.682,944,30096
10496,G3_01_1_1_Chlorophyll_A_001_phosphate_plate4.tif,1,992.000,992,992
10497,G3_01_1_1_Chlorophyll_A_001_phosphate_plate4.tif,2,1064.000,1056,1072
10498,G3_01_1_1_Chlorophyll_A_001_phosphate_plate4.tif,2,992.000,960,1024
10499,G3_01_1_1_Chlorophyll_A_001_phosphate_plate4.tif,51,1090.824,944,1408
10500,G3_01_1_1_Chlorophyll_A_001_phosphate_plate4.tif,4,1024.000,944,1168
10501,G3_01_1_1_Chlorophyll_A_001_phosphate_plate4.tif,1,1104.000,1104,1104
10502,G3_01_1_1_Chlorophyll_A_001_phosphate_plate4.tif,2,1080.000,1072,1088
10503,G3_01_1_1_Chlorophyll_A_001_phosphate_plate4.tif,1,1056.000,1056,1056
10504,G3_01_1_1_Chlorophyll_A_001_phosphate_plate4.tif,8,1010.000,944,1072
10505,G3_01_1_1_Chlorophyll_A_001_phosphate_plate4.tif,4,1028.000,960,1088
10506,G3_01_1_1_Chlorophyll_A_001_phosphate_plate4.tif,3,1029.333,976,1072
10507,G3_01_1_1_Chlorophyll_A_001_phosphate_plate4.tif,1,1056.000,1056,1056
10508,G3_01_1_1_Chlorophyll_A_001_phosphate_plate4.tif,1,960.000,960,960
10509,G3_01_1_1_Chlorophyll_A_001_phosphate_plate4.tif,1,976.000,976,976
10510,G3_01_1_1_Chlorophyll_A_001_phosphate_plate4.tif,2,1016.000,992,1040
10511,G3_01_1_1_Chlorophyll_A_001_phosphate_plate4.tif,1,1104.000,1104,1104
10512,G3_01_1_1_Chlorophyll_A_001_phosphate_plate4.tif,1,960.000,960,960
10513,G3_01_1_1_Chlorophyll_A_001_phosphate_plate4.tif,1,992.000,992,992
10514,G3_01_1_1_Chlorophyll_A_001_phosphate_plate4.tif,1,944.000,944,944
10515,G3_01_1_1_Chlorophyll_A_001_phosphate_plate4.tif,1,944.000,944,944
10516,G3_01_1_1_Chlorophyll_A_001_phosphate_plate4.tif,1,960.000,960,960
10517,G3_01_1_1_Chlorophyll_A_001_phosphate_plate4.tif,96,4164.833,944,18640
10518,G3_01_1_1_Chlorophyll_A_001_phosphate_plate4.tif,56,3933.714,944,16576
10519,G3_01_1_1_Chlorophyll_A_001_phosphate_plate4.tif,34,1118.588,960,1376
10520,G3_01_1_1_Chlorophyll_A_001_phosphate_plate4.tif,16,1128.000,960,1344
10521,G3_01_1_1_Chlorophyll_A_001_phosphate_plate4.tif,17,1127.529,960,1344
10522,G3_01_1_1_Chlorophyll_A_001_phosphate_plate4.tif,46,1082.783,944,1344
10523,G3_01_1_1_Chlorophyll_A_001_phosphate_plate4.tif,2,1024.000,976,1072
10524,G3_01_1_1_Chlorophyll_A_001_phosphate_plate4.tif,4,1000.000,960,1040
10525,G3_01_1_1_Chlorophyll_A_001_phosphate_plate4.tif,1,944.000,944,944
10526,G3_01_1_1_Chlorophyll_A_001_phosphate_plate4.tif,1,976.000,976,976
10527,G3_01_1_1_Chlorophyll_A_001_phosphate_plate4.tif,1,976.000,976,976
10528,G3_01_1_1_Chlorophyll_A_001_phosphate_plate4.tif,1,944.000,944,944
10529,G3_01_1_1_Chlorophyll_A_001_phosphate_plate4.tif,1,960.000,960,960
10530,G3_01_1_1_Chlorophyll_A_001_phosphate_plate4.tif,1,944.000,944,944
10531,G3_01_1_1_Chlorophyll_A_001_phosphate_plate4.tif,1,1184.000,1184,1184
10532,G3_01_1_1_Chlorophyll_A_001_phosphate_plate4.tif,21,1106.286,992,1264
10533,G3_01_1_1_Chlorophyll_A_001_phosphate_plate4.tif,21,1081.905,944,1312
10534,G3_01_1_1_Chlorophyll_A_001_phosphate_plate4.tif,19,1088.842,944,1264
10535,G3_01_1_1_Chlorophyll_A_001_phosphate_plate4.tif,1,992.000,992,992
10536,G3_01_1_1_Chlorophyll_A_001_phosphate_plate4.tif,13,1081.846,944,1232
10537,G3_01_1_1_Chlorophyll_A_001_phosphate_plate4.tif,2,992.000,944,1040
10538,G3_01_1_1_Chlorophyll_A_001_phosphate_plate4.tif,1,944.000,944,944
10539,G3_01_1_1_Chlorophyll_A_001_phosphate_plate4.tif,1,960.000,960,960
10540,G3_01_1_1_Chlorophyll_A_001_phosphate_plate4.tif,1,944.000,944,944
10541,G3_01_1_1_Chlorophyll_A_001_phosphate_plate4.tif,1,960.000,960,960
10542,G3_01_1_1_Chlorophyll_A_001_phosphate_plate4.tif,1,1024.000,1024,1024
10543,G3_01_1_1_Chlorophyll_A_001_phosphate_plate4.tif,1,1072.000,1072,1072
10544,G3_01_1_1_Chlorophyll_A_001_phosphate_plate4.tif,1,1056.000,1056,1056
10545,G3_01_1_1_Chlorophyll_A_001_phosphate_plate4.tif,2,1000.000,960,1040
10546,G3_01_1_1_Chlorophyll_A_001_phosphate_plate4.tif,1,1040.000,1040,1040
10547,G3_01_1_1_Chlorophyll_A_001_phosphate_plate4.tif,20,1124.000,960,1376
10548,G3_01_1_1_Chlorophyll_A_001_phosphate_plate4.tif,28,1060.000,944,1312
10549,G3_01_1_1_Chlorophyll_A_001_phosphate_plate4.tif,64,1144.500,944,1600
10550,G3_01_1_1_Chlorophyll_A_001_phosphate_plate4.tif,45,1120.711,944,1392
10551,G3_01_1_1_Chlorophyll_A_001_phosphate_plate4.tif,16,1115.000,944,1424
10552,G3_01_1_1_Chlorophyll_A_001_phosphate_plate4.tif,25,1011.840,944,1216
10553,G3_01_1_1_Chlorophyll_A_001_phosphate_plate4.tif,1,1056.000,1056,1056
10554,G3_01_1_1_Chlorophyll_A_001_phosphate_plate4.tif,1,1120.000,1120,1120
10555,G3_01_1_1_Chlorophyll_A_001_phosphate_plate4.tif,1,1008.000,1008,1008
10556,G3_01_1_1_Chlorophyll_A_001_phosphate_plate4.tif,2,1080.000,1024,1136
10557,G3_01_1_1_Chlorophyll_A_001_phosphate_plate4.tif,1,976.000,976,976
10558,G3_01_1_1_Chlorophyll_A_001_phosphate_plate4.tif,1,960.000,960,960
10559,G3_01_1_1_Chlorophyll_A_001_phosphate_plate4.tif,1,1136.000,1136,1136
10560,G3_01_1_1_Chlorophyll_A_001_phosphate_plate4.tif,1,944.000,944,944
10561,G3_01_1_1_Chlorophyll_A_001_phosphate_plate4.tif,2,984.000,976,992
10562,G3_01_1_1_Chlorophyll_A_001_phosphate_plate4.tif,1,1008.000,1008,1008
10563,G3_01_1_1_Chlorophyll_A_001_phosphate_plate4.tif,1,992.000,992,992
10564,G3_01_1_1_Chlorophyll_A_001_phosphate_plate4.tif,1,992.000,992,992
10565,G3_01_1_1_Chlorophyll_A_001_phosphate_plate4.tif,110,5717.673,944,31840
10566,G3_01_1_1_Chlorophyll_A_001_phosphate_plate4.tif,50,1112.960,944,1472
10567,G3_01_1_1_Chlorophyll_A_001_phosphate_plate4.tif,29,1103.448,944,1376
10568,G3_01_1_1_Chlorophyll_A_001_phosphate_plate4.tif,11,1026.909,944,1136
10569,G3_01_1_1_Chlorophyll_A_001_phosphate_plate4.tif,1,1040.000,1040,1040
10570,G3_01_1_1_Chlorophyll_A_001_phosphate_plate4.tif,1,1040.000,1040,1040
10571,G3_01_1_1_Chlorophyll_A_001_phosphate_plate4.tif,1,992.000,992,992
10572,G3_01_1_1_Chlorophyll_A_001_phosphate_plate4.tif,3,1013.333,960,1120
10573,G3_01_1_1_Chlorophyll_A_001_phosphate_plate4.tif,1,960.000,960,960
10574,G3_01_1_1_Chlorophyll_A_001_phosphate_plate4.tif,2,1072.000,1056,1088
10575,G3_01_1_1_Chlorophyll_A_001_phosphate_plate4.tif,1,976.000,976,976
10576,G3_01_1_1_Chlorophyll_A_001_phosphate_plate4.tif,2,1008.000,944,1072
10577,G3_01_1_1_Chlorophyll_A_001_phosphate_plate4.tif,1,1008.000,1008,1008
10578,G3_01_1_1_Chlorophyll_A_001_phosphate_plate4.tif,1,976.000,976,976
10579,G3_01_1_1_Chlorophyll_A_001_phosphate_plate4.tif,1,944.000,944,944
10580,G3_01_1_1_Chlorophyll_A_001_phosphate_plate4.tif,1,1040.000,1040,1040
10581,G3_01_1_1_Chlorophyll_A_001_phosphate_plate4.tif,1,944.000,944,944
10582,G3_01_1_1_Chlorophyll_A_001_phosphate_plate4.tif,1,976.000,976,976
10583,G3_01_1_1_Chlorophyll_A_001_phosphate_plate4.tif,82,3816.976,960,21536
10584,G3_01_1_1_Chlorophyll_A_001_phosphate_plate4.tif,1,1008.000,1008,1008
10585,G3_01_1_1_Chlorophyll_A_001_phosphate_plate4.tif,14,1133.714,944,1424
10586,G3_01_1_1_Chlorophyll_A_001_phosphate_plate4.tif,2,1040.000,1040,1040
10587,G3_01_1_1_Chlorophyll_A_001_phosphate_plate4.tif,11,1013.818,944,1152
10588,G3_01_1_1_Chlorophyll_A_001_phosphate_plate4.tif,1,1008.000,1008,1008
10589,G3_01_1_1_Chlorophyll_A_001_phosphate_plate4.tif,5,1011.200,960,1088
10590,G3_01_1_1_Chlorophyll_A_001_phosphate_plate4.tif,1,976.000,976,976
10591,G3_01_1_1_Chlorophyll_A_001_phosphate_plate4.tif,1,944.000,944,944
10592,G3_01_1_1_Chlorophyll_A_001_phosphate_plate4.tif,1,960.000,960,960
10593,G3_01_1_1_Chlorophyll_A_001_phosphate_plate4.tif,1,1008.000,1008,1008
10594,G3_01_1_1_Chlorophyll_A_001_phosphate_plate4.tif,1,960.000,960,960
10595,G3_01_1_1_Chlorophyll_A_001_phosphate_plate4.tif,1,992.000,992,992
10596,G3_01_1_1_Chlorophyll_A_001_phosphate_plate4.tif,34,1081.412,960,1344
10597,G3_01_1_1_Chlorophyll_A_001_phosphate_plate4.tif,71,1090.704,944,1408
10598,G3_01_1_1_Chlorophyll_A_001_phosphate_plate4.tif,66,1082.909,944,1424
10599,G3_01_1_1_Chlorophyll_A_001_phosphate_plate4.tif,47,1033.532,944,1360
10600,G3_01_1_1_Chlorophyll_A_001_phosphate_plate4.tif,13,1046.154,976,1216
10601,G3_01_1_1_Chlorophyll_A_001_phosphate_plate4.tif,2,1008.000,960,1056
10602,G3_01_1_1_Chlorophyll_A_001_phosphate_plate4.tif,1,1072.000,1072,1072
10603,G3_01_1_1_Chlorophyll_A_001_phosphate_plate4.tif,3,1029.333,944,1136
10604,G3_01_1_1_Chlorophyll_A_001_phosphate_plate4.tif,1,1040.000,1040,1040
10605,G3_01_1_1_Chlorophyll_A_001_phosphate_plate4.tif,1,1120.000,1120,1120
10606,G3_01_1_1_Chlorophyll_A_001_phosphate_plate4.tif,2,1000.000,992,1008
10607,G3_01_1_1_Chlorophyll_A_001_phosphate_plate4.tif,1,944.000,944,944
10608,G3_01_1_1_Chlorophyll_A_001_phosphate_plate4.tif,125,2924.160,944,17760
10609,G3_01_1_1_Chlorophyll_A_001_phosphate_plate4.tif,1,976.000,976,976
10610,G3_01_1_1_Chlorophyll_A_001_phosphate_plate4.tif,101,5252.436,944,28256
10611,G3_01_1_1_Chlorophyll_A_001_phosphate_plate4.tif,1,976.000,976,976
10612,G3_01_1_1_Chlorophyll_A_001_phosphate_plate4.tif,1,960.000,960,960
10613,G3_01_1_1_Chlorophyll_A_001_phosphate_plate4.tif,1,1056.000,1056,1056
10614,G3_01_1_1_Chlorophyll_A_001_phosphate_plate4.tif,11,1060.364,944,1312
10615,G3_01_1_1_Chlorophyll_A_001_phosphate_plate4.tif,16,1106.000,944,1248
10616,G3_01_1_1_Chlorophyll_A_001_phosphate_plate4.tif,54,1107.852,944,1328
10617,G3_01_1_1_Chlorophyll_A_001_phosphate_plate4.tif,65,1041.477,944,1264
10618,G3_01_1_1_Chlorophyll_A_001_phosphate_plate4.tif,42,1052.571,944,1296
10619,G3_01_1_1_Chlorophyll_A_001_phosphate_plate4.tif,1,944.000,944,944
10620,G3_01_1_1_Chlorophyll_A_001_phosphate_plate4.tif,1,1088.000,1088,1088
10621,G3_01_1_1_Chlorophyll_A_001_phosphate_plate4.tif,40,1082.000,944,1408
10622,G3_01_1_1_Chlorophyll_A_001_phosphate_plate4.tif,3,986.667,944,1056
10623,G3_01_1_1_Chlorophyll_A_001_phosphate_plate4.tif,1,944.000,944,944
10624,G3_01_1_1_Chlorophyll_A_001_phosphate_plate4.tif,1,1024.000,1024,1024
10625,G3_01_1_1_Chlorophyll_A_001_phosphate_plate4.tif,1,944.000,944,944
10626,G3_01_1_1_Chlorophyll_A_001_phosphate_plate4.tif,2,1088.000,1056,1120
10627,G3_01_1_1_Chlorophyll_A_001_phosphate_plate4.tif,1,992.000,992,992
10628,G3_01_1_1_Chlorophyll_A_001_phosphate_plate4.tif,1,1008.000,1008,1008
10629,G3_01_1_1_Chlorophyll_A_001_phosphate_plate4.tif,3,1034.667,944,1152
10630,G3_01_1_1_Chlorophyll_A_001_phosphate_plate4.tif,1,1024.000,1024,1024
10631,G3_01_1_1_Chlorophyll_A_001_phosphate_plate4.tif,1,992.000,992,992
10632,G3_01_1_1_Chlorophyll_A_001_phosphate_plate4.tif,1,1040.000,1040,1040
10633,G3_01_1_1_Chlorophyll_A_001_phosphate_plate4.tif,1,944.000,944,944
10634,G3_01_1_1_Chlorophyll_A_001_phosphate_plate4.tif,20,1064.000,944,1232
10635,G3_01_1_1_Chlorophyll_A_001_phosphate_plate4.tif,53,1062.340,944,1344
10636,G3_01_1_1_Chlorophyll_A_001_phosphate_plate4.tif,1,1152.000,1152,1152
10637,G3_01_1_1_Chlorophyll_A_001_phosphate_plate4.tif,1,1024.000,1024,1024
10638,G3_01_1_1_Chlorophyll_A_001_phosphate_plate4.tif,8,1026.000,976,1088
10639,G3_01_1_1_Chlorophyll_A_001_phosphate_plate4.tif,2,1016.000,992,1040
10640,G3_01_1_1_Chlorophyll_A_001_phosphate_plate4.tif,1,960.000,960,960
10641,G3_01_1_1_Chlorophyll_A_001_phosphate_plate4.tif,1,960.000,960,960
10642,G3_01_1_1_Chlorophyll_A_001_phosphate_plate4.tif,1,960.000,960,960
10643,G3_01_1_1_Chlorophyll_A_001_phosphate_plate4.tif,1,944.000,944,944
10644,G3_01_1_1_Chlorophyll_A_001_phosphate_plate4.tif,18,1104.889,1008,1312
10645,G3_01_1_1_Chlorophyll_A_001_phosphate_plate4.tif,26,1118.154,944,1504
10646,G3_01_1_1_Chlorophyll_A_001_phosphate_plate4.tif,51,1095.843,944,1392
10647,G3_01_1_1_Chlorophyll_A_001_phosphate_plate4.tif,5,1104.000,976,1216
10648,G3_01_1_1_Chlorophyll_A_001_phosphate_plate4.tif,28,1080.000,944,1328
10649,G3_01_1_1_Chlorophyll_A_001_phosphate_plate4.tif,4,1012.000,960,1072
10650,G3_01_1_1_Chlorophyll_A_001_phosphate_plate4.tif,2,1072.000,1040,1104
10651,G3_01_1_1_Chlorophyll_A_001_phosphate_plate4.tif,3,954.667,944,960
10652,G3_01_1_1_Chlorophyll_A_001_phosphate_plate4.tif,1,944.000,944,944
10653,G3_01_1_1_Chlorophyll_A_001_phosphate_plate4.tif,5,1024.000,944,1120
10654,G3_01_1_1_Chlorophyll_A_001_phosphate_plate4.tif,1,1072.000,1072,1072
10655,G3_01_1_1_Chlorophyll_A_001_phosphate_plate4.tif,1,1088.000,1088,1088
10656,G3_01_1_1_Chlorophyll_A_001_phosphate_plate4.tif,1,1104.000,1104,1104
10657,G3_01_1_1_Chlorophyll_A_001_phosphate_plate4.tif,1,960.000,960,960
10658,G3_01_1_1_Chlorophyll_A_001_phosphate_plate4.tif,1,976.000,976,976
10659,G3_01_1_1_Chlorophyll_A_001_phosphate_plate4.tif,1,944.000,944,944
10660,G3_01_1_1_Chlorophyll_A_001_phosphate_plate4.tif,1,944.000,944,944
10661,G3_01_1_1_Chlorophyll_A_001_phosphate_plate4.tif,613,2537.162,944,30304
10662,G3_01_1_1_Chlorophyll_A_001_phosphate_plate4.tif,2,1104.000,1008,1200
10663,G3_01_1_1_Chlorophyll_A_001_phosphate_plate4.tif,1,944.000,944,944
10664,G3_01_1_1_Chlorophyll_A_001_phosphate_plate4.tif,1,1056.000,1056,1056
10665,G3_01_1_1_Chlorophyll_A_001_phosphate_plate4.tif,5,1024.000,944,1088
10666,G3_01_1_1_Chlorophyll_A_001_phosphate_plate4.tif,1,1008.000,1008,1008
10667,G3_01_1_1_Chlorophyll_A_001_phosphate_plate4.tif,1,1056.000,1056,1056
10668,G3_01_1_1_Chlorophyll_A_001_phosphate_plate4.tif,1,992.000,992,992
10669,G3_01_1_1_Chlorophyll_A_001_phosphate_plate4.tif,1,992.000,992,992
10670,G3_01_1_1_Chlorophyll_A_001_phosphate_plate4.tif,1,1072.000,1072,1072
10671,G3_01_1_1_Chlorophyll_A_001_phosphate_plate4.tif,1,960.000,960,960
10672,G3_01_1_1_Chlorophyll_A_001_phosphate_plate4.tif,1,960.000,960,960
10673,G3_01_1_1_Chlorophyll_A_001_phosphate_plate4.tif,1,976.000,976,976
10674,G3_01_1_1_Chlorophyll_A_001_phosphate_plate4.tif,64,1093.500,944,1504
10675,G3_01_1_1_Chlorophyll_A_001_phosphate_plate4.tif,2,944.000,944,944
10676,G3_01_1_1_Chlorophyll_A_001_phosphate_plate4.tif,4,1052.000,1008,1088
10677,G3_01_1_1_Chlorophyll_A_001_phosphate_plate4.tif,2,944.000,944,944
10678,G3_01_1_1_Chlorophyll_A_001_phosphate_plate4.tif,1,960.000,960,960
10679,G3_01_1_1_Chlorophyll_A_001_phosphate_plate4.tif,2,960.000,944,976
10680,G3_01_1_1_Chlorophyll_A_001_phosphate_plate4.tif,1,1040.000,1040,1040
10681,G3_01_1_1_Chlorophyll_A_001_phosphate_plate4.tif,1,944.000,944,944
10682,G3_01_1_1_Chlorophyll_A_001_phosphate_plate4.tif,1,992.000,992,992
10683,G3_01_1_1_Chlorophyll_A_001_phosphate_plate4.tif,1,1152.000,1152,1152
10684,G3_01_1_1_Chlorophyll_A_001_phosphate_plate4.tif,1,1024.000,1024,1024
10685,G3_01_1_1_Chlorophyll_A_001_phosphate_plate4.tif,1,1120.000,1120,1120
10686,G3_01_1_1_Chlorophyll_A_001_phosphate_plate4.tif,1,1008.000,1008,1008
10687,G3_01_1_1_Chlorophyll_A_001_phosphate_plate4.tif,1,1040.000,1040,1040
10688,G3_01_1_1_Chlorophyll_A_001_phosphate_plate4.tif,4,1000.000,960,1040
10689,G3_01_1_1_Chlorophyll_A_001_phosphate_plate4.tif,1,992.000,992,992
10690,G3_01_1_1_Chlorophyll_A_001_phosphate_plate4.tif,1,1024.000,1024,1024
10691,G3_01_1_1_Chlorophyll_A_001_phosphate_plate4.tif,1,944.000,944,944
10692,G3_01_1_1_Chlorophyll_A_001_phosphate_plate4.tif,1,944.000,944,944
10693,G3_01_1_1_Chlorophyll_A_001_phosphate_plate4.tif,1,976.000,976,976
10694,G3_01_1_1_Chlorophyll_A_001_phosphate_plate4.tif,34,1073.412,944,1360
10695,G3_01_1_1_Chlorophyll_A_001_phosphate_plate4.tif,183,2126.339,944,18272
10696,G3_01_1_1_Chlorophyll_A_001_phosphate_plate4.tif,49,1054.367,944,1264
10697,G3_01_1_1_Chlorophyll_A_001_phosphate_plate4.tif,1,992.000,992,992
10698,G3_01_1_1_Chlorophyll_A_001_phosphate_plate4.tif,2,1024.000,1024,1024
10699,G3_01_1_1_Chlorophyll_A_001_phosphate_plate4.tif,3,1002.667,960,1040
10700,G3_01_1_1_Chlorophyll_A_001_phosphate_plate4.tif,153,4252.131,944,24080
10701,G3_01_1_1_Chlorophyll_A_001_phosphate_plate4.tif,1,1040.000,1040,1040
10702,G3_01_1_1_Chlorophyll_A_001_phosphate_plate4.tif,1,992.000,992,992
10703,G3_01_1_1_Chlorophyll_A_001_phosphate_plate4.tif,1,960.000,960,960
10704,G3_01_1_1_Chlorophyll_A_001_phosphate_plate4.tif,260,2137.538,944,15792
10705,G3_01_1_1_Chlorophyll_A_001_phosphate_plate4.tif,257,2694.911,944,34240
10706,G3_01_1_1_Chlorophyll_A_001_phosphate_plate4.tif,1,1024.000,1024,1024
10707,G3_01_1_1_Chlorophyll_A_001_phosphate_plate4.tif,1,1216.000,1216,1216
10708,G3_01_1_1_Chlorophyll_A_001_phosphate_plate4.tif,1,1088.000,1088,1088
10709,G3_01_1_1_Chlorophyll_A_001_phosphate_plate4.tif,3,1082.667,1056,1104
10710,G3_01_1_1_Chlorophyll_A_001_phosphate_plate4.tif,2,976.000,976,976
10711,G3_01_1_1_Chlorophyll_A_001_phosphate_plate4.tif,4,1020.000,960,1104
10712,G3_01_1_1_Chlorophyll_A_001_phosphate_plate4.tif,2,992.000,944,1040
10713,G3_01_1_1_Chlorophyll_A_001_phosphate_plate4.tif,7,1005.714,944,1136
10714,G3_01_1_1_Chlorophyll_A_001_phosphate_plate4.tif,2,976.000,944,1008
10715,G3_01_1_1_Chlorophyll_A_001_phosphate_plate4.tif,1,1056.000,1056,1056
10716,G3_01_1_1_Chlorophyll_A_001_phosphate_plate4.tif,1,960.000,960,960
10717,G3_01_1_1_Chlorophyll_A_001_phosphate_plate4.tif,1,1008.000,1008,1008
10718,G3_01_1_1_Chlorophyll_A_001_phosphate_plate4.tif,2,968.000,944,992
10719,G3_01_1_1_Chlorophyll_A_001_phosphate_plate4.tif,106,3207.849,944,20288
10720,G3_01_1_1_Chlorophyll_A_001_phosphate_plate4.tif,1,960.000,960,960
10721,G3_01_1_1_Chlorophyll_A_001_phosphate_plate4.tif,1,960.000,960,960
10722,G3_01_1_1_Chlorophyll_A_001_phosphate_plate4.tif,1,960.000,960,960
10723,G3_01_1_1_Chlorophyll_A_001_phosphate_plate4.tif,1,944.000,944,944
10724,G3_01_1_1_Chlorophyll_A_001_phosphate_plate4.tif,1,976.000,976,976
10725,G3_01_1_1_Chlorophyll_A_001_phosphate_plate4.tif,1,1088.000,1088,1088
10726,G3_01_1_1_Chlorophyll_A_001_phosphate_plate4.tif,78,1088.205,944,1424
10727,G3_01_1_1_Chlorophyll_A_001_phosphate_plate4.tif,22,1065.455,944,1216
10728,G3_01_1_1_Chlorophyll_A_001_phosphate_plate4.tif,70,1077.486,944,1264
10729,G3_01_1_1_Chlorophyll_A_001_phosphate_plate4.tif,2,1048.000,992,1104
10730,G3_01_1_1_Chlorophyll_A_001_phosphate_plate4.tif,1,960.000,960,960
10731,G3_01_1_1_Chlorophyll_A_001_phosphate_plate4.tif,8,1000.000,960,1040
10732,G3_01_1_1_Chlorophyll_A_001_phosphate_plate4.tif,1,1120.000,1120,1120
10733,G3_01_1_1_Chlorophyll_A_001_phosphate_plate4.tif,3,992.000,944,1056
10734,G3_01_1_1_Chlorophyll_A_001_phosphate_plate4.tif,1,992.000,992,992
10735,G3_01_1_1_Chlorophyll_A_001_phosphate_plate4.tif,1,960.000,960,960
10736,G3_01_1_1_Chlorophyll_A_001_phosphate_plate4.tif,2,960.000,960,960
10737,G3_01_1_1_Chlorophyll_A_001_phosphate_plate4.tif,1,944.000,944,944
10738,G3_01_1_1_Chlorophyll_A_001_phosphate_plate4.tif,1,976.000,976,976
10739,G3_01_1_1_Chlorophyll_A_001_phosphate_plate4.tif,39,1110.974,944,1376
10740,G3_01_1_1_Chlorophyll_A_001_phosphate_plate4.tif,4,1128.000,992,1296
10741,G3_01_1_1_Chlorophyll_A_001_phosphate_plate4.tif,1,1152.000,1152,1152
10742,G3_01_1_1_Chlorophyll_A_001_phosphate_plate4.tif,3,992.000,944,1040
10743,G3_01_1_1_Chlorophyll_A_001_phosphate_plate4.tif,1,944.000,944,944
10744,G3_01_1_1_Chlorophyll_A_001_phosphate_plate4.tif,1,944.000,944,944
10745,G3_01_1_1_Chlorophyll_A_001_phosphate_plate4.tif,1,944.000,944,944
10746,G3_01_1_1_Chlorophyll_A_001_phosphate_plate4.tif,1,960.000,960,960
10747,G3_01_1_1_Chlorophyll_A_001_phosphate_plate4.tif,1,944.000,944,944
10748,G3_01_1_1_Chlorophyll_A_001_phosphate_plate4.tif,1,1008.000,1008,1008
10749,G3_01_1_1_Chlorophyll_A_001_phosphate_plate4.tif,52,1067.077,944,1264
10750,G3_01_1_1_Chlorophyll_A_001_phosphate_plate4.tif,1,976.000,976,976
10751,G3_01_1_1_Chlorophyll_A_001_phosphate_plate4.tif,3,1034.667,976,1072
10752,G3_01_1_1_Chlorophyll_A_001_phosphate_plate4.tif,1,944.000,944,944
10753,G3_01_1_1_Chlorophyll_A_001_phosphate_plate4.tif,3,1024.000,960,1072
10754,G3_01_1_1_Chlorophyll_A_001_phosphate_plate4.tif,1,976.000,976,976
10755,G3_01_1_1_Chlorophyll_A_001_phosphate_plate4.tif,1,992.000,992,992
10756,G3_01_1_1_Chlorophyll_A_001_phosphate_plate4.tif,73,3930.959,944,22992
10757,G3_01_1_1_Chlorophyll_A_001_phosphate_plate4.tif,52,1102.154,944,1440
10758,G3_01_1_1_Chlorophyll_A_001_phosphate_plate4.tif,65,1088.000,944,1408
10759,G3_01_1_1_Chlorophyll_A_001_phosphate_plate4.tif,3,1066.667,1008,1152
10760,G3_01_1_1_Chlorophyll_A_001_phosphate_plate4.tif,6,978.667,944,1024
10761,G3_01_1_1_Chlorophyll_A_001_phosphate_plate4.tif,36,1008.444,944,1200
10762,G3_01_1_1_Chlorophyll_A_001_phosphate_plate4.tif,1,976.000,976,976
10763,G3_01_1_1_Chlorophyll_A_001_phosphate_plate4.tif,5,982.400,944,1040
10764,G3_01_1_1_Chlorophyll_A_001_phosphate_plate4.tif,1,960.000,960,960
10765,G3_01_1_1_Chlorophyll_A_001_phosphate_plate4.tif,1,1088.000,1088,1088
10766,G3_01_1_1_Chlorophyll_A_001_phosphate_plate4.tif,42,1059.048,944,1312
10767,G3_01_1_1_Chlorophyll_A_001_phosphate_plate4.tif,1,944.000,944,944
10768,G3_01_1_1_Chlorophyll_A_001_phosphate_plate4.tif,1,960.000,960,960
10769,G3_01_1_1_Chlorophyll_A_001_phosphate_plate4.tif,1,976.000,976,976
10770,G3_01_1_1_Chlorophyll_A_001_phosphate_plate4.tif,1,944.000,944,944
10771,G3_01_1_1_Chlorophyll_A_001_phosphate_plate4.tif,1,1040.000,1040,1040
10772,G3_01_1_1_Chlorophyll_A_001_phosphate_plate4.tif,1,944.000,944,944
10773,G3_01_1_1_Chlorophyll_A_001_phosphate_plate4.tif,118,4295.051,944,30240
10774,G3_01_1_1_Chlorophyll_A_001_phosphate_plate4.tif,1,1136.000,1136,1136
10775,G3_01_1_1_Chlorophyll_A_001_phosphate_plate4.tif,75,4328.533,944,20576
10776,G3_01_1_1_Chlorophyll_A_001_phosphate_plate4.tif,79,1094.076,944,1456
10777,G3_01_1_1_Chlorophyll_A_001_phosphate_plate4.tif,31,1078.194,944,1344
10778,G3_01_1_1_Chlorophyll_A_001_phosphate_plate4.tif,1,960.000,960,960
10779,G3_01_1_1_Chlorophyll_A_001_phosphate_plate4.tif,2,1112.000,1024,1200
10780,G3_01_1_1_Chlorophyll_A_001_phosphate_plate4.tif,5,1049.600,944,1264
10781,G3_01_1_1_Chlorophyll_A_001_phosphate_plate4.tif,32,1054.500,944,1296
10782,G3_01_1_1_Chlorophyll_A_001_phosphate_plate4.tif,2,1024.000,1008,1040
10783,G3_01_1_1_Chlorophyll_A_001_phosphate_plate4.tif,1,944.000,944,944
10784,G3_01_1_1_Chlorophyll_A_001_phosphate_plate4.tif,1,1008.000,1008,1008
10785,G3_01_1_1_Chlorophyll_A_001_phosphate_plate4.tif,1,1072.000,1072,1072
10786,G3_01_1_1_Chlorophyll_A_001_phosphate_plate4.tif,1,976.000,976,976
10787,G3_01_1_1_Chlorophyll_A_001_phosphate_plate4.tif,2,1104.000,1056,1152
10788,G3_01_1_1_Chlorophyll_A_001_phosphate_plate4.tif,3,1013.333,976,1040
10789,G3_01_1_1_Chlorophyll_A_001_phosphate_plate4.tif,160,4680.800,944,21824
10790,G3_01_1_1_Chlorophyll_A_001_phosphate_plate4.tif,1,976.000,976,976
10791,G3_01_1_1_Chlorophyll_A_001_phosphate_plate4.tif,1,960.000,960,960
10792,G3_01_1_1_Chlorophyll_A_001_phosphate_plate4.tif,70,4135.771,944,17616
10793,G3_01_1_1_Chlorophyll_A_001_phosphate_plate4.tif,31,1130.323,944,1440
10794,G3_01_1_1_Chlorophyll_A_001_phosphate_plate4.tif,25,1112.320,960,1264
10795,G3_01_1_1_Chlorophyll_A_001_phosphate_plate4.tif,1,1120.000,1120,1120
10796,G3_01_1_1_Chlorophyll_A_001_phosphate_plate4.tif,1,992.000,992,992
10797,G3_01_1_1_Chlorophyll_A_001_phosphate_plate4.tif,1,944.000,944,944
10798,G3_01_1_1_Chlorophyll_A_001_phosphate_plate4.tif,1,960.000,960,960
10799,G3_01_1_1_Chlorophyll_A_001_phosphate_plate4.tif,4,1016.000,976,1056
10800,G3_01_1_1_Chlorophyll_A_001_phosphate_plate4.tif,1,1040.000,1040,1040
10801,G3_01_1_1_Chlorophyll_A_001_phosphate_plate4.tif,1,1072.000,1072,1072
10802,G3_01_1_1_Chlorophyll_A_001_phosphate_plate4.tif,1,944.000,944,944
10803,G3_01_1_1_Chlorophyll_A_001_phosphate_plate4.tif,133,5164.632,944,39920
10804,G3_01_1_1_Chlorophyll_A_001_phosphate_plate4.tif,1,944.000,944,944
10805,G3_01_1_1_Chlorophyll_A_001_phosphate_plate4.tif,1,944.000,944,944
10806,G3_01_1_1_Chlorophyll_A_001_phosphate_plate4.tif,24,1102.000,944,1264
10807,G3_01_1_1_Chlorophyll_A_001_phosphate_plate4.tif,55,1070.836,944,1360
10808,G3_01_1_1_Chlorophyll_A_001_phosphate_plate4.tif,187,2438.674,944,15088
10809,G3_01_1_1_Chlorophyll_A_001_phosphate_plate4.tif,2,1000.000,944,1056
10810,G3_01_1_1_Chlorophyll_A_001_phosphate_plate4.tif,1,976.000,976,976
10811,G3_01_1_1_Chlorophyll_A_001_phosphate_plate4.tif,1,1040.000,1040,1040
10812,G3_01_1_1_Chlorophyll_A_001_phosphate_plate4.tif,1,1040.000,1040,1040
10813,G3_01_1_1_Chlorophyll_A_001_phosphate_plate4.tif,1,976.000,976,976
10814,G3_01_1_1_Chlorophyll_A_001_phosphate_plate4.tif,72,4060.222,944,17328
10815,G3_01_1_1_Chlorophyll_A_001_phosphate_plate4.tif,31,1081.806,944,1296
10816,G3_01_1_1_Chlorophyll_A_001_phosphate_plate4.tif,1,1040.000,1040,1040
10817,G3_01_1_1_Chlorophyll_A_001_phosphate_plate4.tif,3,1024.000,976,1120
10818,G3_01_1_1_Chlorophyll_A_001_phosphate_plate4.tif,2,944.000,944,944
10819,G3_01_1_1_Chlorophyll_A_001_phosphate_plate4.tif,2,984.000,976,992
10820,G3_01_1_1_Chlorophyll_A_001_phosphate_plate4.tif,1,944.000,944,944
10821,G3_01_1_1_Chlorophyll_A_001_phosphate_plate4.tif,1,1056.000,1056,1056
10822,G3_01_1_1_Chlorophyll_A_001_phosphate_plate4.tif,2,960.000,960,960
10823,G3_01_1_1_Chlorophyll_A_001_phosphate_plate4.tif,1,1088.000,1088,1088
10824,G3_01_1_1_Chlorophyll_A_001_phosphate_plate4.tif,1,1088.000,1088,1088
10825,G3_01_1_1_Chlorophyll_A_001_phosphate_plate4.tif,1,976.000,976,976
10826,G3_01_1_1_Chlorophyll_A_001_phosphate_plate4.tif,1,992.000,992,992
10827,G3_01_1_1_Chlorophyll_A_001_phosphate_plate4.tif,99,3777.939,944,22080
10828,G3_01_1_1_Chlorophyll_A_001_phosphate_plate4.tif,4,984.000,944,1056
10829,G3_01_1_1_Chlorophyll_A_001_phosphate_plate4.tif,1,944.000,944,944
10830,G3_01_1_1_Chlorophyll_A_001_phosphate_plate4.tif,1,1072.000,1072,1072
10831,G3_01_1_1_Chlorophyll_A_001_phosphate_plate4.tif,37,1093.189,944,1280
10832,G3_01_1_1_Chlorophyll_A_001_phosphate_plate4.tif,1,944.000,944,944
10833,G3_01_1_1_Chlorophyll_A_001_phosphate_plate4.tif,1,992.000,992,992
10834,G3_01_1_1_Chlorophyll_A_001_phosphate_plate4.tif,1,992.000,992,992
10835,G3_01_1_1_Chlorophyll_A_001_phosphate_plate4.tif,1,976.000,976,976
10836,G3_01_1_1_Chlorophyll_A_001_phosphate_plate4.tif,1,1008.000,1008,1008
10837,G3_01_1_1_Chlorophyll_A_001_phosphate_plate4.tif,1,1008.000,1008,1008
10838,G3_01_1_1_Chlorophyll_A_001_phosphate_plate4.tif,1,992.000,992,992
10839,G3_01_1_1_Chlorophyll_A_001_phosphate_plate4.tif,1,960.000,960,960
10840,G3_01_1_1_Chlorophyll_A_001_phosphate_plate4.tif,1,960.000,960,960
10841,G3_01_1_1_Chlorophyll_A_001_phosphate_plate4.tif,1,1040.000,1040,1040
10842,G3_01_1_1_Chlorophyll_A_001_phosphate_plate4.tif,3,1034.667,960,1088
10843,G3_01_1_1_Chlorophyll_A_001_phosphate_plate4.tif,3,1056.000,976,1184
10844,G3_01_1_1_Chlorophyll_A_001_phosphate_plate4.tif,1,1008.000,1008,1008
10845,G3_01_1_1_Chlorophyll_A_001_phosphate_plate4.tif,1,1056.000,1056,1056
10846,G3_01_1_1_Chlorophyll_A_001_phosphate_plate4.tif,3,1024.000,976,1120
10847,G3_01_1_1_Chlorophyll_A_001_phosphate_plate4.tif,1,992.000,992,992
10848,G3_01_1_1_Chlorophyll_A_001_phosphate_plate4.tif,1,1008.000,1008,1008
10849,G3_01_1_1_Chlorophyll_A_001_phosphate_plate4.tif,1,976.000,976,976
10850,G3_01_1_1_Chlorophyll_A_001_phosphate_plate4.tif,1,1056.000,1056,1056
10851,G3_01_1_1_Chlorophyll_A_001_phosphate_plate4.tif,3,949.333,944,960
10852,G3_01_1_1_Chlorophyll_A_001_phosphate_plate4.tif,2,992.000,944,1040
10853,G3_01_1_1_Chlorophyll_A_001_phosphate_plate4.tif,24,1104.000,960,1328
10854,G3_01_1_1_Chlorophyll_A_001_phosphate_plate4.tif,38,1019.368,944,1152
10855,G3_01_1_1_Chlorophyll_A_001_phosphate_plate4.tif,3,992.000,944,1072
10856,G3_01_1_1_Chlorophyll_A_001_phosphate_plate4.tif,3,976.000,944,1008
10857,G3_01_1_1_Chlorophyll_A_001_phosphate_plate4.tif,1,944.000,944,944
10858,G3_01_1_1_Chlorophyll_A_001_phosphate_plate4.tif,1,944.000,944,944
10859,G3_01_1_1_Chlorophyll_A_001_phosphate_plate4.tif,1,1136.000,1136,1136
10860,G3_01_1_1_Chlorophyll_A_001_phosphate_plate4.tif,1,1264.000,1264,1264
10861,G3_01_1_1_Chlorophyll_A_001_phosphate_plate4.tif,2,1056.000,1040,1072
10862,G3_01_1_1_Chlorophyll_A_001_phosphate_plate4.tif,2,1000.000,960,1040
10863,G3_01_1_1_Chlorophyll_A_001_phosphate_plate4.tif,4,1004.000,960,1088
10864,G3_01_1_1_Chlorophyll_A_001_phosphate_plate4.tif,1,976.000,976,976
10865,G3_01_1_1_Chlorophyll_A_001_phosphate_plate4.tif,1,1072.000,1072,1072
10866,G3_01_1_1_Chlorophyll_A_001_phosphate_plate4.tif,1,976.000,976,976
10867,G3_01_1_1_Chlorophyll_A_001_phosphate_plate4.tif,2,1000.000,960,1040
10868,G3_01_1_1_Chlorophyll_A_001_phosphate_plate4.tif,2,1040.000,992,1088
10869,G3_01_1_1_Chlorophyll_A_001_phosphate_plate4.tif,1,944.000,944,944
10870,G3_01_1_1_Chlorophyll_A_001_phosphate_plate4.tif,1,1072.000,1072,1072
10871,G3_01_1_1_Chlorophyll_A_001_phosphate_plate4.tif,2,1000.000,992,1008
10872,G3_01_1_1_Chlorophyll_A_001_phosphate_plate4.tif,1,992.000,992,992
10873,G3_01_1_1_Chlorophyll_A_001_phosphate_plate4.tif,3,1008.000,944,1104
10874,G3_01_1_1_Chlorophyll_A_001_phosphate_plate4.tif,1,960.000,960,960
10875,G3_01_1_1_Chlorophyll_A_001_phosphate_plate4.tif,115,5419.270,944,30288
10876,G3_01_1_1_Chlorophyll_A_001_phosphate_plate4.tif,2,1064.000,1040,1088
10877,G3_01_1_1_Chlorophyll_A_001_phosphate_plate4.tif,1,976.000,976,976
10878,G3_01_1_1_Chlorophyll_A_001_phosphate_plate4.tif,1,1072.000,1072,1072
10879,G3_01_1_1_Chlorophyll_A_001_phosphate_plate4.tif,1,944.000,944,944
10880,G3_01_1_1_Chlorophyll_A_001_phosphate_plate4.tif,95,4661.389,944,24096
10881,G3_01_1_1_Chlorophyll_A_001_phosphate_plate4.tif,23,1067.130,944,1248
10882,G3_01_1_1_Chlorophyll_A_001_phosphate_plate4.tif,38,1090.105,944,1360
10883,G3_01_1_1_Chlorophyll_A_001_phosphate_plate4.tif,30,1107.733,944,1360
10884,G3_01_1_1_Chlorophyll_A_001_phosphate_plate4.tif,31,1086.968,944,1360
10885,G3_01_1_1_Chlorophyll_A_001_phosphate_plate4.tif,29,1098.483,944,1376
10886,G3_01_1_1_Chlorophyll_A_001_phosphate_plate4.tif,2,1000.000,960,1040
10887,G3_01_1_1_Chlorophyll_A_001_phosphate_plate4.tif,2,992.000,976,1008
10888,G3_01_1_1_Chlorophyll_A_001_phosphate_plate4.tif,3,997.333,944,1056
10889,G3_01_1_1_Chlorophyll_A_001_phosphate_plate4.tif,1,992.000,992,992
10890,G3_01_1_1_Chlorophyll_A_001_phosphate_plate4.tif,1,944.000,944,944
10891,G3_01_1_1_Chlorophyll_A_001_phosphate_plate4.tif,18,1056.889,944,1280
10892,G3_01_1_1_Chlorophyll_A_001_phosphate_plate4.tif,39,1092.103,944,1296
10893,G3_01_1_1_Chlorophyll_A_001_phosphate_plate4.tif,1,1184.000,1184,1184
10894,G3_01_1_1_Chlorophyll_A_001_phosphate_plate4.tif,1,960.000,960,960
10895,G3_01_1_1_Chlorophyll_A_001_phosphate_plate4.tif,1,1056.000,1056,1056
10896,G3_01_1_1_Chlorophyll_A_001_phosphate_plate4.tif,7,1035.429,976,1168
10897,G3_01_1_1_Chlorophyll_A_001_phosphate_plate4.tif,8,1012.000,944,1120
10898,G3_01_1_1_Chlorophyll_A_001_phosphate_plate4.tif,3,976.000,944,992
10899,G3_01_1_1_Chlorophyll_A_001_phosphate_plate4.tif,26,1404.923,944,2144
10900,G3_01_1_1_Chlorophyll_A_001_phosphate_plate4.tif,1,1056.000,1056,1056
10901,G3_01_1_1_Chlorophyll_A_001_phosphate_plate4.tif,1,1136.000,1136,1136
10902,G3_01_1_1_Chlorophyll_A_001_phosphate_plate4.tif,1,1008.000,1008,1008
10903,G3_01_1_1_Chlorophyll_A_001_phosphate_plate4.tif,43,1141.953,960,1488
10904,G3_01_1_1_Chlorophyll_A_001_phosphate_plate4.tif,23,1116.522,944,1344
10905,G3_01_1_1_Chlorophyll_A_001_phosphate_plate4.tif,20,1151.200,960,1376
10906,G3_01_1_1_Chlorophyll_A_001_phosphate_plate4.tif,45,1029.689,944,1232
10907,G3_01_1_1_Chlorophyll_A_001_phosphate_plate4.tif,1,1040.000,1040,1040
10908,G3_01_1_1_Chlorophyll_A_001_phosphate_plate4.tif,1,960.000,960,960
10909,G3_01_1_1_Chlorophyll_A_001_phosphate_plate4.tif,2,960.000,960,960
10910,G3_01_1_1_Chlorophyll_A_001_phosphate_plate4.tif,1,960.000,960,960
10911,G3_01_1_1_Chlorophyll_A_001_phosphate_plate4.tif,2,1104.000,1056,1152
10912,G3_01_1_1_Chlorophyll_A_001_phosphate_plate4.tif,3,1040.000,960,1088
10913,G3_01_1_1_Chlorophyll_A_001_phosphate_plate4.tif,3,1002.667,976,1024
10914,G3_01_1_1_Chlorophyll_A_001_phosphate_plate4.tif,1,1040.000,1040,1040
10915,G3_01_1_1_Chlorophyll_A_001_phosphate_plate4.tif,2,1048.000,992,1104
10916,G3_01_1_1_Chlorophyll_A_001_phosphate_plate4.tif,1,976.000,976,976
10917,G3_01_1_1_Chlorophyll_A_001_phosphate_plate4.tif,1,1120.000,1120,1120
10918,G3_01_1_1_Chlorophyll_A_001_phosphate_plate4.tif,1,944.000,944,944
10919,G3_01_1_1_Chlorophyll_A_001_phosphate_plate4.tif,1,976.000,976,976
10920,G3_01_1_1_Chlorophyll_A_001_phosphate_plate4.tif,2,968.000,960,976
10921,G3_01_1_1_Chlorophyll_A_001_phosphate_plate4.tif,1,1136.000,1136,1136
10922,G3_01_1_1_Chlorophyll_A_001_phosphate_plate4.tif,1,992.000,992,992
10923,G3_01_1_1_Chlorophyll_A_001_phosphate_plate4.tif,1,992.000,992,992
10924,G3_01_1_1_Chlorophyll_A_001_phosphate_plate4.tif,1,992.000,992,992
10925,G3_01_1_1_Chlorophyll_A_001_phosphate_plate4.tif,1,992.000,992,992
10926,G3_01_1_1_Chlorophyll_A_001_phosphate_plate4.tif,94,4538.553,944,25376
10927,G3_01_1_1_Chlorophyll_A_001_phosphate_plate4.tif,1,944.000,944,944
10928,G3_01_1_1_Chlorophyll_A_001_phosphate_plate4.tif,1,992.000,992,992
10929,G3_01_1_1_Chlorophyll_A_001_phosphate_plate4.tif,30,1128.000,944,1408
10930,G3_01_1_1_Chlorophyll_A_001_phosphate_plate4.tif,24,1072.667,960,1216
10931,G3_01_1_1_Chlorophyll_A_001_phosphate_plate4.tif,56,1056.000,944,1248
10932,G3_01_1_1_Chlorophyll_A_001_phosphate_plate4.tif,1,944.000,944,944
10933,G3_01_1_1_Chlorophyll_A_001_phosphate_plate4.tif,2,976.000,976,976
10934,G3_01_1_1_Chlorophyll_A_001_phosphate_plate4.tif,1,976.000,976,976
10935,G3_01_1_1_Chlorophyll_A_001_phosphate_plate4.tif,2,984.000,976,992
10936,G3_01_1_1_Chlorophyll_A_001_phosphate_plate4.tif,1,1040.000,1040,1040
10937,G3_01_1_1_Chlorophyll_A_001_phosphate_plate4.tif,83,4625.157,944,26704
10938,G3_01_1_1_Chlorophyll_A_001_phosphate_plate4.tif,1,976.000,976,976
10939,G3_01_1_1_Chlorophyll_A_001_phosphate_plate4.tif,1,944.000,944,944
10940,G3_01_1_1_Chlorophyll_A_001_phosphate_plate4.tif,406,2840.197,944,36352
10941,G3_01_1_1_Chlorophyll_A_001_phosphate_plate4.tif,37,1069.405,944,1280
10942,G3_01_1_1_Chlorophyll_A_001_phosphate_plate4.tif,2,1056.000,960,1152
10943,G3_01_1_1_Chlorophyll_A_001_phosphate_plate4.tif,10,1019.200,944,1104
10944,G3_01_1_1_Chlorophyll_A_001_phosphate_plate4.tif,1,944.000,944,944
10945,G3_01_1_1_Chlorophyll_A_001_phosphate_plate4.tif,1,1040.000,1040,1040
10946,G3_01_1_1_Chlorophyll_A_001_phosphate_plate4.tif,1,992.000,992,992
10947,G3_01_1_1_Chlorophyll_A_001_phosphate_plate4.tif,1,976.000,976,976
10948,G3_01_1_1_Chlorophyll_A_001_phosphate_plate4.tif,1,960.000,960,960
10949,G3_01_1_1_Chlorophyll_A_001_phosphate_plate4.tif,1,976.000,976,976
10950,G3_01_1_1_Chlorophyll_A_001_phosphate_plate4.tif,1,992.000,992,992
10951,G3_01_1_1_Chlorophyll_A_001_phosphate_plate4.tif,1,1136.000,1136,1136
10952,G3_01_1_1_Chlorophyll_A_001_phosphate_plate4.tif,1,944.000,944,944
10953,G3_01_1_1_Chlorophyll_A_001_phosphate_plate4.tif,1,1104.000,1104,1104
10954,G3_01_1_1_Chlorophyll_A_001_phosphate_plate4.tif,134,5453.134,944,32000
10955,G3_01_1_1_Chlorophyll_A_001_phosphate_plate4.tif,130,6376.738,944,50848
10956,G3_01_1_1_Chlorophyll_A_001_phosphate_plate4.tif,2,960.000,944,976
10957,G3_01_1_1_Chlorophyll_A_001_phosphate_plate4.tif,1,944.000,944,944
10958,G3_01_1_1_Chlorophyll_A_001_phosphate_plate4.tif,1,960.000,960,960
10959,G3_01_1_1_Chlorophyll_A_001_phosphate_plate4.tif,35,1072.914,944,1456
10960,G3_01_1_1_Chlorophyll_A_001_phosphate_plate4.tif,26,1108.923,944,1280
10961,G3_01_1_1_Chlorophyll_A_001_phosphate_plate4.tif,2,1096.000,1040,1152
10962,G3_01_1_1_Chlorophyll_A_001_phosphate_plate4.tif,2,1056.000,1040,1072
10963,G3_01_1_1_Chlorophyll_A_001_phosphate_plate4.tif,2,968.000,960,976
10964,G3_01_1_1_Chlorophyll_A_001_phosphate_plate4.tif,2,984.000,960,1008
10965,G3_01_1_1_Chlorophyll_A_001_phosphate_plate4.tif,2,1032.000,944,1120
10966,G3_01_1_1_Chlorophyll_A_001_phosphate_plate4.tif,1,944.000,944,944
10967,G3_01_1_1_Chlorophyll_A_001_phosphate_plate4.tif,2,984.000,976,992
10968,G3_01_1_1_Chlorophyll_A_001_phosphate_plate4.tif,1,960.000,960,960
10969,G3_01_1_1_Chlorophyll_A_001_phosphate_plate4.tif,2,1008.000,992,1024
10970,G3_01_1_1_Chlorophyll_A_001_phosphate_plate4.tif,1,1040.000,1040,1040
10971,G3_01_1_1_Chlorophyll_A_001_phosphate_plate4.tif,1,944.000,944,944
10972,G3_01_1_1_Chlorophyll_A_001_phosphate_plate4.tif,1,944.000,944,944
10973,G3_01_1_1_Chlorophyll_A_001_phosphate_plate4.tif,1,960.000,960,960
10974,G3_01_1_1_Chlorophyll_A_001_phosphate_plate4.tif,2,968.000,960,976
10975,G3_01_1_1_Chlorophyll_A_001_phosphate_plate4.tif,1,944.000,944,944
10976,G3_01_1_1_Chlorophyll_A_001_phosphate_plate4.tif,1,960.000,960,960
10977,G3_01_1_1_Chlorophyll_A_001_phosphate_plate4.tif,1,960.000,960,960
10978,G3_01_1_1_Chlorophyll_A_001_phosphate_plate4.tif,30,1093.867,960,1312
10979,G3_01_1_1_Chlorophyll_A_001_phosphate_plate4.tif,277,2826.397,944,35824
10980,G3_01_1_1_Chlorophyll_A_001_phosphate_plate4.tif,1,1120.000,1120,1120
10981,G3_01_1_1_Chlorophyll_A_001_phosphate_plate4.tif,1,1168.000,1168,1168
10982,G3_01_1_1_Chlorophyll_A_001_phosphate_plate4.tif,1,944.000,944,944
10983,G3_01_1_1_Chlorophyll_A_001_phosphate_plate4.tif,1,944.000,944,944
10984,G3_01_1_1_Chlorophyll_A_001_phosphate_plate4.tif,1,992.000,992,992
10985,G3_01_1_1_Chlorophyll_A_001_phosphate_plate4.tif,1,944.000,944,944
10986,G3_01_1_1_Chlorophyll_A_001_phosphate_plate4.tif,1,960.000,960,960
10987,G3_01_1_1_Chlorophyll_A_001_phosphate_plate4.tif,1,992.000,992,992
10988,G3_01_1_1_Chlorophyll_A_001_phosphate_plate4.tif,1,976.000,976,976
10989,G3_01_1_1_Chlorophyll_A_001_phosphate_plate4.tif,1,992.000,992,992
10990,G3_01_1_1_Chlorophyll_A_001_phosphate_plate4.tif,1,1184.000,1184,1184
10991,G3_01_1_1_Chlorophyll_A_001_phosphate_plate4.tif,1,992.000,992,992
10992,G3_01_1_1_Chlorophyll_A_001_phosphate_plate4.tif,1,960.000,960,960
10993,G3_01_1_1_Chlorophyll_A_001_phosphate_plate4.tif,68,3800.706,944,22896
10994,G3_01_1_1_Chlorophyll_A_001_phosphate_plate4.tif,22,1106.182,1008,1280
10995,G3_01_1_1_Chlorophyll_A_001_phosphate_plate4.tif,75,1074.987,944,1408
10996,G3_01_1_1_Chlorophyll_A_001_phosphate_plate4.tif,89,1068.404,944,1344
10997,G3_01_1_1_Chlorophyll_A_001_phosphate_plate4.tif,41,1066.927,944,1328
10998,G3_01_1_1_Chlorophyll_A_001_phosphate_plate4.tif,1,992.000,992,992
10999,G3_01_1_1_Chlorophyll_A_001_phosphate_plate4.tif,10,1020.800,944,1248
11000,G3_01_1_1_Chlorophyll_A_001_phosphate_plate4.tif,1,960.000,960,960
11001,G3_01_1_1_Chlorophyll_A_001_phosphate_plate4.tif,2,1000.000,960,1040
11002,G3_01_1_1_Chlorophyll_A_001_phosphate_plate4.tif,1,992.000,992,992
11003,G3_01_1_1_Chlorophyll_A_001_phosphate_plate4.tif,1,960.000,960,960
11004,G3_01_1_1_Chlorophyll_A_001_phosphate_plate4.tif,1,1120.000,1120,1120
11005,G3_01_1_1_Chlorophyll_A_001_phosphate_plate4.tif,2,1008.000,992,1024
11006,G3_01_1_1_Chlorophyll_A_001_phosphate_plate4.tif,3,1002.667,960,1040
11007,G3_01_1_1_Chlorophyll_A_001_phosphate_plate4.tif,1,1008.000,1008,1008
11008,G3_01_1_1_Chlorophyll_A_001_phosphate_plate4.tif,1,976.000,976,976
11009,G3_01_1_1_Chlorophyll_A_001_phosphate_plate4.tif,1,944.000,944,944
11010,G3_01_1_1_Chlorophyll_A_001_phosphate_plate4.tif,1,1008.000,1008,1008
11011,G3_01_1_1_Chlorophyll_A_001_phosphate_plate4.tif,1,992.000,992,992
11012,G3_01_1_1_Chlorophyll_A_001_phosphate_plate4.tif,1,1008.000,1008,1008
11013,G3_01_1_1_Chlorophyll_A_001_phosphate_plate4.tif,1,960.000,960,960
11014,G3_01_1_1_Chlorophyll_A_001_phosphate_plate4.tif,16,1084.000,944,1232
11015,G3_01_1_1_Chlorophyll_A_001_phosphate_plate4.tif,4,1112.000,1024,1296
11016,G3_01_1_1_Chlorophyll_A_001_phosphate_plate4.tif,1,960.000,960,960
11017,G3_01_1_1_Chlorophyll_A_001_phosphate_plate4.tif,1,1056.000,1056,1056
11018,G3_01_1_1_Chlorophyll_A_001_phosphate_plate4.tif,2,1016.000,976,1056
11019,G3_01_1_1_Chlorophyll_A_001_phosphate_plate4.tif,1,944.000,944,944
11020,G3_01_1_1_Chlorophyll_A_001_phosphate_plate4.tif,1,1072.000,1072,1072
11021,G3_01_1_1_Chlorophyll_A_001_phosphate_plate4.tif,4,1016.000,960,1056
11022,G3_01_1_1_Chlorophyll_A_001_phosphate_plate4.tif,2,1024.000,976,1072
11023,G3_01_1_1_Chlorophyll_A_001_phosphate_plate4.tif,1,944.000,944,944
11024,G3_01_1_1_Chlorophyll_A_001_phosphate_plate4.tif,1,960.000,960,960
11025,G3_01_1_1_Chlorophyll_A_001_phosphate_plate4.tif,1,960.000,960,960
11026,G3_01_1_1_Chlorophyll_A_001_phosphate_plate4.tif,1,1056.000,1056,1056
11027,G3_01_1_1_Chlorophyll_A_001_phosphate_plate4.tif,1,976.000,976,976
11028,G3_01_1_1_Chlorophyll_A_001_phosphate_plate4.tif,1,944.000,944,944
11029,G3_01_1_1_Chlorophyll_A_001_phosphate_plate4.tif,1,1040.000,1040,1040
11030,G3_01_1_1_Chlorophyll_A_001_phosphate_plate4.tif,1,1056.000,1056,1056
11031,G3_01_1_1_Chlorophyll_A_001_phosphate_plate4.tif,6,1042.667,944,1280
11032,G3_01_1_1_Chlorophyll_A_001_phosphate_plate4.tif,31,1164.387,960,1584
11033,G3_01_1_1_Chlorophyll_A_001_phosphate_plate4.tif,42,1068.571,944,1408
11034,G3_01_1_1_Chlorophyll_A_001_phosphate_plate4.tif,2,960.000,944,976
11035,G3_01_1_1_Chlorophyll_A_001_phosphate_plate4.tif,1,992.000,992,992
11036,G3_01_1_1_Chlorophyll_A_001_phosphate_plate4.tif,3,1034.667,976,1104
11037,G3_01_1_1_Chlorophyll_A_001_phosphate_plate4.tif,3,981.333,944,1056
11038,G3_01_1_1_Chlorophyll_A_001_phosphate_plate4.tif,1,992.000,992,992
11039,G3_01_1_1_Chlorophyll_A_001_phosphate_plate4.tif,1,960.000,960,960
11040,G3_01_1_1_Chlorophyll_A_001_phosphate_plate4.tif,1,960.000,960,960
11041,G3_01_1_1_Chlorophyll_A_001_phosphate_plate4.tif,101,3816.238,944,25824
11042,G3_01_1_1_Chlorophyll_A_001_phosphate_plate4.tif,1,976.000,976,976
11043,G3_01_1_1_Chlorophyll_A_001_phosphate_plate4.tif,1,960.000,960,960
11044,G3_01_1_1_Chlorophyll_A_001_phosphate_plate4.tif,1,960.000,960,960
11045,G3_01_1_1_Chlorophyll_A_001_phosphate_plate4.tif,1,992.000,992,992
11046,G3_01_1_1_Chlorophyll_A_001_phosphate_plate4.tif,1,960.000,960,960
11047,G3_01_1_1_Chlorophyll_A_001_phosphate_plate4.tif,32,1103.500,944,1328
11048,G3_01_1_1_Chlorophyll_A_001_phosphate_plate4.tif,16,1016.000,960,1072
11049,G3_01_1_1_Chlorophyll_A_001_phosphate_plate4.tif,1,976.000,976,976
11050,G3_01_1_1_Chlorophyll_A_001_phosphate_plate4.tif,1,976.000,976,976
11051,G3_01_1_1_Chlorophyll_A_001_phosphate_plate4.tif,1,976.000,976,976
11052,G3_01_1_1_Chlorophyll_A_001_phosphate_plate4.tif,1,1088.000,1088,1088
11053,G3_01_1_1_Chlorophyll_A_001_phosphate_plate4.tif,1,1024.000,1024,1024
11054,G3_01_1_1_Chlorophyll_A_001_phosphate_plate4.tif,1,976.000,976,976
11055,G3_01_1_1_Chlorophyll_A_001_phosphate_plate4.tif,2,976.000,944,1008
11056,G3_01_1_1_Chlorophyll_A_001_phosphate_plate4.tif,1,976.000,976,976
11057,G3_01_1_1_Chlorophyll_A_001_phosphate_plate4.tif,1,992.000,992,992
11058,G3_01_1_1_Chlorophyll_A_001_phosphate_plate4.tif,1,944.000,944,944
11059,G3_01_1_1_Chlorophyll_A_001_phosphate_plate4.tif,1,1056.000,1056,1056
11060,G3_01_1_1_Chlorophyll_A_001_phosphate_plate4.tif,1,944.000,944,944
11061,G3_01_1_1_Chlorophyll_A_001_phosphate_plate4.tif,1,960.000,960,960
11062,G3_01_1_1_Chlorophyll_A_001_phosphate_plate4.tif,1,992.000,992,992
11063,G3_01_1_1_Chlorophyll_A_001_phosphate_plate4.tif,1,944.000,944,944
11064,G3_01_1_1_Chlorophyll_A_001_phosphate_plate4.tif,1,960.000,960,960
11065,G3_01_1_1_Chlorophyll_A_001_phosphate_plate4.tif,74,4120.000,944,18176
11066,G3_01_1_1_Chlorophyll_A_001_phosphate_plate4.tif,20,1081.600,944,1360
11067,G3_01_1_1_Chlorophyll_A_001_phosphate_plate4.tif,3,1024.000,944,1120
11068,G3_01_1_1_Chlorophyll_A_001_phosphate_plate4.tif,1,1120.000,1120,1120
11069,G3_01_1_1_Chlorophyll_A_001_phosphate_plate4.tif,1,992.000,992,992
11070,G3_01_1_1_Chlorophyll_A_001_phosphate_plate4.tif,1,960.000,960,960
11071,G3_01_1_1_Chlorophyll_A_001_phosphate_plate4.tif,1,960.000,960,960
11072,G3_01_1_1_Chlorophyll_A_001_phosphate_plate4.tif,1,976.000,976,976
11073,G3_01_1_1_Chlorophyll_A_001_phosphate_plate4.tif,1,992.000,992,992
11074,G3_01_1_1_Chlorophyll_A_001_phosphate_plate4.tif,1,1072.000,1072,1072
11075,G3_01_1_1_Chlorophyll_A_001_phosphate_plate4.tif,1,976.000,976,976
11076,G3_01_1_1_Chlorophyll_A_001_phosphate_plate4.tif,1,1040.000,1040,1040
11077,G3_01_1_1_Chlorophyll_A_001_phosphate_plate4.tif,76,3537.053,944,21040
11078,G3_01_1_1_Chlorophyll_A_001_phosphate_plate4.tif,1,944.000,944,944
11079,G3_01_1_1_Chlorophyll_A_001_phosphate_plate4.tif,2,1032.000,1008,1056
11080,G3_01_1_1_Chlorophyll_A_001_phosphate_plate4.tif,2,944.000,944,944
11081,G3_01_1_1_Chlorophyll_A_001_phosphate_plate4.tif,1,1056.000,1056,1056
11082,G3_01_1_1_Chlorophyll_A_001_phosphate_plate4.tif,1,1040.000,1040,1040
11083,G3_01_1_1_Chlorophyll_A_001_phosphate_plate4.tif,1,944.000,944,944
11084,G3_01_1_1_Chlorophyll_A_001_phosphate_plate4.tif,1,976.000,976,976
11085,G3_01_1_1_Chlorophyll_A_001_phosphate_plate4.tif,1,960.000,960,960
11086,G3_01_1_1_Chlorophyll_A_001_phosphate_plate4.tif,1,1056.000,1056,1056
11087,G3_01_1_1_Chlorophyll_A_001_phosphate_plate4.tif,1,960.000,960,960
11088,G3_01_1_1_Chlorophyll_A_001_phosphate_plate4.tif,1,960.000,960,960
11089,G3_01_1_1_Chlorophyll_A_001_phosphate_plate4.tif,1,960.000,960,960
11090,G3_01_1_1_Chlorophyll_A_001_phosphate_plate4.tif,1,1120.000,1120,1120
11091,G3_01_1_1_Chlorophyll_A_001_phosphate_plate4.tif,1,944.000,944,944
11092,G3_01_1_1_Chlorophyll_A_001_phosphate_plate4.tif,1,1024.000,1024,1024
11093,G3_01_1_1_Chlorophyll_A_001_phosphate_plate4.tif,1,944.000,944,944
11094,G3_01_1_1_Chlorophyll_A_001_phosphate_plate4.tif,1,944.000,944,944
11095,G3_01_1_1_Chlorophyll_A_001_phosphate_plate4.tif,1,944.000,944,944
11096,G3_01_1_1_Chlorophyll_A_001_phosphate_plate4.tif,20,1080.800,976,1232
11097,G3_01_1_1_Chlorophyll_A_001_phosphate_plate4.tif,53,1075.623,944,1376
11098,G3_01_1_1_Chlorophyll_A_001_phosphate_plate4.tif,34,1069.647,944,1216
11099,G3_01_1_1_Chlorophyll_A_001_phosphate_plate4.tif,42,1069.333,944,1248
11100,G3_01_1_1_Chlorophyll_A_001_phosphate_plate4.tif,5,1024.000,976,1120
11101,G3_01_1_1_Chlorophyll_A_001_phosphate_plate4.tif,1,976.000,976,976
11102,G3_01_1_1_Chlorophyll_A_001_phosphate_plate4.tif,1,944.000,944,944
11103,G3_01_1_1_Chlorophyll_A_001_phosphate_plate4.tif,1,1088.000,1088,1088
11104,G3_01_1_1_Chlorophyll_A_001_phosphate_plate4.tif,2,992.000,944,1040
11105,G3_01_1_1_Chlorophyll_A_001_phosphate_plate4.tif,1,1008.000,1008,1008
11106,G3_01_1_1_Chlorophyll_A_001_phosphate_plate4.tif,1,944.000,944,944
11107,G3_01_1_1_Chlorophyll_A_001_phosphate_plate4.tif,1,1024.000,1024,1024
11108,G3_01_1_1_Chlorophyll_A_001_phosphate_plate4.tif,1,976.000,976,976
11109,G3_01_1_1_Chlorophyll_A_001_phosphate_plate4.tif,28,1058.857,944,1328
11110,G3_01_1_1_Chlorophyll_A_001_phosphate_plate4.tif,346,3125.179,944,33136
11111,G3_01_1_1_Chlorophyll_A_001_phosphate_plate4.tif,15,1117.867,944,1520
11112,G3_01_1_1_Chlorophyll_A_001_phosphate_plate4.tif,76,1047.368,944,1328
11113,G3_01_1_1_Chlorophyll_A_001_phosphate_plate4.tif,1,1184.000,1184,1184
11114,G3_01_1_1_Chlorophyll_A_001_phosphate_plate4.tif,1,944.000,944,944
11115,G3_01_1_1_Chlorophyll_A_001_phosphate_plate4.tif,1,944.000,944,944
11116,G3_01_1_1_Chlorophyll_A_001_phosphate_plate4.tif,1,960.000,960,960
11117,G3_01_1_1_Chlorophyll_A_001_phosphate_plate4.tif,1,1056.000,1056,1056
11118,G3_01_1_1_Chlorophyll_A_001_phosphate_plate4.tif,2,976.000,944,1008
11119,G3_01_1_1_Chlorophyll_A_001_phosphate_plate4.tif,1,960.000,960,960
11120,G3_01_1_1_Chlorophyll_A_001_phosphate_plate4.tif,1,976.000,976,976
11121,G3_01_1_1_Chlorophyll_A_001_phosphate_plate4.tif,1,944.000,944,944
11122,G3_01_1_1_Chlorophyll_A_001_phosphate_plate4.tif,5,1008.000,944,1184
11123,G3_01_1_1_Chlorophyll_A_001_phosphate_plate4.tif,1,1104.000,1104,1104
11124,G3_01_1_1_Chlorophyll_A_001_phosphate_plate4.tif,119,5917.445,960,48352
11125,G3_01_1_1_Chlorophyll_A_001_phosphate_plate4.tif,35,1113.143,944,1440
11126,G3_01_1_1_Chlorophyll_A_001_phosphate_plate4.tif,19,1062.737,944,1328
11127,G3_01_1_1_Chlorophyll_A_001_phosphate_plate4.tif,12,1076.000,976,1216
11128,G3_01_1_1_Chlorophyll_A_001_phosphate_plate4.tif,56,1062.857,944,1296
11129,G3_01_1_1_Chlorophyll_A_001_phosphate_plate4.tif,2,1024.000,944,1104
11130,G3_01_1_1_Chlorophyll_A_001_phosphate_plate4.tif,1,976.000,976,976
11131,G3_01_1_1_Chlorophyll_A_001_phosphate_plate4.tif,1,944.000,944,944
11132,G3_01_1_1_Chlorophyll_A_001_phosphate_plate4.tif,3,965.333,960,976
11133,G3_01_1_1_Chlorophyll_A_001_phosphate_plate4.tif,1,944.000,944,944
11134,G3_01_1_1_Chlorophyll_A_001_phosphate_plate4.tif,1,1120.000,1120,1120
11135,G3_01_1_1_Chlorophyll_A_001_phosphate_plate4.tif,1,1008.000,1008,1008
11136,G3_01_1_1_Chlorophyll_A_001_phosphate_plate4.tif,1,944.000,944,944
11137,G3_01_1_1_Chlorophyll_A_001_phosphate_plate4.tif,1,1040.000,1040,1040
11138,G3_01_1_1_Chlorophyll_A_001_phosphate_plate4.tif,1,944.000,944,944
11139,G3_01_1_1_Chlorophyll_A_001_phosphate_plate4.tif,2,952.000,944,960
11140,G3_01_1_1_Chlorophyll_A_001_phosphate_plate4.tif,2,1032.000,1024,1040
11141,G3_01_1_1_Chlorophyll_A_001_phosphate_plate4.tif,1,976.000,976,976
11142,G3_01_1_1_Chlorophyll_A_001_phosphate_plate4.tif,1,1040.000,1040,1040
11143,G3_01_1_1_Chlorophyll_A_001_phosphate_plate4.tif,89,4047.281,944,31760
11144,G3_01_1_1_Chlorophyll_A_001_phosphate_plate4.tif,202,5269.465,944,38960
11145,G3_01_1_1_Chlorophyll_A_001_phosphate_plate4.tif,42,1088.762,944,1408
11146,G3_01_1_1_Chlorophyll_A_001_phosphate_plate4.tif,1,1056.000,1056,1056
11147,G3_01_1_1_Chlorophyll_A_001_phosphate_plate4.tif,1,1072.000,1072,1072
11148,G3_01_1_1_Chlorophyll_A_001_phosphate_plate4.tif,9,1066.667,992,1136
11149,G3_01_1_1_Chlorophyll_A_001_phosphate_plate4.tif,1,944.000,944,944
11150,G3_01_1_1_Chlorophyll_A_001_phosphate_plate4.tif,1,1072.000,1072,1072
11151,G3_01_1_1_Chlorophyll_A_001_phosphate_plate4.tif,1,960.000,960,960
11152,G3_01_1_1_Chlorophyll_A_001_phosphate_plate4.tif,1,976.000,976,976
11153,G3_01_1_1_Chlorophyll_A_001_phosphate_plate4.tif,1,1040.000,1040,1040
11154,G3_01_1_1_Chlorophyll_A_001_phosphate_plate4.tif,1,960.000,960,960
11155,G3_01_1_1_Chlorophyll_A_001_phosphate_plate4.tif,14,1022.857,944,1232
11156,G3_01_1_1_Chlorophyll_A_001_phosphate_plate4.tif,8,1054.000,944,1200
11157,G3_01_1_1_Chlorophyll_A_001_phosphate_plate4.tif,1,960.000,960,960
11158,G3_01_1_1_Chlorophyll_A_001_phosphate_plate4.tif,6,1034.667,944,1120
11159,G3_01_1_1_Chlorophyll_A_001_phosphate_plate4.tif,2,1008.000,992,1024
11160,G3_01_1_1_Chlorophyll_A_001_phosphate_plate4.tif,2,1016.000,992,1040
11161,G3_01_1_1_Chlorophyll_A_001_phosphate_plate4.tif,1,1008.000,1008,1008
11162,G3_01_1_1_Chlorophyll_A_001_phosphate_plate4.tif,1,1008.000,1008,1008
11163,G3_01_1_1_Chlorophyll_A_001_phosphate_plate4.tif,1,944.000,944,944
11164,G3_01_1_1_Chlorophyll_A_001_phosphate_plate4.tif,1,960.000,960,960
11165,G3_01_1_1_Chlorophyll_A_001_phosphate_plate4.tif,1,944.000,944,944
11166,G3_01_1_1_Chlorophyll_A_001_phosphate_plate4.tif,1,1056.000,1056,1056
11167,G3_01_1_1_Chlorophyll_A_001_phosphate_plate4.tif,1,944.000,944,944
11168,G3_01_1_1_Chlorophyll_A_001_phosphate_plate4.tif,26,1139.692,944,1424
11169,G3_01_1_1_Chlorophyll_A_001_phosphate_plate4.tif,27,1088.000,944,1344
11170,G3_01_1_1_Chlorophyll_A_001_phosphate_plate4.tif,34,1080.941,944,1232
11171,G3_01_1_1_Chlorophyll_A_001_phosphate_plate4.tif,16,1062.000,944,1408
11172,G3_01_1_1_Chlorophyll_A_001_phosphate_plate4.tif,9,965.333,944,1040
11173,G3_01_1_1_Chlorophyll_A_001_phosphate_plate4.tif,2,1008.000,944,1072
11174,G3_01_1_1_Chlorophyll_A_001_phosphate_plate4.tif,3,960.000,944,976
11175,G3_01_1_1_Chlorophyll_A_001_phosphate_plate4.tif,1,944.000,944,944
11176,G3_01_1_1_Chlorophyll_A_001_phosphate_plate4.tif,2,960.000,944,976
11177,G3_01_1_1_Chlorophyll_A_001_phosphate_plate4.tif,1,944.000,944,944
11178,G3_01_1_1_Chlorophyll_A_001_phosphate_plate4.tif,2,1000.000,992,1008
11179,G3_01_1_1_Chlorophyll_A_001_phosphate_plate4.tif,1,1040.000,1040,1040
11180,G3_01_1_1_Chlorophyll_A_001_phosphate_plate4.tif,1,944.000,944,944
11181,G3_01_1_1_Chlorophyll_A_001_phosphate_plate4.tif,1,992.000,992,992
11182,G3_01_1_1_Chlorophyll_A_001_phosphate_plate4.tif,1,1072.000,1072,1072
11183,G3_01_1_1_Chlorophyll_A_001_phosphate_plate4.tif,2,960.000,944,976
11184,G3_01_1_1_Chlorophyll_A_001_phosphate_plate4.tif,1,992.000,992,992
11185,G3_01_1_1_Chlorophyll_A_001_phosphate_plate4.tif,1,992.000,992,992
11186,G3_01_1_1_Chlorophyll_A_001_phosphate_plate4.tif,134,4823.164,944,26864
11187,G3_01_1_1_Chlorophyll_A_001_phosphate_plate4.tif,1,992.000,992,992
11188,G3_01_1_1_Chlorophyll_A_001_phosphate_plate4.tif,1,960.000,960,960
11189,G3_01_1_1_Chlorophyll_A_001_phosphate_plate4.tif,35,1164.343,944,1424
11190,G3_01_1_1_Chlorophyll_A_001_phosphate_plate4.tif,21,1101.714,944,1280
11191,G3_01_1_1_Chlorophyll_A_001_phosphate_plate4.tif,82,1052.293,944,1264
11192,G3_01_1_1_Chlorophyll_A_001_phosphate_plate4.tif,22,1024.727,944,1232
11193,G3_01_1_1_Chlorophyll_A_001_phosphate_plate4.tif,1,944.000,944,944
11194,G3_01_1_1_Chlorophyll_A_001_phosphate_plate4.tif,1,944.000,944,944
11195,G3_01_1_1_Chlorophyll_A_001_phosphate_plate4.tif,126,4272.508,960,19248
11196,G3_01_1_1_Chlorophyll_A_001_phosphate_plate4.tif,1,992.000,992,992
11197,G3_01_1_1_Chlorophyll_A_001_phosphate_plate4.tif,1,1088.000,1088,1088
11198,G3_01_1_1_Chlorophyll_A_001_phosphate_plate4.tif,1,944.000,944,944
11199,G3_01_1_1_Chlorophyll_A_001_phosphate_plate4.tif,1,1104.000,1104,1104
11200,G3_01_1_1_Chlorophyll_A_001_phosphate_plate4.tif,38,1069.053,944,1408
11201,G3_01_1_1_Chlorophyll_A_001_phosphate_plate4.tif,53,1049.962,944,1456
11202,G3_01_1_1_Chlorophyll_A_001_phosphate_plate4.tif,2,1048.000,1024,1072
11203,G3_01_1_1_Chlorophyll_A_001_phosphate_plate4.tif,1,992.000,992,992
11204,G3_01_1_1_Chlorophyll_A_001_phosphate_plate4.tif,1,944.000,944,944
11205,G3_01_1_1_Chlorophyll_A_001_phosphate_plate4.tif,1,944.000,944,944
11206,G3_01_1_1_Chlorophyll_A_001_phosphate_plate4.tif,1,1136.000,1136,1136
11207,G3_01_1_1_Chlorophyll_A_001_phosphate_plate4.tif,22,1062.545,944,1264
11208,G3_01_1_1_Chlorophyll_A_001_phosphate_plate4.tif,55,1106.036,944,1424
11209,G3_01_1_1_Chlorophyll_A_001_phosphate_plate4.tif,46,1069.217,944,1360
11210,G3_01_1_1_Chlorophyll_A_001_phosphate_plate4.tif,2,968.000,944,992
11211,G3_01_1_1_Chlorophyll_A_001_phosphate_plate4.tif,1,1008.000,1008,1008
11212,G3_01_1_1_Chlorophyll_A_001_phosphate_plate4.tif,2,984.000,976,992
11213,G3_01_1_1_Chlorophyll_A_001_phosphate_plate4.tif,2,984.000,976,992
11214,G3_01_1_1_Chlorophyll_A_001_phosphate_plate4.tif,1,992.000,992,992
11215,G3_01_1_1_Chlorophyll_A_001_phosphate_plate4.tif,1,1072.000,1072,1072
11216,G3_01_1_1_Chlorophyll_A_001_phosphate_plate4.tif,146,4640.548,944,38864
11217,G3_01_1_1_Chlorophyll_A_001_phosphate_plate4.tif,1,960.000,960,960
11218,G3_01_1_1_Chlorophyll_A_001_phosphate_plate4.tif,4,1044.000,944,1136
11219,G3_01_1_1_Chlorophyll_A_001_phosphate_plate4.tif,2,960.000,944,976
11220,G3_01_1_1_Chlorophyll_A_001_phosphate_plate4.tif,1,960.000,960,960
11221,G3_01_1_1_Chlorophyll_A_001_phosphate_plate4.tif,1,1008.000,1008,1008
11222,G3_01_1_1_Chlorophyll_A_001_phosphate_plate4.tif,1,944.000,944,944
11223,G3_01_1_1_Chlorophyll_A_001_phosphate_plate4.tif,1,944.000,944,944
11224,G3_01_1_1_Chlorophyll_A_001_phosphate_plate4.tif,1,944.000,944,944
11225,G3_01_1_1_Chlorophyll_A_001_phosphate_plate4.tif,1,1120.000,1120,1120
11226,G3_01_1_1_Chlorophyll_A_001_phosphate_plate4.tif,1,976.000,976,976
11227,G3_01_1_1_Chlorophyll_A_001_phosphate_plate4.tif,127,5142.173,944,26320
11228,G3_01_1_1_Chlorophyll_A_001_phosphate_plate4.tif,1,944.000,944,944
11229,G3_01_1_1_Chlorophyll_A_001_phosphate_plate4.tif,1,1056.000,1056,1056
11230,G3_01_1_1_Chlorophyll_A_001_phosphate_plate4.tif,94,4556.936,944,19680
11231,G3_01_1_1_Chlorophyll_A_001_phosphate_plate4.tif,20,1100.800,944,1344
11232,G3_01_1_1_Chlorophyll_A_001_phosphate_plate4.tif,30,1093.867,944,1408
11233,G3_01_1_1_Chlorophyll_A_001_phosphate_plate4.tif,13,1105.231,944,1440
11234,G3_01_1_1_Chlorophyll_A_001_phosphate_plate4.tif,44,1067.273,944,1344
11235,G3_01_1_1_Chlorophyll_A_001_phosphate_plate4.tif,5,1043.200,960,1200
11236,G3_01_1_1_Chlorophyll_A_001_phosphate_plate4.tif,1,1040.000,1040,1040
11237,G3_01_1_1_Chlorophyll_A_001_phosphate_plate4.tif,2,1048.000,944,1152
11238,G3_01_1_1_Chlorophyll_A_001_phosphate_plate4.tif,6,1018.667,944,1136
11239,G3_01_1_1_Chlorophyll_A_001_phosphate_plate4.tif,1,1072.000,1072,1072
11240,G3_01_1_1_Chlorophyll_A_001_phosphate_plate4.tif,1,1040.000,1040,1040
11241,G3_01_1_1_Chlorophyll_A_001_phosphate_plate4.tif,1,1088.000,1088,1088
11242,G3_01_1_1_Chlorophyll_A_001_phosphate_plate4.tif,1,992.000,992,992
11243,G3_01_1_1_Chlorophyll_A_001_phosphate_plate4.tif,1,944.000,944,944
11244,G3_01_1_1_Chlorophyll_A_001_phosphate_plate4.tif,1,960.000,960,960
11245,G3_01_1_1_Chlorophyll_A_001_phosphate_plate4.tif,1,1056.000,1056,1056
11246,G3_01_1_1_Chlorophyll_A_001_phosphate_plate4.tif,1,944.000,944,944
11247,G3_01_1_1_Chlorophyll_A_001_phosphate_plate4.tif,1,944.000,944,944
11248,G3_01_1_1_Chlorophyll_A_001_phosphate_plate4.tif,1,960.000,960,960
11249,G3_01_1_1_Chlorophyll_A_001_phosphate_plate4.tif,40,1067.600,944,1328
11250,G3_01_1_1_Chlorophyll_A_001_phosphate_plate4.tif,5,1040.000,976,1104
11251,G3_01_1_1_Chlorophyll_A_001_phosphate_plate4.tif,16,1032.000,944,1216
11252,G3_01_1_1_Chlorophyll_A_001_phosphate_plate4.tif,1,960.000,960,960
11253,G3_01_1_1_Chlorophyll_A_001_phosphate_plate4.tif,143,2623.105,944,14496
11254,G3_01_1_1_Chlorophyll_A_001_phosphate_plate4.tif,1,1104.000,1104,1104
11255,G3_01_1_1_Chlorophyll_A_001_phosphate_plate4.tif,1,992.000,992,992
11256,G3_01_1_1_Chlorophyll_A_001_phosphate_plate4.tif,1,1072.000,1072,1072
11257,G3_01_1_1_Chlorophyll_A_001_phosphate_plate4.tif,1,1040.000,1040,1040
11258,G3_01_1_1_Chlorophyll_A_001_phosphate_plate4.tif,1,1008.000,1008,1008
11259,G3_01_1_1_Chlorophyll_A_001_phosphate_plate4.tif,1,1024.000,1024,1024
11260,G3_01_1_1_Chlorophyll_A_001_phosphate_plate4.tif,1,944.000,944,944
11261,G3_01_1_1_Chlorophyll_A_001_phosphate_plate4.tif,1,1024.000,1024,1024
11262,G3_01_1_1_Chlorophyll_A_001_phosphate_plate4.tif,46,1093.913,944,1328
11263,G3_01_1_1_Chlorophyll_A_001_phosphate_plate4.tif,1,1072.000,1072,1072
11264,G3_01_1_1_Chlorophyll_A_001_phosphate_plate4.tif,1,944.000,944,944
11265,G3_01_1_1_Chlorophyll_A_001_phosphate_plate4.tif,1,960.000,960,960
11266,G3_01_1_1_Chlorophyll_A_001_phosphate_plate4.tif,2,960.000,944,976
11267,G3_01_1_1_Chlorophyll_A_001_phosphate_plate4.tif,1,960.000,960,960
11268,G3_01_1_1_Chlorophyll_A_001_phosphate_plate4.tif,1,976.000,976,976
11269,G3_01_1_1_Chlorophyll_A_001_phosphate_plate4.tif,1,944.000,944,944
11270,G3_01_1_1_Chlorophyll_A_001_phosphate_plate4.tif,30,1132.267,976,1344
11271,G3_01_1_1_Chlorophyll_A_001_phosphate_plate4.tif,25,1085.440,944,1344
11272,G3_01_1_1_Chlorophyll_A_001_phosphate_plate4.tif,178,1739.865,944,12976
11273,G3_01_1_1_Chlorophyll_A_001_phosphate_plate4.tif,22,1082.909,944,1232
11274,G3_01_1_1_Chlorophyll_A_001_phosphate_plate4.tif,5,1046.400,960,1152
11275,G3_01_1_1_Chlorophyll_A_001_phosphate_plate4.tif,1,1008.000,1008,1008
11276,G3_01_1_1_Chlorophyll_A_001_phosphate_plate4.tif,1,992.000,992,992
11277,G3_01_1_1_Chlorophyll_A_001_phosphate_plate4.tif,1,944.000,944,944
11278,G3_01_1_1_Chlorophyll_A_001_phosphate_plate4.tif,2,1040.000,1008,1072
11279,G3_01_1_1_Chlorophyll_A_001_phosphate_plate4.tif,2,952.000,944,960
11280,G3_01_1_1_Chlorophyll_A_001_phosphate_plate4.tif,2,984.000,944,1024
11281,G3_01_1_1_Chlorophyll_A_001_phosphate_plate4.tif,1,960.000,960,960
11282,G3_01_1_1_Chlorophyll_A_001_phosphate_plate4.tif,1,976.000,976,976
11283,G3_01_1_1_Chlorophyll_A_001_phosphate_plate4.tif,1,960.000,960,960
11284,G3_01_1_1_Chlorophyll_A_001_phosphate_plate4.tif,1,960.000,960,960
11285,G3_01_1_1_Chlorophyll_A_001_phosphate_plate4.tif,1,976.000,976,976
11286,G3_01_1_1_Chlorophyll_A_001_phosphate_plate4.tif,1,1072.000,1072,1072
11287,G3_01_1_1_Chlorophyll_A_001_phosphate_plate4.tif,110,6328.436,944,34320
11288,G3_01_1_1_Chlorophyll_A_001_phosphate_plate4.tif,25,1104.640,960,1360
11289,G3_01_1_1_Chlorophyll_A_001_phosphate_plate4.tif,29,1075.310,960,1248
11290,G3_01_1_1_Chlorophyll_A_001_phosphate_plate4.tif,31,1068.387,944,1376
11291,G3_01_1_1_Chlorophyll_A_001_phosphate_plate4.tif,22,1063.273,944,1408
11292,G3_01_1_1_Chlorophyll_A_001_phosphate_plate4.tif,1,1136.000,1136,1136
11293,G3_01_1_1_Chlorophyll_A_001_phosphate_plate4.tif,1,944.000,944,944
11294,G3_01_1_1_Chlorophyll_A_001_phosphate_plate4.tif,3,1040.000,960,1200
11295,G3_01_1_1_Chlorophyll_A_001_phosphate_plate4.tif,1,1088.000,1088,1088
11296,G3_01_1_1_Chlorophyll_A_001_phosphate_plate4.tif,1,1088.000,1088,1088
11297,G3_01_1_1_Chlorophyll_A_001_phosphate_plate4.tif,2,1016.000,944,1088
11298,G3_01_1_1_Chlorophyll_A_001_phosphate_plate4.tif,1,1024.000,1024,1024
11299,G3_01_1_1_Chlorophyll_A_001_phosphate_plate4.tif,1,1008.000,1008,1008
11300,G3_01_1_1_Chlorophyll_A_001_phosphate_plate4.tif,1,992.000,992,992
11301,G3_01_1_1_Chlorophyll_A_001_phosphate_plate4.tif,1,944.000,944,944
11302,G3_01_1_1_Chlorophyll_A_001_phosphate_plate4.tif,1,944.000,944,944
11303,G3_01_1_1_Chlorophyll_A_001_phosphate_plate4.tif,1,1216.000,1216,1216
11304,G3_01_1_1_Chlorophyll_A_001_phosphate_plate4.tif,29,1116.138,944,1312
11305,G3_01_1_1_Chlorophyll_A_001_phosphate_plate4.tif,1,1088.000,1088,1088
11306,G3_01_1_1_Chlorophyll_A_001_phosphate_plate4.tif,75,1057.707,944,1280
11307,G3_01_1_1_Chlorophyll_A_001_phosphate_plate4.tif,1,1280.000,1280,1280
11308,G3_01_1_1_Chlorophyll_A_001_phosphate_plate4.tif,2,1024.000,992,1056
11309,G3_01_1_1_Chlorophyll_A_001_phosphate_plate4.tif,1,960.000,960,960
11310,G3_01_1_1_Chlorophyll_A_001_phosphate_plate4.tif,1,1104.000,1104,1104
11311,G3_01_1_1_Chlorophyll_A_001_phosphate_plate4.tif,1,1152.000,1152,1152
11312,G3_01_1_1_Chlorophyll_A_001_phosphate_plate4.tif,1,1040.000,1040,1040
11313,G3_01_1_1_Chlorophyll_A_001_phosphate_plate4.tif,1,976.000,976,976
11314,G3_01_1_1_Chlorophyll_A_001_phosphate_plate4.tif,1,976.000,976,976
11315,G3_01_1_1_Chlorophyll_A_001_phosphate_plate4.tif,1,1072.000,1072,1072
11316,G3_01_1_1_Chlorophyll_A_001_phosphate_plate4.tif,1,992.000,992,992
11317,G3_01_1_1_Chlorophyll_A_001_phosphate_plate4.tif,18,1095.111,944,1264
11318,G3_01_1_1_Chlorophyll_A_001_phosphate_plate4.tif,58,1058.759,944,1312
11319,G3_01_1_1_Chlorophyll_A_001_phosphate_plate4.tif,42,1040.000,944,1424
11320,G3_01_1_1_Chlorophyll_A_001_phosphate_plate4.tif,1,1024.000,1024,1024
11321,G3_01_1_1_Chlorophyll_A_001_phosphate_plate4.tif,1,1120.000,1120,1120
11322,G3_01_1_1_Chlorophyll_A_001_phosphate_plate4.tif,1,1040.000,1040,1040
11323,G3_01_1_1_Chlorophyll_A_001_phosphate_plate4.tif,2,960.000,944,976
11324,G3_01_1_1_Chlorophyll_A_001_phosphate_plate4.tif,1,960.000,960,960
11325,G3_01_1_1_Chlorophyll_A_001_phosphate_plate4.tif,1,960.000,960,960
11326,G3_01_1_1_Chlorophyll_A_001_phosphate_plate4.tif,2,976.000,960,992
11327,G3_01_1_1_Chlorophyll_A_001_phosphate_plate4.tif,1,960.000,960,960
11328,G3_01_1_1_Chlorophyll_A_001_phosphate_plate4.tif,1,944.000,944,944
11329,G3_01_1_1_Chlorophyll_A_001_phosphate_plate4.tif,1,1040.000,1040,1040
11330,G3_01_1_1_Chlorophyll_A_001_phosphate_plate4.tif,1,976.000,976,976
11331,G3_01_1_1_Chlorophyll_A_001_phosphate_plate4.tif,1,992.000,992,992
11332,G3_01_1_1_Chlorophyll_A_001_phosphate_plate4.tif,89,1094.292,944,1536
11333,G3_01_1_1_Chlorophyll_A_001_phosphate_plate4.tif,10,1091.200,944,1184
11334,G3_01_1_1_Chlorophyll_A_001_phosphate_plate4.tif,14,1089.143,944,1328
11335,G3_01_1_1_Chlorophyll_A_001_phosphate_plate4.tif,13,1124.923,976,1344
11336,G3_01_1_1_Chlorophyll_A_001_phosphate_plate4.tif,14,1091.429,944,1392
11337,G3_01_1_1_Chlorophyll_A_001_phosphate_plate4.tif,5,988.800,944,1072
11338,G3_01_1_1_Chlorophyll_A_001_phosphate_plate4.tif,1,1056.000,1056,1056
11339,G3_01_1_1_Chlorophyll_A_001_phosphate_plate4.tif,4,1032.000,960,1088
11340,G3_01_1_1_Chlorophyll_A_001_phosphate_plate4.tif,1,1024.000,1024,1024
11341,G3_01_1_1_Chlorophyll_A_001_phosphate_plate4.tif,1,1056.000,1056,1056
11342,G3_01_1_1_Chlorophyll_A_001_phosphate_plate4.tif,1,944.000,944,944
11343,G3_01_1_1_Chlorophyll_A_001_phosphate_plate4.tif,1,944.000,944,944
11344,G3_01_1_1_Chlorophyll_A_001_phosphate_plate4.tif,1,960.000,960,960
11345,G3_01_1_1_Chlorophyll_A_001_phosphate_plate4.tif,2,1016.000,1008,1024
11346,G3_01_1_1_Chlorophyll_A_001_phosphate_plate4.tif,1,960.000,960,960
11347,G3_01_1_1_Chlorophyll_A_001_phosphate_plate4.tif,36,1069.778,960,1248
11348,G3_01_1_1_Chlorophyll_A_001_phosphate_plate4.tif,295,3136.108,944,40912
11349,G3_01_1_1_Chlorophyll_A_001_phosphate_plate4.tif,16,1073.000,960,1184
11350,G3_01_1_1_Chlorophyll_A_001_phosphate_plate4.tif,2,992.000,960,1024
11351,G3_01_1_1_Chlorophyll_A_001_phosphate_plate4.tif,271,2385.771,944,28528
11352,G3_01_1_1_Chlorophyll_A_001_phosphate_plate4.tif,4,1004.000,960,1056
11353,G3_01_1_1_Chlorophyll_A_001_phosphate_plate4.tif,7,978.286,944,1024
11354,G3_01_1_1_Chlorophyll_A_001_phosphate_plate4.tif,1,960.000,960,960
11355,G3_01_1_1_Chlorophyll_A_001_phosphate_plate4.tif,1,1024.000,1024,1024
11356,G3_01_1_1_Chlorophyll_A_001_phosphate_plate4.tif,1,1056.000,1056,1056
11357,G3_01_1_1_Chlorophyll_A_001_phosphate_plate4.tif,1,944.000,944,944
11358,G3_01_1_1_Chlorophyll_A_001_phosphate_plate4.tif,1,992.000,992,992
11359,G3_01_1_1_Chlorophyll_A_001_phosphate_plate4.tif,1,1024.000,1024,1024
11360,G3_01_1_1_Chlorophyll_A_001_phosphate_plate4.tif,1,944.000,944,944
11361,G3_01_1_1_Chlorophyll_A_001_phosphate_plate4.tif,114,5219.368,944,27520
11362,G3_01_1_1_Chlorophyll_A_001_phosphate_plate4.tif,40,1088.400,944,1440
11363,G3_01_1_1_Chlorophyll_A_001_phosphate_plate4.tif,88,1092.909,944,1440
11364,G3_01_1_1_Chlorophyll_A_001_phosphate_plate4.tif,40,1110.000,944,1408
11365,G3_01_1_1_Chlorophyll_A_001_phosphate_plate4.tif,3,944.000,944,944
11366,G3_01_1_1_Chlorophyll_A_001_phosphate_plate4.tif,1,1184.000,1184,1184
11367,G3_01_1_1_Chlorophyll_A_001_phosphate_plate4.tif,2,1072.000,1072,1072
11368,G3_01_1_1_Chlorophyll_A_001_phosphate_plate4.tif,1,960.000,960,960
11369,G3_01_1_1_Chlorophyll_A_001_phosphate_plate4.tif,1,976.000,976,976
11370,G3_01_1_1_Chlorophyll_A_001_phosphate_plate4.tif,1,944.000,944,944
11371,G3_01_1_1_Chlorophyll_A_001_phosphate_plate4.tif,1,1008.000,1008,1008
11372,G3_01_1_1_Chlorophyll_A_001_phosphate_plate4.tif,43,3394.605,944,12416
11373,G3_01_1_1_Chlorophyll_A_001_phosphate_plate4.tif,1,944.000,944,944
11374,G3_01_1_1_Chlorophyll_A_001_phosphate_plate4.tif,134,5806.090,944,39040
11375,G3_01_1_1_Chlorophyll_A_001_phosphate_plate4.tif,1,976.000,976,976
11376,G3_01_1_1_Chlorophyll_A_001_phosphate_plate4.tif,1,1008.000,1008,1008
11377,G3_01_1_1_Chlorophyll_A_001_phosphate_plate4.tif,1,976.000,976,976
11378,G3_01_1_1_Chlorophyll_A_001_phosphate_plate4.tif,34,1094.588,944,1344
11379,G3_01_1_1_Chlorophyll_A_001_phosphate_plate4.tif,38,1079.579,944,1248
11380,G3_01_1_1_Chlorophyll_A_001_phosphate_plate4.tif,36,1133.333,944,1360
11381,G3_01_1_1_Chlorophyll_A_001_phosphate_plate4.tif,5,1027.200,992,1088
11382,G3_01_1_1_Chlorophyll_A_001_phosphate_plate4.tif,1,960.000,960,960
11383,G3_01_1_1_Chlorophyll_A_001_phosphate_plate4.tif,1,992.000,992,992
11384,G3_01_1_1_Chlorophyll_A_001_phosphate_plate4.tif,1,944.000,944,944
11385,G3_01_1_1_Chlorophyll_A_001_phosphate_plate4.tif,1,960.000,960,960
11386,G3_01_1_1_Chlorophyll_A_001_phosphate_plate4.tif,2,952.000,944,960
11387,G3_01_1_1_Chlorophyll_A_001_phosphate_plate4.tif,1,944.000,944,944
11388,G3_01_1_1_Chlorophyll_A_001_phosphate_plate4.tif,2,952.000,944,960
11389,G3_01_1_1_Chlorophyll_A_001_phosphate_plate4.tif,1,1104.000,1104,1104
11390,G3_01_1_1_Chlorophyll_A_001_phosphate_plate4.tif,17,1077.647,976,1216
11391,G3_01_1_1_Chlorophyll_A_001_phosphate_plate4.tif,40,1098.800,944,1344
11392,G3_01_1_1_Chlorophyll_A_001_phosphate_plate4.tif,28,1068.000,944,1392
11393,G3_01_1_1_Chlorophyll_A_001_phosphate_plate4.tif,261,2455.172,944,29472
11394,G3_01_1_1_Chlorophyll_A_001_phosphate_plate4.tif,1,1072.000,1072,1072
11395,G3_01_1_1_Chlorophyll_A_001_phosphate_plate4.tif,3,1013.333,976,1040
11396,G3_01_1_1_Chlorophyll_A_001_phosphate_plate4.tif,1,976.000,976,976
11397,G3_01_1_1_Chlorophyll_A_001_phosphate_plate4.tif,1,944.000,944,944
11398,G3_01_1_1_Chlorophyll_A_001_phosphate_plate4.tif,170,3023.529,944,18800
11399,G3_01_1_1_Chlorophyll_A_001_phosphate_plate4.tif,1,976.000,976,976
11400,G3_01_1_1_Chlorophyll_A_001_phosphate_plate4.tif,1,944.000,944,944
11401,G3_01_1_1_Chlorophyll_A_001_phosphate_plate4.tif,1,1136.000,1136,1136
11402,G3_01_1_1_Chlorophyll_A_001_phosphate_plate4.tif,1,960.000,960,960
11403,G3_01_1_1_Chlorophyll_A_001_phosphate_plate4.tif,1,976.000,976,976
11404,G3_01_1_1_Chlorophyll_A_001_phosphate_plate4.tif,1,976.000,976,976
11405,G3_01_1_1_Chlorophyll_A_001_phosphate_plate4.tif,2,960.000,944,976
11406,G3_01_1_1_Chlorophyll_A_001_phosphate_plate4.tif,36,1086.667,944,1296
11407,G3_01_1_1_Chlorophyll_A_001_phosphate_plate4.tif,31,1092.645,960,1264
11408,G3_01_1_1_Chlorophyll_A_001_phosphate_plate4.tif,34,1109.176,960,1408
11409,G3_01_1_1_Chlorophyll_A_001_phosphate_plate4.tif,36,1087.111,944,1344
11410,G3_01_1_1_Chlorophyll_A_001_phosphate_plate4.tif,1,1104.000,1104,1104
11411,G3_01_1_1_Chlorophyll_A_001_phosphate_plate4.tif,2,960.000,960,960
11412,G3_01_1_1_Chlorophyll_A_001_phosphate_plate4.tif,1,992.000,992,992
11413,G3_01_1_1_Chlorophyll_A_001_phosphate_plate4.tif,2,976.000,976,976
11414,G3_01_1_1_Chlorophyll_A_001_phosphate_plate4.tif,6,1016.000,960,1216
11415,G3_01_1_1_Chlorophyll_A_001_phosphate_plate4.tif,2,1040.000,976,1104
11416,G3_01_1_1_Chlorophyll_A_001_phosphate_plate4.tif,2,984.000,944,1024
11417,G3_01_1_1_Chlorophyll_A_001_phosphate_plate4.tif,1,960.000,960,960
11418,G3_01_1_1_Chlorophyll_A_001_phosphate_plate4.tif,1,1056.000,1056,1056
11419,G3_01_1_1_Chlorophyll_A_001_phosphate_plate4.tif,1,944.000,944,944
11420,G3_01_1_1_Chlorophyll_A_001_phosphate_plate4.tif,1,944.000,944,944
11421,G3_01_1_1_Chlorophyll_A_001_phosphate_plate4.tif,1,1024.000,1024,1024
11422,G3_01_1_1_Chlorophyll_A_001_phosphate_plate4.tif,1,944.000,944,944
11423,G3_01_1_1_Chlorophyll_A_001_phosphate_plate4.tif,1,1072.000,1072,1072
11424,G3_01_1_1_Chlorophyll_A_001_phosphate_plate4.tif,1,992.000,992,992
11425,G3_01_1_1_Chlorophyll_A_001_phosphate_plate4.tif,1,1040.000,1040,1040
11426,G3_01_1_1_Chlorophyll_A_001_phosphate_plate4.tif,1,1008.000,1008,1008
11427,G3_01_1_1_Chlorophyll_A_001_phosphate_plate4.tif,1,1072.000,1072,1072
11428,G3_01_1_1_Chlorophyll_A_001_phosphate_plate4.tif,1,960.000,960,960
11429,G3_01_1_1_Chlorophyll_A_001_phosphate_plate4.tif,1,1040.000,1040,1040
11430,G3_01_1_1_Chlorophyll_A_001_phosphate_plate4.tif,1,1088.000,1088,1088
11431,G3_01_1_1_Chlorophyll_A_001_phosphate_plate4.tif,1,1072.000,1072,1072
11432,G3_01_1_1_Chlorophyll_A_001_phosphate_plate4.tif,2,952.000,944,960
11433,G3_01_1_1_Chlorophyll_A_001_phosphate_plate4.tif,1,960.000,960,960
11434,G3_01_1_1_Chlorophyll_A_001_phosphate_plate4.tif,88,4019.818,944,24160
11435,G3_01_1_1_Chlorophyll_A_001_phosphate_plate4.tif,1,944.000,944,944
11436,G3_01_1_1_Chlorophyll_A_001_phosphate_plate4.tif,1,992.000,992,992
11437,G3_01_1_1_Chlorophyll_A_001_phosphate_plate4.tif,1,976.000,976,976
11438,G3_01_1_1_Chlorophyll_A_001_phosphate_plate4.tif,97,4425.732,944,16512
11439,G3_01_1_1_Chlorophyll_A_001_phosphate_plate4.tif,116,4955.310,944,32960
11440,G3_01_1_1_Chlorophyll_A_001_phosphate_plate4.tif,24,1076.667,944,1360
11441,G3_01_1_1_Chlorophyll_A_001_phosphate_plate4.tif,10,1161.600,992,1440
11442,G3_01_1_1_Chlorophyll_A_001_phosphate_plate4.tif,57,1045.614,944,1296
11443,G3_01_1_1_Chlorophyll_A_001_phosphate_plate4.tif,70,1047.543,944,1328
11444,G3_01_1_1_Chlorophyll_A_001_phosphate_plate4.tif,6,1013.333,944,1296
11445,G3_01_1_1_Chlorophyll_A_001_phosphate_plate4.tif,1,960.000,960,960
11446,G3_01_1_1_Chlorophyll_A_001_phosphate_plate4.tif,1,1072.000,1072,1072
11447,G3_01_1_1_Chlorophyll_A_001_phosphate_plate4.tif,3,965.333,944,1008
11448,G3_01_1_1_Chlorophyll_A_001_phosphate_plate4.tif,3,1008.000,960,1088
11449,G3_01_1_1_Chlorophyll_A_001_phosphate_plate4.tif,1,976.000,976,976
11450,G3_01_1_1_Chlorophyll_A_001_phosphate_plate4.tif,1,944.000,944,944
11451,G3_01_1_1_Chlorophyll_A_001_phosphate_plate4.tif,1,944.000,944,944
11452,G3_01_1_1_Chlorophyll_A_001_phosphate_plate4.tif,1,1024.000,1024,1024
11453,G3_01_1_1_Chlorophyll_A_001_phosphate_plate4.tif,1,1008.000,1008,1008
11454,G3_01_1_1_Chlorophyll_A_001_phosphate_plate4.tif,1,944.000,944,944
11455,G3_01_1_1_Chlorophyll_A_001_phosphate_plate4.tif,1,992.000,992,992
11456,G3_01_1_1_Chlorophyll_A_001_phosphate_plate4.tif,60,4338.933,960,21824
11457,G3_01_1_1_Chlorophyll_A_001_phosphate_plate4.tif,46,1086.261,944,1376
11458,G3_01_1_1_Chlorophyll_A_001_phosphate_plate4.tif,21,1129.905,944,1232
11459,G3_01_1_1_Chlorophyll_A_001_phosphate_plate4.tif,1,1024.000,1024,1024
11460,G3_01_1_1_Chlorophyll_A_001_phosphate_plate4.tif,3,949.333,944,960
11461,G3_01_1_1_Chlorophyll_A_001_phosphate_plate4.tif,1,992.000,992,992
11462,G3_01_1_1_Chlorophyll_A_001_phosphate_plate4.tif,2,1000.000,992,1008
11463,G3_01_1_1_Chlorophyll_A_001_phosphate_plate4.tif,2,952.000,944,960
11464,G3_01_1_1_Chlorophyll_A_001_phosphate_plate4.tif,1,1136.000,1136,1136
11465,G3_01_1_1_Chlorophyll_A_001_phosphate_plate4.tif,1,944.000,944,944
11466,G3_01_1_1_Chlorophyll_A_001_phosphate_plate4.tif,1,1040.000,1040,1040
11467,G3_01_1_1_Chlorophyll_A_001_phosphate_plate4.tif,1,976.000,976,976
11468,G3_01_1_1_Chlorophyll_A_001_phosphate_plate4.tif,1,944.000,944,944
11469,G3_01_1_1_Chlorophyll_A_001_phosphate_plate4.tif,16,1075.000,960,1296
11470,G3_01_1_1_Chlorophyll_A_001_phosphate_plate4.tif,41,1114.537,944,1344
11471,G3_01_1_1_Chlorophyll_A_001_phosphate_plate4.tif,20,1113.600,976,1376
11472,G3_01_1_1_Chlorophyll_A_001_phosphate_plate4.tif,1,1008.000,1008,1008
11473,G3_01_1_1_Chlorophyll_A_001_phosphate_plate4.tif,1,944.000,944,944
11474,G3_01_1_1_Chlorophyll_A_001_phosphate_plate4.tif,1,1040.000,1040,1040
11475,G3_01_1_1_Chlorophyll_A_001_phosphate_plate4.tif,1,992.000,992,992
11476,G3_01_1_1_Chlorophyll_A_001_phosphate_plate4.tif,1,1072.000,1072,1072
11477,G3_01_1_1_Chlorophyll_A_001_phosphate_plate4.tif,1,992.000,992,992
11478,G3_01_1_1_Chlorophyll_A_001_phosphate_plate4.tif,1,976.000,976,976
11479,G3_01_1_1_Chlorophyll_A_001_phosphate_plate4.tif,31,1104.000,944,1344
11480,G3_01_1_1_Chlorophyll_A_001_phosphate_plate4.tif,1,1040.000,1040,1040
11481,G3_01_1_1_Chlorophyll_A_001_phosphate_plate4.tif,1,1136.000,1136,1136
11482,G3_01_1_1_Chlorophyll_A_001_phosphate_plate4.tif,1,1072.000,1072,1072
11483,G3_01_1_1_Chlorophyll_A_001_phosphate_plate4.tif,2,944.000,944,944
11484,G3_01_1_1_Chlorophyll_A_001_phosphate_plate4.tif,1,1136.000,1136,1136
11485,G3_01_1_1_Chlorophyll_A_001_phosphate_plate4.tif,2,960.000,944,976
11486,G3_01_1_1_Chlorophyll_A_001_phosphate_plate4.tif,1,992.000,992,992
11487,G3_01_1_1_Chlorophyll_A_001_phosphate_plate4.tif,1,976.000,976,976
11488,G3_01_1_1_Chlorophyll_A_001_phosphate_plate4.tif,1,960.000,960,960
11489,G3_01_1_1_Chlorophyll_A_001_phosphate_plate4.tif,29,1051.586,944,1248
11490,G3_01_1_1_Chlorophyll_A_001_phosphate_plate4.tif,24,1108.000,944,1392
11491,G3_01_1_1_Chlorophyll_A_001_phosphate_plate4.tif,2,1008.000,960,1056
11492,G3_01_1_1_Chlorophyll_A_001_phosphate_plate4.tif,1,1040.000,1040,1040
11493,G3_01_1_1_Chlorophyll_A_001_phosphate_plate4.tif,3,976.000,944,1040
11494,G3_01_1_1_Chlorophyll_A_001_phosphate_plate4.tif,1,1024.000,1024,1024
11495,G3_01_1_1_Chlorophyll_A_001_phosphate_plate4.tif,2,1000.000,992,1008
11496,G3_01_1_1_Chlorophyll_A_001_phosphate_plate4.tif,164,4604.390,944,33744
11497,G3_01_1_1_Chlorophyll_A_001_phosphate_plate4.tif,1,944.000,944,944
11498,G3_01_1_1_Chlorophyll_A_001_phosphate_plate4.tif,1,992.000,992,992
11499,G3_01_1_1_Chlorophyll_A_001_phosphate_plate4.tif,1,1040.000,1040,1040
11500,G3_01_1_1_Chlorophyll_A_001_phosphate_plate4.tif,1,1040.000,1040,1040
11501,G3_01_1_1_Chlorophyll_A_001_phosphate_plate4.tif,1,960.000,960,960
11502,G3_01_1_1_Chlorophyll_A_001_phosphate_plate4.tif,29,1076.414,944,1376
11503,G3_01_1_1_Chlorophyll_A_001_phosphate_plate4.tif,47,1100.255,944,1328
11504,G3_01_1_1_Chlorophyll_A_001_phosphate_plate4.tif,1,960.000,960,960
11505,G3_01_1_1_Chlorophyll_A_001_phosphate_plate4.tif,3,1002.667,960,1088
11506,G3_01_1_1_Chlorophyll_A_001_phosphate_plate4.tif,8,1008.000,944,1200
11507,G3_01_1_1_Chlorophyll_A_001_phosphate_plate4.tif,1,944.000,944,944
11508,G3_01_1_1_Chlorophyll_A_001_phosphate_plate4.tif,1,944.000,944,944
11509,G3_01_1_1_Chlorophyll_A_001_phosphate_plate4.tif,2,1008.000,960,1056
11510,G3_01_1_1_Chlorophyll_A_001_phosphate_plate4.tif,3,1034.667,992,1056
11511,G3_01_1_1_Chlorophyll_A_001_phosphate_plate4.tif,2,1040.000,1024,1056
11512,G3_01_1_1_Chlorophyll_A_001_phosphate_plate4.tif,136,5250.000,944,38016
11513,G3_01_1_1_Chlorophyll_A_001_phosphate_plate4.tif,1,976.000,976,976
11514,G3_01_1_1_Chlorophyll_A_001_phosphate_plate4.tif,1,1104.000,1104,1104
11515,G3_01_1_1_Chlorophyll_A_001_phosphate_plate4.tif,1,960.000,960,960
11516,G3_01_1_1_Chlorophyll_A_001_phosphate_plate4.tif,64,4290.250,960,23648
11517,G3_01_1_1_Chlorophyll_A_001_phosphate_plate4.tif,1,944.000,944,944
11518,G3_01_1_1_Chlorophyll_A_001_phosphate_plate4.tif,1,992.000,992,992
11519,G3_01_1_1_Chlorophyll_A_001_phosphate_plate4.tif,64,1072.000,944,1248
11520,G3_01_1_1_Chlorophyll_A_001_phosphate_plate4.tif,38,1099.789,944,1344
11521,G3_01_1_1_Chlorophyll_A_001_phosphate_plate4.tif,356,2435.955,944,32544
11522,G3_01_1_1_Chlorophyll_A_001_phosphate_plate4.tif,1,1040.000,1040,1040
11523,G3_01_1_1_Chlorophyll_A_001_phosphate_plate4.tif,1,944.000,944,944
11524,G3_01_1_1_Chlorophyll_A_001_phosphate_plate4.tif,2,1032.000,944,1120
11525,G3_01_1_1_Chlorophyll_A_001_phosphate_plate4.tif,153,3874.614,944,35600
11526,G3_01_1_1_Chlorophyll_A_001_phosphate_plate4.tif,1,944.000,944,944
11527,G3_01_1_1_Chlorophyll_A_001_phosphate_plate4.tif,1,992.000,992,992
11528,G3_01_1_1_Chlorophyll_A_001_phosphate_plate4.tif,1,960.000,960,960
11529,G3_01_1_1_Chlorophyll_A_001_phosphate_plate4.tif,167,4519.760,944,23904
11530,G3_01_1_1_Chlorophyll_A_001_phosphate_plate4.tif,157,4883.669,944,27920
11531,G3_01_1_1_Chlorophyll_A_001_phosphate_plate4.tif,1,960.000,960,960
11532,G3_01_1_1_Chlorophyll_A_001_phosphate_plate4.tif,29,1083.034,944,1424
11533,G3_01_1_1_Chlorophyll_A_001_phosphate_plate4.tif,298,1808.322,944,16336
11534,G3_01_1_1_Chlorophyll_A_001_phosphate_plate4.tif,60,1104.267,944,1344
11535,G3_01_1_1_Chlorophyll_A_001_phosphate_plate4.tif,35,1105.829,944,1440
11536,G3_01_1_1_Chlorophyll_A_001_phosphate_plate4.tif,20,1036.800,944,1184
11537,G3_01_1_1_Chlorophyll_A_001_phosphate_plate4.tif,1,960.000,960,960
11538,G3_01_1_1_Chlorophyll_A_001_phosphate_plate4.tif,1,944.000,944,944
11539,G3_01_1_1_Chlorophyll_A_001_phosphate_plate4.tif,2,1048.000,1008,1088
11540,G3_01_1_1_Chlorophyll_A_001_phosphate_plate4.tif,1,976.000,976,976
11541,G3_01_1_1_Chlorophyll_A_001_phosphate_plate4.tif,1,944.000,944,944
11542,G3_01_1_1_Chlorophyll_A_001_phosphate_plate4.tif,1,1008.000,1008,1008
11543,G3_01_1_1_Chlorophyll_A_001_phosphate_plate4.tif,1,1008.000,1008,1008
11544,G3_01_1_1_Chlorophyll_A_001_phosphate_plate4.tif,1,960.000,960,960
11545,G3_01_1_1_Chlorophyll_A_001_phosphate_plate4.tif,1,960.000,960,960
11546,G3_01_1_1_Chlorophyll_A_001_phosphate_plate4.tif,32,1126.000,960,1392
11547,G3_01_1_1_Chlorophyll_A_001_phosphate_plate4.tif,34,1048.471,944,1280
11548,G3_01_1_1_Chlorophyll_A_001_phosphate_plate4.tif,2,1168.000,1104,1232
11549,G3_01_1_1_Chlorophyll_A_001_phosphate_plate4.tif,1,944.000,944,944
11550,G3_01_1_1_Chlorophyll_A_001_phosphate_plate4.tif,1,1072.000,1072,1072
11551,G3_01_1_1_Chlorophyll_A_001_phosphate_plate4.tif,1,1056.000,1056,1056
11552,G3_01_1_1_Chlorophyll_A_001_phosphate_plate4.tif,1,944.000,944,944
11553,G3_01_1_1_Chlorophyll_A_001_phosphate_plate4.tif,84,4103.429,944,25216
11554,G3_01_1_1_Chlorophyll_A_001_phosphate_plate4.tif,1,976.000,976,976
11555,G3_01_1_1_Chlorophyll_A_001_phosphate_plate4.tif,1,960.000,960,960
11556,G3_01_1_1_Chlorophyll_A_001_phosphate_plate4.tif,1,992.000,992,992
11557,G3_01_1_1_Chlorophyll_A_001_phosphate_plate4.tif,28,1066.286,944,1280
11558,G3_01_1_1_Chlorophyll_A_001_phosphate_plate4.tif,30,1062.933,944,1296
11559,G3_01_1_1_Chlorophyll_A_001_phosphate_plate4.tif,36,1095.111,944,1328
11560,G3_01_1_1_Chlorophyll_A_001_phosphate_plate4.tif,8,1016.000,944,1168
11561,G3_01_1_1_Chlorophyll_A_001_phosphate_plate4.tif,1,1056.000,1056,1056
11562,G3_01_1_1_Chlorophyll_A_001_phosphate_plate4.tif,3,954.667,944,976
11563,G3_01_1_1_Chlorophyll_A_001_phosphate_plate4.tif,1,960.000,960,960
11564,G3_01_1_1_Chlorophyll_A_001_phosphate_plate4.tif,2,1016.000,992,1040
11565,G3_01_1_1_Chlorophyll_A_001_phosphate_plate4.tif,2,984.000,976,992
11566,G3_01_1_1_Chlorophyll_A_001_phosphate_plate4.tif,2,960.000,960,960
11567,G3_01_1_1_Chlorophyll_A_001_phosphate_plate4.tif,2,1024.000,992,1056
11568,G3_01_1_1_Chlorophyll_A_001_phosphate_plate4.tif,3,976.000,944,1008
11569,G3_01_1_1_Chlorophyll_A_001_phosphate_plate4.tif,1,1200.000,1200,1200
11570,G3_01_1_1_Chlorophyll_A_001_phosphate_plate4.tif,1,960.000,960,960
11571,G3_01_1_1_Chlorophyll_A_001_phosphate_plate4.tif,1,1008.000,1008,1008
11572,G3_01_1_1_Chlorophyll_A_001_phosphate_plate4.tif,23,1126.957,944,1392
11573,G3_01_1_1_Chlorophyll_A_001_phosphate_plate4.tif,16,1072.000,944,1264
11574,G3_01_1_1_Chlorophyll_A_001_phosphate_plate4.tif,16,1091.000,944,1296
11575,G3_01_1_1_Chlorophyll_A_001_phosphate_plate4.tif,299,3228.736,944,34176
11576,G3_01_1_1_Chlorophyll_A_001_phosphate_plate4.tif,1,1088.000,1088,1088
11577,G3_01_1_1_Chlorophyll_A_001_phosphate_plate4.tif,1,1056.000,1056,1056
11578,G3_01_1_1_Chlorophyll_A_001_phosphate_plate4.tif,1,976.000,976,976
11579,G3_01_1_1_Chlorophyll_A_001_phosphate_plate4.tif,1,944.000,944,944
11580,G3_01_1_1_Chlorophyll_A_001_phosphate_plate4.tif,1,1024.000,1024,1024
11581,G3_01_1_1_Chlorophyll_A_001_phosphate_plate4.tif,1,1008.000,1008,1008
11582,G3_01_1_1_Chlorophyll_A_001_phosphate_plate4.tif,1,944.000,944,944
11583,G3_01_1_1_Chlorophyll_A_001_phosphate_plate4.tif,1,944.000,944,944
11584,G3_01_1_1_Chlorophyll_A_001_phosphate_plate4.tif,1,1008.000,1008,1008
11585,G3_01_1_1_Chlorophyll_A_001_phosphate_plate4.tif,40,1108.000,960,1328
11586,G3_01_1_1_Chlorophyll_A_001_phosphate_plate4.tif,2,1176.000,1088,1264
11587,G3_01_1_1_Chlorophyll_A_001_phosphate_plate4.tif,5,988.800,944,1024
11588,G3_01_1_1_Chlorophyll_A_001_phosphate_plate4.tif,4,980.000,944,1024
11589,G3_01_1_1_Chlorophyll_A_001_phosphate_plate4.tif,1,960.000,960,960
11590,G3_01_1_1_Chlorophyll_A_001_phosphate_plate4.tif,2,1024.000,976,1072
11591,G3_01_1_1_Chlorophyll_A_001_phosphate_plate4.tif,2,960.000,960,960
11592,G3_01_1_1_Chlorophyll_A_001_phosphate_plate4.tif,1,1024.000,1024,1024
11593,G3_01_1_1_Chlorophyll_A_001_phosphate_plate4.tif,2,976.000,944,1008
11594,G3_01_1_1_Chlorophyll_A_001_phosphate_plate4.tif,1,992.000,992,992
11595,G3_01_1_1_Chlorophyll_A_001_phosphate_plate4.tif,1,1008.000,1008,1008
11596,G3_01_1_1_Chlorophyll_A_001_phosphate_plate4.tif,1,1056.000,1056,1056
11597,G3_01_1_1_Chlorophyll_A_001_phosphate_plate4.tif,5,1030.400,960,1136
11598,G3_01_1_1_Chlorophyll_A_001_phosphate_plate4.tif,1,944.000,944,944
11599,G3_01_1_1_Chlorophyll_A_001_phosphate_plate4.tif,1,960.000,960,960
11600,G3_01_1_1_Chlorophyll_A_001_phosphate_plate4.tif,1,1072.000,1072,1072
11601,G3_01_1_1_Chlorophyll_A_001_phosphate_plate4.tif,1,944.000,944,944
11602,G3_01_1_1_Chlorophyll_A_001_phosphate_plate4.tif,1,1088.000,1088,1088
11603,G3_01_1_1_Chlorophyll_A_001_phosphate_plate4.tif,3,986.667,960,1008
11604,G3_01_1_1_Chlorophyll_A_001_phosphate_plate4.tif,1,1120.000,1120,1120
11605,G3_01_1_1_Chlorophyll_A_001_phosphate_plate4.tif,57,3666.526,944,17664
11606,G3_01_1_1_Chlorophyll_A_001_phosphate_plate4.tif,1,992.000,992,992
11607,G3_01_1_1_Chlorophyll_A_001_phosphate_plate4.tif,1,944.000,944,944
11608,G3_01_1_1_Chlorophyll_A_001_phosphate_plate4.tif,21,1052.190,944,1264
11609,G3_01_1_1_Chlorophyll_A_001_phosphate_plate4.tif,52,1052.308,944,1408
11610,G3_01_1_1_Chlorophyll_A_001_phosphate_plate4.tif,1,1056.000,1056,1056
11611,G3_01_1_1_Chlorophyll_A_001_phosphate_plate4.tif,1,992.000,992,992
11612,G3_01_1_1_Chlorophyll_A_001_phosphate_plate4.tif,2,968.000,944,992
11613,G3_01_1_1_Chlorophyll_A_001_phosphate_plate4.tif,2,1064.000,1040,1088
11614,G3_01_1_1_Chlorophyll_A_001_phosphate_plate4.tif,2,960.000,960,960
11615,G3_01_1_1_Chlorophyll_A_001_phosphate_plate4.tif,1,1104.000,1104,1104
11616,G3_01_1_1_Chlorophyll_A_001_phosphate_plate4.tif,1,1008.000,1008,1008
11617,G3_01_1_1_Chlorophyll_A_001_phosphate_plate4.tif,1,944.000,944,944
11618,G3_01_1_1_Chlorophyll_A_001_phosphate_plate4.tif,1,1088.000,1088,1088
11619,G3_01_1_1_Chlorophyll_A_001_phosphate_plate4.tif,1,976.000,976,976
11620,G3_01_1_1_Chlorophyll_A_001_phosphate_plate4.tif,1,1008.000,1008,1008
11621,G3_01_1_1_Chlorophyll_A_001_phosphate_plate4.tif,1,992.000,992,992
11622,G3_01_1_1_Chlorophyll_A_001_phosphate_plate4.tif,361,2738.100,944,28960
11623,G3_01_1_1_Chlorophyll_A_001_phosphate_plate4.tif,3,1130.667,1008,1248
11624,G3_01_1_1_Chlorophyll_A_001_phosphate_plate4.tif,2,1088.000,992,1184
11625,G3_01_1_1_Chlorophyll_A_001_phosphate_plate4.tif,1,1024.000,1024,1024
11626,G3_01_1_1_Chlorophyll_A_001_phosphate_plate4.tif,119,4958.924,944,32816
11627,G3_01_1_1_Chlorophyll_A_001_phosphate_plate4.tif,1,976.000,976,976
11628,G3_01_1_1_Chlorophyll_A_001_phosphate_plate4.tif,1,992.000,992,992
11629,G3_01_1_1_Chlorophyll_A_001_phosphate_plate4.tif,2,1224.000,976,1472
11630,G3_01_1_1_Chlorophyll_A_001_phosphate_plate4.tif,12,1118.667,976,1328
11631,G3_01_1_1_Chlorophyll_A_001_phosphate_plate4.tif,44,1084.364,944,1344
11632,G3_01_1_1_Chlorophyll_A_001_phosphate_plate4.tif,8,1022.000,960,1216
11633,G3_01_1_1_Chlorophyll_A_001_phosphate_plate4.tif,3,981.333,960,1024
11634,G3_01_1_1_Chlorophyll_A_001_phosphate_plate4.tif,1,1008.000,1008,1008
11635,G3_01_1_1_Chlorophyll_A_001_phosphate_plate4.tif,2,976.000,960,992
11636,G3_01_1_1_Chlorophyll_A_001_phosphate_plate4.tif,1,944.000,944,944
11637,G3_01_1_1_Chlorophyll_A_001_phosphate_plate4.tif,37,1125.622,944,1344
11638,G3_01_1_1_Chlorophyll_A_001_phosphate_plate4.tif,11,1085.091,960,1232
11639,G3_01_1_1_Chlorophyll_A_001_phosphate_plate4.tif,57,1055.719,944,1344
11640,G3_01_1_1_Chlorophyll_A_001_phosphate_plate4.tif,5,1084.800,1008,1168
11641,G3_01_1_1_Chlorophyll_A_001_phosphate_plate4.tif,38,1044.632,944,1296
11642,G3_01_1_1_Chlorophyll_A_001_phosphate_plate4.tif,5,1001.600,944,1040
11643,G3_01_1_1_Chlorophyll_A_001_phosphate_plate4.tif,2,992.000,944,1040
11644,G3_01_1_1_Chlorophyll_A_001_phosphate_plate4.tif,1,944.000,944,944
11645,G3_01_1_1_Chlorophyll_A_001_phosphate_plate4.tif,3,1013.333,944,1120
11646,G3_01_1_1_Chlorophyll_A_001_phosphate_plate4.tif,1,960.000,960,960
11647,G3_01_1_1_Chlorophyll_A_001_phosphate_plate4.tif,1,992.000,992,992
11648,G3_01_1_1_Chlorophyll_A_001_phosphate_plate4.tif,1,976.000,976,976
11649,G3_01_1_1_Chlorophyll_A_001_phosphate_plate4.tif,1,1008.000,1008,1008
11650,G3_01_1_1_Chlorophyll_A_001_phosphate_plate4.tif,2,984.000,944,1024
11651,G3_01_1_1_Chlorophyll_A_001_phosphate_plate4.tif,1,944.000,944,944
11652,G3_01_1_1_Chlorophyll_A_001_phosphate_plate4.tif,58,1157.517,944,1536
11653,G3_01_1_1_Chlorophyll_A_001_phosphate_plate4.tif,18,1121.778,960,1280
11654,G3_01_1_1_Chlorophyll_A_001_phosphate_plate4.tif,16,1119.000,944,1344
11655,G3_01_1_1_Chlorophyll_A_001_phosphate_plate4.tif,1,960.000,960,960
11656,G3_01_1_1_Chlorophyll_A_001_phosphate_plate4.tif,2,1040.000,992,1088
11657,G3_01_1_1_Chlorophyll_A_001_phosphate_plate4.tif,2,952.000,944,960
11658,G3_01_1_1_Chlorophyll_A_001_phosphate_plate4.tif,3,986.667,944,1056
11659,G3_01_1_1_Chlorophyll_A_001_phosphate_plate4.tif,2,976.000,976,976
11660,G3_01_1_1_Chlorophyll_A_001_phosphate_plate4.tif,4,992.000,960,1024
11661,G3_01_1_1_Chlorophyll_A_001_phosphate_plate4.tif,1,976.000,976,976
11662,G3_01_1_1_Chlorophyll_A_001_phosphate_plate4.tif,19,1064.421,944,1280
11663,G3_01_1_1_Chlorophyll_A_001_phosphate_plate4.tif,36,1094.667,944,1344
11664,G3_01_1_1_Chlorophyll_A_001_phosphate_plate4.tif,52,1075.077,944,1424
11665,G3_01_1_1_Chlorophyll_A_001_phosphate_plate4.tif,26,1052.923,944,1216
11666,G3_01_1_1_Chlorophyll_A_001_phosphate_plate4.tif,36,1095.556,944,1344
11667,G3_01_1_1_Chlorophyll_A_001_phosphate_plate4.tif,14,1044.571,944,1168
11668,G3_01_1_1_Chlorophyll_A_001_phosphate_plate4.tif,23,1120.000,944,1472
11669,G3_01_1_1_Chlorophyll_A_001_phosphate_plate4.tif,1,1104.000,1104,1104
11670,G3_01_1_1_Chlorophyll_A_001_phosphate_plate4.tif,4,976.000,944,1008
11671,G3_01_1_1_Chlorophyll_A_001_phosphate_plate4.tif,1,976.000,976,976
11672,G3_01_1_1_Chlorophyll_A_001_phosphate_plate4.tif,1,992.000,992,992
11673,G3_01_1_1_Chlorophyll_A_001_phosphate_plate4.tif,3,1082.667,944,1248
11674,G3_01_1_1_Chlorophyll_A_001_phosphate_plate4.tif,1,960.000,960,960
11675,G3_01_1_1_Chlorophyll_A_001_phosphate_plate4.tif,1,976.000,976,976
11676,G3_01_1_1_Chlorophyll_A_001_phosphate_plate4.tif,1,1024.000,1024,1024
11677,G3_01_1_1_Chlorophyll_A_001_phosphate_plate4.tif,1,944.000,944,944
11678,G3_01_1_1_Chlorophyll_A_001_phosphate_plate4.tif,1,1008.000,1008,1008
11679,G3_01_1_1_Chlorophyll_A_001_phosphate_plate4.tif,1,976.000,976,976
11680,G3_01_1_1_Chlorophyll_A_001_phosphate_plate4.tif,36,1105.333,944,1504
11681,G3_01_1_1_Chlorophyll_A_001_phosphate_plate4.tif,24,1065.333,944,1440
11682,G3_01_1_1_Chlorophyll_A_001_phosphate_plate4.tif,3,1136.000,992,1360
11683,G3_01_1_1_Chlorophyll_A_001_phosphate_plate4.tif,2,1008.000,976,1040
11684,G3_01_1_1_Chlorophyll_A_001_phosphate_plate4.tif,1,976.000,976,976
11685,G3_01_1_1_Chlorophyll_A_001_phosphate_plate4.tif,1,944.000,944,944
11686,G3_01_1_1_Chlorophyll_A_001_phosphate_plate4.tif,2,1032.000,1008,1056
11687,G3_01_1_1_Chlorophyll_A_001_phosphate_plate4.tif,181,3321.901,944,27888
11688,G3_01_1_1_Chlorophyll_A_001_phosphate_plate4.tif,1,976.000,976,976
11689,G3_01_1_1_Chlorophyll_A_001_phosphate_plate4.tif,3,954.667,944,976
11690,G3_01_1_1_Chlorophyll_A_001_phosphate_plate4.tif,1,1104.000,1104,1104
11691,G3_01_1_1_Chlorophyll_A_001_phosphate_plate4.tif,1,960.000,960,960
11692,G3_01_1_1_Chlorophyll_A_001_phosphate_plate4.tif,1,960.000,960,960
11693,G3_01_1_1_Chlorophyll_A_001_phosphate_plate4.tif,1,1152.000,1152,1152
11694,G3_01_1_1_Chlorophyll_A_001_phosphate_plate4.tif,1,944.000,944,944
11695,G3_01_1_1_Chlorophyll_A_001_phosphate_plate4.tif,1,976.000,976,976
11696,G3_01_1_1_Chlorophyll_A_001_phosphate_plate4.tif,3,1029.333,960,1088
11697,G3_01_1_1_Chlorophyll_A_001_phosphate_plate4.tif,5,1059.200,944,1200
11698,G3_01_1_1_Chlorophyll_A_001_phosphate_plate4.tif,7,1014.857,944,1136
11699,G3_01_1_1_Chlorophyll_A_001_phosphate_plate4.tif,1,1008.000,1008,1008
11700,G3_01_1_1_Chlorophyll_A_001_phosphate_plate4.tif,3,960.000,960,960
11701,G3_01_1_1_Chlorophyll_A_001_phosphate_plate4.tif,1,976.000,976,976
11702,G3_01_1_1_Chlorophyll_A_001_phosphate_plate4.tif,1,1328.000,1328,1328
11703,G3_01_1_1_Chlorophyll_A_001_phosphate_plate4.tif,1,1024.000,1024,1024
11704,G3_01_1_1_Chlorophyll_A_001_phosphate_plate4.tif,1,960.000,960,960
11705,G3_01_1_1_Chlorophyll_A_001_phosphate_plate4.tif,1,944.000,944,944
11706,G3_01_1_1_Chlorophyll_A_001_phosphate_plate4.tif,1,992.000,992,992
11707,G3_01_1_1_Chlorophyll_A_001_phosphate_plate4.tif,58,3215.724,944,10576
11708,G3_01_1_1_Chlorophyll_A_001_phosphate_plate4.tif,27,1081.481,960,1328
11709,G3_01_1_1_Chlorophyll_A_001_phosphate_plate4.tif,29,1102.345,960,1424
11710,G3_01_1_1_Chlorophyll_A_001_phosphate_plate4.tif,49,1072.653,944,1344
11711,G3_01_1_1_Chlorophyll_A_001_phosphate_plate4.tif,1,960.000,960,960
11712,G3_01_1_1_Chlorophyll_A_001_phosphate_plate4.tif,97,2564.124,944,17328
11713,G3_01_1_1_Chlorophyll_A_001_phosphate_plate4.tif,1,976.000,976,976
11714,G3_01_1_1_Chlorophyll_A_001_phosphate_plate4.tif,1,1056.000,1056,1056
11715,G3_01_1_1_Chlorophyll_A_001_phosphate_plate4.tif,1,1056.000,1056,1056
11716,G3_01_1_1_Chlorophyll_A_001_phosphate_plate4.tif,40,1126.000,960,1376
11717,G3_01_1_1_Chlorophyll_A_001_phosphate_plate4.tif,33,1101.576,944,1472
11718,G3_01_1_1_Chlorophyll_A_001_phosphate_plate4.tif,20,1114.400,944,1408
11719,G3_01_1_1_Chlorophyll_A_001_phosphate_plate4.tif,2,1088.000,1088,1088
11720,G3_01_1_1_Chlorophyll_A_001_phosphate_plate4.tif,12,1038.667,944,1120
11721,G3_01_1_1_Chlorophyll_A_001_phosphate_plate4.tif,2,1080.000,1008,1152
11722,G3_01_1_1_Chlorophyll_A_001_phosphate_plate4.tif,2,968.000,960,976
11723,G3_01_1_1_Chlorophyll_A_001_phosphate_plate4.tif,2,968.000,944,992
11724,G3_01_1_1_Chlorophyll_A_001_phosphate_plate4.tif,1,960.000,960,960
11725,G3_01_1_1_Chlorophyll_A_001_phosphate_plate4.tif,1,1008.000,1008,1008
11726,G3_01_1_1_Chlorophyll_A_001_phosphate_plate4.tif,1,944.000,944,944
11727,G3_01_1_1_Chlorophyll_A_001_phosphate_plate4.tif,1,960.000,960,960
11728,G3_01_1_1_Chlorophyll_A_001_phosphate_plate4.tif,1,944.000,944,944
11729,G3_01_1_1_Chlorophyll_A_001_phosphate_plate4.tif,1,960.000,960,960
11730,G3_01_1_1_Chlorophyll_A_001_phosphate_plate4.tif,264,2735.273,944,32400
11731,G3_01_1_1_Chlorophyll_A_001_phosphate_plate4.tif,31,1085.935,944,1296
11732,G3_01_1_1_Chlorophyll_A_001_phosphate_plate4.tif,15,1058.133,976,1200
11733,G3_01_1_1_Chlorophyll_A_001_phosphate_plate4.tif,41,1049.756,944,1376
11734,G3_01_1_1_Chlorophyll_A_001_phosphate_plate4.tif,1,1024.000,1024,1024
11735,G3_01_1_1_Chlorophyll_A_001_phosphate_plate4.tif,1,1136.000,1136,1136
11736,G3_01_1_1_Chlorophyll_A_001_phosphate_plate4.tif,1,944.000,944,944
11737,G3_01_1_1_Chlorophyll_A_001_phosphate_plate4.tif,1,944.000,944,944
11738,G3_01_1_1_Chlorophyll_A_001_phosphate_plate4.tif,1,1008.000,1008,1008
11739,G3_01_1_1_Chlorophyll_A_001_phosphate_plate4.tif,1,944.000,944,944
11740,G3_01_1_1_Chlorophyll_A_001_phosphate_plate4.tif,1,1008.000,1008,1008
11741,G3_01_1_1_Chlorophyll_A_001_phosphate_plate4.tif,1,1088.000,1088,1088
11742,G3_01_1_1_Chlorophyll_A_001_phosphate_plate4.tif,1,1040.000,1040,1040
11743,G3_01_1_1_Chlorophyll_A_001_phosphate_plate4.tif,1,1024.000,1024,1024
11744,G3_01_1_1_Chlorophyll_A_001_phosphate_plate4.tif,1,1056.000,1056,1056
11745,G3_01_1_1_Chlorophyll_A_001_phosphate_plate4.tif,1,976.000,976,976
11746,G3_01_1_1_Chlorophyll_A_001_phosphate_plate4.tif,1,992.000,992,992
11747,G3_01_1_1_Chlorophyll_A_001_phosphate_plate4.tif,1,1056.000,1056,1056
11748,G3_01_1_1_Chlorophyll_A_001_phosphate_plate4.tif,1,1136.000,1136,1136
11749,G3_01_1_1_Chlorophyll_A_001_phosphate_plate4.tif,2,1016.000,960,1072
11750,G3_01_1_1_Chlorophyll_A_001_phosphate_plate4.tif,1,944.000,944,944
11751,G3_01_1_1_Chlorophyll_A_001_phosphate_plate4.tif,2,1000.000,944,1056
11752,G3_01_1_1_Chlorophyll_A_001_phosphate_plate4.tif,4,1028.000,1008,1056
11753,G3_01_1_1_Chlorophyll_A_001_phosphate_plate4.tif,1,992.000,992,992
11754,G3_01_1_1_Chlorophyll_A_001_phosphate_plate4.tif,2,1040.000,960,1120
11755,G3_01_1_1_Chlorophyll_A_001_phosphate_plate4.tif,1,1168.000,1168,1168
11756,G3_01_1_1_Chlorophyll_A_001_phosphate_plate4.tif,2,960.000,944,976
11757,G3_01_1_1_Chlorophyll_A_001_phosphate_plate4.tif,2,992.000,960,1024
11758,G3_01_1_1_Chlorophyll_A_001_phosphate_plate4.tif,1,944.000,944,944
11759,G3_01_1_1_Chlorophyll_A_001_phosphate_plate4.tif,2,1040.000,960,1120
11760,G3_01_1_1_Chlorophyll_A_001_phosphate_plate4.tif,1,1024.000,1024,1024
11761,G3_01_1_1_Chlorophyll_A_001_phosphate_plate4.tif,1,976.000,976,976
11762,G3_01_1_1_Chlorophyll_A_001_phosphate_plate4.tif,1,960.000,960,960
11763,G3_01_1_1_Chlorophyll_A_001_phosphate_plate4.tif,30,1110.400,960,1280
11764,G3_01_1_1_Chlorophyll_A_001_phosphate_plate4.tif,28,1083.429,944,1264
11765,G3_01_1_1_Chlorophyll_A_001_phosphate_plate4.tif,34,1087.529,944,1248
11766,G3_01_1_1_Chlorophyll_A_001_phosphate_plate4.tif,2,1040.000,944,1136
11767,G3_01_1_1_Chlorophyll_A_001_phosphate_plate4.tif,1,976.000,976,976
11768,G3_01_1_1_Chlorophyll_A_001_phosphate_plate4.tif,1,1088.000,1088,1088
11769,G3_01_1_1_Chlorophyll_A_001_phosphate_plate4.tif,9,1029.333,944,1168
11770,G3_01_1_1_Chlorophyll_A_001_phosphate_plate4.tif,2,1056.000,1040,1072
11771,G3_01_1_1_Chlorophyll_A_001_phosphate_plate4.tif,1,1184.000,1184,1184
11772,G3_01_1_1_Chlorophyll_A_001_phosphate_plate4.tif,178,3800.629,944,38256
11773,G3_01_1_1_Chlorophyll_A_001_phosphate_plate4.tif,1,944.000,944,944
11774,G3_01_1_1_Chlorophyll_A_001_phosphate_plate4.tif,1,944.000,944,944
11775,G3_01_1_1_Chlorophyll_A_001_phosphate_plate4.tif,2,960.000,944,976
11776,G3_01_1_1_Chlorophyll_A_001_phosphate_plate4.tif,1,976.000,976,976
11777,G3_01_1_1_Chlorophyll_A_001_phosphate_plate4.tif,211,5694.408,944,38240
11778,G3_01_1_1_Chlorophyll_A_001_phosphate_plate4.tif,1,960.000,960,960
11779,G3_01_1_1_Chlorophyll_A_001_phosphate_plate4.tif,75,1072.427,944,1296
11780,G3_01_1_1_Chlorophyll_A_001_phosphate_plate4.tif,28,1094.286,944,1296
11781,G3_01_1_1_Chlorophyll_A_001_phosphate_plate4.tif,12,1078.667,944,1280
11782,G3_01_1_1_Chlorophyll_A_001_phosphate_plate4.tif,1,1008.000,1008,1008
11783,G3_01_1_1_Chlorophyll_A_001_phosphate_plate4.tif,4,1072.000,944,1216
11784,G3_01_1_1_Chlorophyll_A_001_phosphate_plate4.tif,1,976.000,976,976
11785,G3_01_1_1_Chlorophyll_A_001_phosphate_plate4.tif,2,984.000,960,1008
11786,G3_01_1_1_Chlorophyll_A_001_phosphate_plate4.tif,3,1024.000,944,1136
11787,G3_01_1_1_Chlorophyll_A_001_phosphate_plate4.tif,3,997.333,944,1088
11788,G3_01_1_1_Chlorophyll_A_001_phosphate_plate4.tif,1,1072.000,1072,1072
11789,G3_01_1_1_Chlorophyll_A_001_phosphate_plate4.tif,2,968.000,960,976
11790,G3_01_1_1_Chlorophyll_A_001_phosphate_plate4.tif,1,1008.000,1008,1008
11791,G3_01_1_1_Chlorophyll_A_001_phosphate_plate4.tif,1,944.000,944,944
11792,G3_01_1_1_Chlorophyll_A_001_phosphate_plate4.tif,1,960.000,960,960
11793,G3_01_1_1_Chlorophyll_A_001_phosphate_plate4.tif,1,976.000,976,976
11794,G3_01_1_1_Chlorophyll_A_001_phosphate_plate4.tif,2,1024.000,992,1056
11795,G3_01_1_1_Chlorophyll_A_001_phosphate_plate4.tif,1,1040.000,1040,1040
11796,G3_01_1_1_Chlorophyll_A_001_phosphate_plate4.tif,1,944.000,944,944
11797,G3_01_1_1_Chlorophyll_A_001_phosphate_plate4.tif,1,992.000,992,992
11798,G3_01_1_1_Chlorophyll_A_001_phosphate_plate4.tif,1,944.000,944,944
11799,G3_01_1_1_Chlorophyll_A_001_phosphate_plate4.tif,1,944.000,944,944
11800,G3_01_1_1_Chlorophyll_A_001_phosphate_plate4.tif,3,981.333,976,992
11801,G3_01_1_1_Chlorophyll_A_001_phosphate_plate4.tif,3,970.667,960,992
11802,G3_01_1_1_Chlorophyll_A_001_phosphate_plate4.tif,1,1056.000,1056,1056
11803,G3_01_1_1_Chlorophyll_A_001_phosphate_plate4.tif,1,1056.000,1056,1056
11804,G3_01_1_1_Chlorophyll_A_001_phosphate_plate4.tif,6,1005.333,944,1104
11805,G3_01_1_1_Chlorophyll_A_001_phosphate_plate4.tif,1,992.000,992,992
11806,G3_01_1_1_Chlorophyll_A_001_phosphate_plate4.tif,3,970.667,960,992
11807,G3_01_1_1_Chlorophyll_A_001_phosphate_plate4.tif,1,1008.000,1008,1008
11808,G3_01_1_1_Chlorophyll_A_001_phosphate_plate4.tif,1,960.000,960,960
11809,G3_01_1_1_Chlorophyll_A_001_phosphate_plate4.tif,2,952.000,944,960
11810,G3_01_1_1_Chlorophyll_A_001_phosphate_plate4.tif,42,1100.190,944,1440
11811,G3_01_1_1_Chlorophyll_A_001_phosphate_plate4.tif,43,1072.372,944,1328
11812,G3_01_1_1_Chlorophyll_A_001_phosphate_plate4.tif,35,1093.943,944,1312
11813,G3_01_1_1_Chlorophyll_A_001_phosphate_plate4.tif,44,1087.636,944,1328
11814,G3_01_1_1_Chlorophyll_A_001_phosphate_plate4.tif,54,1128.593,944,1568
11815,G3_01_1_1_Chlorophyll_A_001_phosphate_plate4.tif,2,984.000,976,992
11816,G3_01_1_1_Chlorophyll_A_001_phosphate_plate4.tif,1,1056.000,1056,1056
11817,G3_01_1_1_Chlorophyll_A_001_phosphate_plate4.tif,5,1084.800,976,1280
11818,G3_01_1_1_Chlorophyll_A_001_phosphate_plate4.tif,3,970.667,944,1024
11819,G3_01_1_1_Chlorophyll_A_001_phosphate_plate4.tif,3,976.000,944,1008
11820,G3_01_1_1_Chlorophyll_A_001_phosphate_plate4.tif,1,1008.000,1008,1008
11821,G3_01_1_1_Chlorophyll_A_001_phosphate_plate4.tif,1,960.000,960,960
11822,G3_01_1_1_Chlorophyll_A_001_phosphate_plate4.tif,1,944.000,944,944
11823,G3_01_1_1_Chlorophyll_A_001_phosphate_plate4.tif,1,1024.000,1024,1024
11824,G3_01_1_1_Chlorophyll_A_001_phosphate_plate4.tif,1,960.000,960,960
11825,G3_01_1_1_Chlorophyll_A_001_phosphate_plate4.tif,1,944.000,944,944
11826,G3_01_1_1_Chlorophyll_A_001_phosphate_plate4.tif,153,4878.641,944,34080
11827,G3_01_1_1_Chlorophyll_A_001_phosphate_plate4.tif,95,4460.126,944,27840
11828,G3_01_1_1_Chlorophyll_A_001_phosphate_plate4.tif,113,5590.372,944,27216
11829,G3_01_1_1_Chlorophyll_A_001_phosphate_plate4.tif,26,1063.385,944,1264
11830,G3_01_1_1_Chlorophyll_A_001_phosphate_plate4.tif,39,1117.538,944,1456
11831,G3_01_1_1_Chlorophyll_A_001_phosphate_plate4.tif,61,1069.902,944,1312
11832,G3_01_1_1_Chlorophyll_A_001_phosphate_plate4.tif,1,1040.000,1040,1040
11833,G3_01_1_1_Chlorophyll_A_001_phosphate_plate4.tif,1,1040.000,1040,1040
11834,G3_01_1_1_Chlorophyll_A_001_phosphate_plate4.tif,7,1014.857,960,1072
11835,G3_01_1_1_Chlorophyll_A_001_phosphate_plate4.tif,66,3635.636,944,15408
11836,G3_01_1_1_Chlorophyll_A_001_phosphate_plate4.tif,120,4915.733,944,20704
11837,G3_01_1_1_Chlorophyll_A_001_phosphate_plate4.tif,276,1694.087,944,10432
11838,G3_01_1_1_Chlorophyll_A_001_phosphate_plate4.tif,2,1056.000,960,1152
11839,G3_01_1_1_Chlorophyll_A_001_phosphate_plate4.tif,46,1083.826,944,1328
11840,G3_01_1_1_Chlorophyll_A_001_phosphate_plate4.tif,36,1039.111,944,1328
11841,G3_01_1_1_Chlorophyll_A_001_phosphate_plate4.tif,5,998.400,960,1072
11842,G3_01_1_1_Chlorophyll_A_001_phosphate_plate4.tif,9,1000.889,960,1136
11843,G3_01_1_1_Chlorophyll_A_001_phosphate_plate4.tif,2,1016.000,992,1040
11844,G3_01_1_1_Chlorophyll_A_001_phosphate_plate4.tif,226,3391.504,944,25888
11845,G3_01_1_1_Chlorophyll_A_001_phosphate_plate4.tif,1,1104.000,1104,1104
11846,G3_01_1_1_Chlorophyll_A_001_phosphate_plate4.tif,1,1136.000,1136,1136
11847,G3_01_1_1_Chlorophyll_A_001_phosphate_plate4.tif,2,1024.000,976,1072
11848,G3_01_1_1_Chlorophyll_A_001_phosphate_plate4.tif,1,1088.000,1088,1088
11849,G3_01_1_1_Chlorophyll_A_001_phosphate_plate4.tif,2,1048.000,1040,1056
11850,G3_01_1_1_Chlorophyll_A_001_phosphate_plate4.tif,1,944.000,944,944
11851,G3_01_1_1_Chlorophyll_A_001_phosphate_plate4.tif,1,960.000,960,960
11852,G3_01_1_1_Chlorophyll_A_001_phosphate_plate4.tif,1,944.000,944,944
11853,G3_01_1_1_Chlorophyll_A_001_phosphate_plate4.tif,1,992.000,992,992
11854,G3_01_1_1_Chlorophyll_A_001_phosphate_plate4.tif,41,1107.902,960,1488
11855,G3_01_1_1_Chlorophyll_A_001_phosphate_plate4.tif,23,1051.130,944,1344
11856,G3_01_1_1_Chlorophyll_A_001_phosphate_plate4.tif,61,1067.541,944,1280
11857,G3_01_1_1_Chlorophyll_A_001_phosphate_plate4.tif,10,1011.200,960,1168
11858,G3_01_1_1_Chlorophyll_A_001_phosphate_plate4.tif,5,1004.800,960,1040
11859,G3_01_1_1_Chlorophyll_A_001_phosphate_plate4.tif,1,1040.000,1040,1040
11860,G3_01_1_1_Chlorophyll_A_001_phosphate_plate4.tif,1,960.000,960,960
11861,G3_01_1_1_Chlorophyll_A_001_phosphate_plate4.tif,1,976.000,976,976
11862,G3_01_1_1_Chlorophyll_A_001_phosphate_plate4.tif,1,960.000,960,960
11863,G3_01_1_1_Chlorophyll_A_001_phosphate_plate4.tif,49,1063.837,944,1360
11864,G3_01_1_1_Chlorophyll_A_001_phosphate_plate4.tif,65,1085.046,944,1344
11865,G3_01_1_1_Chlorophyll_A_001_phosphate_plate4.tif,2,992.000,992,992
11866,G3_01_1_1_Chlorophyll_A_001_phosphate_plate4.tif,1,992.000,992,992
11867,G3_01_1_1_Chlorophyll_A_001_phosphate_plate4.tif,1,1088.000,1088,1088
11868,G3_01_1_1_Chlorophyll_A_001_phosphate_plate4.tif,1,1040.000,1040,1040
11869,G3_01_1_1_Chlorophyll_A_001_phosphate_plate4.tif,4,996.000,960,1056
11870,G3_01_1_1_Chlorophyll_A_001_phosphate_plate4.tif,3,1013.333,992,1040
11871,G3_01_1_1_Chlorophyll_A_001_phosphate_plate4.tif,1,1008.000,1008,1008
11872,G3_01_1_1_Chlorophyll_A_001_phosphate_plate4.tif,1,976.000,976,976
11873,G3_01_1_1_Chlorophyll_A_001_phosphate_plate4.tif,1,976.000,976,976
11874,G3_01_1_1_Chlorophyll_A_001_phosphate_plate4.tif,1,1040.000,1040,1040
11875,G3_01_1_1_Chlorophyll_A_001_phosphate_plate4.tif,1,976.000,976,976
11876,G3_01_1_1_Chlorophyll_A_001_phosphate_plate4.tif,116,4993.103,944,33808
11877,G3_01_1_1_Chlorophyll_A_001_phosphate_plate4.tif,1,1040.000,1040,1040
11878,G3_01_1_1_Chlorophyll_A_001_phosphate_plate4.tif,1,1024.000,1024,1024
11879,G3_01_1_1_Chlorophyll_A_001_phosphate_plate4.tif,50,1117.760,944,1376
11880,G3_01_1_1_Chlorophyll_A_001_phosphate_plate4.tif,18,1062.222,960,1184
11881,G3_01_1_1_Chlorophyll_A_001_phosphate_plate4.tif,172,2777.581,944,31520
11882,G3_01_1_1_Chlorophyll_A_001_phosphate_plate4.tif,1,1056.000,1056,1056
11883,G3_01_1_1_Chlorophyll_A_001_phosphate_plate4.tif,3,1072.000,992,1184
11884,G3_01_1_1_Chlorophyll_A_001_phosphate_plate4.tif,5,988.800,944,1056
11885,G3_01_1_1_Chlorophyll_A_001_phosphate_plate4.tif,3,970.667,944,1008
11886,G3_01_1_1_Chlorophyll_A_001_phosphate_plate4.tif,2,968.000,960,976
11887,G3_01_1_1_Chlorophyll_A_001_phosphate_plate4.tif,1,992.000,992,992
11888,G3_01_1_1_Chlorophyll_A_001_phosphate_plate4.tif,1,992.000,992,992
11889,G3_01_1_1_Chlorophyll_A_001_phosphate_plate4.tif,1,944.000,944,944
11890,G3_01_1_1_Chlorophyll_A_001_phosphate_plate4.tif,646,4084.706,944,48016
11891,G3_01_1_1_Chlorophyll_A_001_phosphate_plate4.tif,1,992.000,992,992
11892,G3_01_1_1_Chlorophyll_A_001_phosphate_plate4.tif,1,1024.000,1024,1024
11893,G3_01_1_1_Chlorophyll_A_001_phosphate_plate4.tif,1,1056.000,1056,1056
11894,G3_01_1_1_Chlorophyll_A_001_phosphate_plate4.tif,6,1029.333,992,1088
11895,G3_01_1_1_Chlorophyll_A_001_phosphate_plate4.tif,1,960.000,960,960
11896,G3_01_1_1_Chlorophyll_A_001_phosphate_plate4.tif,1,960.000,960,960
11897,G3_01_1_1_Chlorophyll_A_001_phosphate_plate4.tif,1,976.000,976,976
11898,G3_01_1_1_Chlorophyll_A_001_phosphate_plate4.tif,18,1103.111,944,1360
11899,G3_01_1_1_Chlorophyll_A_001_phosphate_plate4.tif,19,1063.579,976,1232
11900,G3_01_1_1_Chlorophyll_A_001_phosphate_plate4.tif,26,1076.308,944,1280
11901,G3_01_1_1_Chlorophyll_A_001_phosphate_plate4.tif,103,1184.155,944,1776
11902,G3_01_1_1_Chlorophyll_A_001_phosphate_plate4.tif,4,964.000,944,976
11903,G3_01_1_1_Chlorophyll_A_001_phosphate_plate4.tif,3,986.667,944,1008
11904,G3_01_1_1_Chlorophyll_A_001_phosphate_plate4.tif,7,1074.286,944,1232
11905,G3_01_1_1_Chlorophyll_A_001_phosphate_plate4.tif,2,1016.000,992,1040
11906,G3_01_1_1_Chlorophyll_A_001_phosphate_plate4.tif,1,960.000,960,960
11907,G3_01_1_1_Chlorophyll_A_001_phosphate_plate4.tif,1,960.000,960,960
11908,G3_01_1_1_Chlorophyll_A_001_phosphate_plate4.tif,1,992.000,992,992
11909,G3_01_1_1_Chlorophyll_A_001_phosphate_plate4.tif,41,1091.902,944,1328
11910,G3_01_1_1_Chlorophyll_A_001_phosphate_plate4.tif,50,1086.080,944,1296
11911,G3_01_1_1_Chlorophyll_A_001_phosphate_plate4.tif,40,1089.600,944,1344
11912,G3_01_1_1_Chlorophyll_A_001_phosphate_plate4.tif,38,1037.474,944,1232
11913,G3_01_1_1_Chlorophyll_A_001_phosphate_plate4.tif,13,1115.077,960,1408
11914,G3_01_1_1_Chlorophyll_A_001_phosphate_plate4.tif,29,1067.034,944,1232
11915,G3_01_1_1_Chlorophyll_A_001_phosphate_plate4.tif,1,976.000,976,976
11916,G3_01_1_1_Chlorophyll_A_001_phosphate_plate4.tif,3,986.667,960,1040
11917,G3_01_1_1_Chlorophyll_A_001_phosphate_plate4.tif,3,1072.000,1056,1088
11918,G3_01_1_1_Chlorophyll_A_001_phosphate_plate4.tif,6,1074.667,976,1184
11919,G3_01_1_1_Chlorophyll_A_001_phosphate_plate4.tif,1,944.000,944,944
11920,G3_01_1_1_Chlorophyll_A_001_phosphate_plate4.tif,1,1024.000,1024,1024
11921,G3_01_1_1_Chlorophyll_A_001_phosphate_plate4.tif,21,1120.000,944,1312
11922,G3_01_1_1_Chlorophyll_A_001_phosphate_plate4.tif,13,1155.692,976,1488
11923,G3_01_1_1_Chlorophyll_A_001_phosphate_plate4.tif,17,1071.059,960,1360
11924,G3_01_1_1_Chlorophyll_A_001_phosphate_plate4.tif,179,1966.659,944,14512
11925,G3_01_1_1_Chlorophyll_A_001_phosphate_plate4.tif,20,1064.000,944,1296
11926,G3_01_1_1_Chlorophyll_A_001_phosphate_plate4.tif,1,960.000,960,960
11927,G3_01_1_1_Chlorophyll_A_001_phosphate_plate4.tif,1,976.000,976,976
11928,G3_01_1_1_Chlorophyll_A_001_phosphate_plate4.tif,1,1024.000,1024,1024
11929,G3_01_1_1_Chlorophyll_A_001_phosphate_plate4.tif,1,944.000,944,944
11930,G3_01_1_1_Chlorophyll_A_001_phosphate_plate4.tif,1,960.000,960,960
11931,G3_01_1_1_Chlorophyll_A_001_phosphate_plate4.tif,1,1008.000,1008,1008
11932,G3_01_1_1_Chlorophyll_A_001_phosphate_plate4.tif,1,1040.000,1040,1040
11933,G3_01_1_1_Chlorophyll_A_001_phosphate_plate4.tif,1,944.000,944,944
11934,G3_01_1_1_Chlorophyll_A_001_phosphate_plate4.tif,1,992.000,992,992
11935,G3_01_1_1_Chlorophyll_A_001_phosphate_plate4.tif,1,1120.000,1120,1120
11936,G3_01_1_1_Chlorophyll_A_001_phosphate_plate4.tif,1,944.000,944,944
11937,G3_01_1_1_Chlorophyll_A_001_phosphate_plate4.tif,1,976.000,976,976
11938,G3_01_1_1_Chlorophyll_A_001_phosphate_plate4.tif,1,960.000,960,960
11939,G3_01_1_1_Chlorophyll_A_001_phosphate_plate4.tif,17,1095.529,944,1344
11940,G3_01_1_1_Chlorophyll_A_001_phosphate_plate4.tif,1,960.000,960,960
11941,G3_01_1_1_Chlorophyll_A_001_phosphate_plate4.tif,5,1027.200,976,1088
11942,G3_01_1_1_Chlorophyll_A_001_phosphate_plate4.tif,3,986.667,944,1040
11943,G3_01_1_1_Chlorophyll_A_001_phosphate_plate4.tif,1,976.000,976,976
11944,G3_01_1_1_Chlorophyll_A_001_phosphate_plate4.tif,1,944.000,944,944
11945,G3_01_1_1_Chlorophyll_A_001_phosphate_plate4.tif,1,960.000,960,960
11946,G3_01_1_1_Chlorophyll_A_001_phosphate_plate4.tif,1,992.000,992,992
11947,G3_01_1_1_Chlorophyll_A_001_phosphate_plate4.tif,1,976.000,976,976
11948,G3_01_1_1_Chlorophyll_A_001_phosphate_plate4.tif,1,976.000,976,976
11949,G3_01_1_1_Chlorophyll_A_001_phosphate_plate4.tif,1,992.000,992,992
11950,G3_01_1_1_Chlorophyll_A_001_phosphate_plate4.tif,12,1044.000,960,1200
11951,G3_01_1_1_Chlorophyll_A_001_phosphate_plate4.tif,12,1008.000,944,1136
11952,G3_01_1_1_Chlorophyll_A_001_phosphate_plate4.tif,5,1078.400,944,1280
11953,G3_01_1_1_Chlorophyll_A_001_phosphate_plate4.tif,3,970.667,944,1008
11954,G3_01_1_1_Chlorophyll_A_001_phosphate_plate4.tif,6,1048.000,944,1216
11955,G3_01_1_1_Chlorophyll_A_001_phosphate_plate4.tif,1,1040.000,1040,1040
11956,G3_01_1_1_Chlorophyll_A_001_phosphate_plate4.tif,2,1080.000,992,1168
11957,G3_01_1_1_Chlorophyll_A_001_phosphate_plate4.tif,259,4019.768,944,21888
11958,G3_01_1_1_Chlorophyll_A_001_phosphate_plate4.tif,1,1088.000,1088,1088
11959,G3_01_1_1_Chlorophyll_A_001_phosphate_plate4.tif,102,4684.392,944,18800
11960,G3_01_1_1_Chlorophyll_A_001_phosphate_plate4.tif,219,2812.420,944,32224
11961,G3_01_1_1_Chlorophyll_A_001_phosphate_plate4.tif,1,976.000,976,976
11962,G3_01_1_1_Chlorophyll_A_001_phosphate_plate4.tif,1,976.000,976,976
11963,G3_01_1_1_Chlorophyll_A_001_phosphate_plate4.tif,5,1001.600,944,1120
11964,G3_01_1_1_Chlorophyll_A_001_phosphate_plate4.tif,2,1008.000,992,1024
11965,G3_01_1_1_Chlorophyll_A_001_phosphate_plate4.tif,1,1040.000,1040,1040
11966,G3_01_1_1_Chlorophyll_A_001_phosphate_plate4.tif,1,960.000,960,960
11967,G3_01_1_1_Chlorophyll_A_001_phosphate_plate4.tif,2,992.000,944,1040
11968,G3_01_1_1_Chlorophyll_A_001_phosphate_plate4.tif,1,976.000,976,976
11969,G3_01_1_1_Chlorophyll_A_001_phosphate_plate4.tif,1,944.000,944,944
11970,G3_01_1_1_Chlorophyll_A_001_phosphate_plate4.tif,2,1000.000,976,1024
11971,G3_01_1_1_Chlorophyll_A_001_phosphate_plate4.tif,238,2507.563,944,21296
11972,G3_01_1_1_Chlorophyll_A_001_phosphate_plate4.tif,34,1084.235,944,1376
11973,G3_01_1_1_Chlorophyll_A_001_phosphate_plate4.tif,61,1106.885,944,1440
11974,G3_01_1_1_Chlorophyll_A_001_phosphate_plate4.tif,26,1105.846,960,1408
11975,G3_01_1_1_Chlorophyll_A_001_phosphate_plate4.tif,13,1014.154,944,1120
11976,G3_01_1_1_Chlorophyll_A_001_phosphate_plate4.tif,1,992.000,992,992
11977,G3_01_1_1_Chlorophyll_A_001_phosphate_plate4.tif,1,1120.000,1120,1120
11978,G3_01_1_1_Chlorophyll_A_001_phosphate_plate4.tif,1,1056.000,1056,1056
11979,G3_01_1_1_Chlorophyll_A_001_phosphate_plate4.tif,3,986.667,960,1008
11980,G3_01_1_1_Chlorophyll_A_001_phosphate_plate4.tif,1,960.000,960,960
11981,G3_01_1_1_Chlorophyll_A_001_phosphate_plate4.tif,1,1136.000,1136,1136
11982,G3_01_1_1_Chlorophyll_A_001_phosphate_plate4.tif,1,976.000,976,976
11983,G3_01_1_1_Chlorophyll_A_001_phosphate_plate4.tif,1,992.000,992,992
11984,G3_01_1_1_Chlorophyll_A_001_phosphate_plate4.tif,29,1119.448,960,1424
11985,G3_01_1_1_Chlorophyll_A_001_phosphate_plate4.tif,28,1048.571,944,1344
11986,G3_01_1_1_Chlorophyll_A_001_phosphate_plate4.tif,45,1085.867,944,1280
11987,G3_01_1_1_Chlorophyll_A_001_phosphate_plate4.tif,55,1067.055,944,1296
11988,G3_01_1_1_Chlorophyll_A_001_phosphate_plate4.tif,25,1064.320,944,1232
11989,G3_01_1_1_Chlorophyll_A_001_phosphate_plate4.tif,1,1072.000,1072,1072
11990,G3_01_1_1_Chlorophyll_A_001_phosphate_plate4.tif,1,1040.000,1040,1040
11991,G3_01_1_1_Chlorophyll_A_001_phosphate_plate4.tif,2,1048.000,1024,1072
11992,G3_01_1_1_Chlorophyll_A_001_phosphate_plate4.tif,1,1008.000,1008,1008
11993,G3_01_1_1_Chlorophyll_A_001_phosphate_plate4.tif,1,1056.000,1056,1056
11994,G3_01_1_1_Chlorophyll_A_001_phosphate_plate4.tif,1,1008.000,1008,1008
11995,G3_01_1_1_Chlorophyll_A_001_phosphate_plate4.tif,1,976.000,976,976
11996,G3_01_1_1_Chlorophyll_A_001_phosphate_plate4.tif,2,960.000,944,976
11997,G3_01_1_1_Chlorophyll_A_001_phosphate_plate4.tif,1,960.000,960,960
11998,G3_01_1_1_Chlorophyll_A_001_phosphate_plate4.tif,1,960.000,960,960
11999,G3_01_1_1_Chlorophyll_A_001_phosphate_plate4.tif,1,1088.000,1088,1088
12000,G3_01_1_1_Chlorophyll_A_001_phosphate_plate4.tif,1,944.000,944,944
12001,G3_01_1_1_Chlorophyll_A_001_phosphate_plate4.tif,1,992.000,992,992
12002,G3_01_1_1_Chlorophyll_A_001_phosphate_plate4.tif,1,992.000,992,992
12003,G3_01_1_1_Chlorophyll_A_001_phosphate_plate4.tif,81,1095.506,944,1504
12004,G3_01_1_1_Chlorophyll_A_001_phosphate_plate4.tif,1,1104.000,1104,1104
12005,G3_01_1_1_Chlorophyll_A_001_phosphate_plate4.tif,1,1008.000,1008,1008
12006,G3_01_1_1_Chlorophyll_A_001_phosphate_plate4.tif,2,952.000,944,960
12007,G3_01_1_1_Chlorophyll_A_001_phosphate_plate4.tif,2,1040.000,992,1088
12008,G3_01_1_1_Chlorophyll_A_001_phosphate_plate4.tif,2,1056.000,1008,1104
12009,G3_01_1_1_Chlorophyll_A_001_phosphate_plate4.tif,1,1072.000,1072,1072
12010,G3_01_1_1_Chlorophyll_A_001_phosphate_plate4.tif,1,960.000,960,960
12011,G3_01_1_1_Chlorophyll_A_001_phosphate_plate4.tif,1,992.000,992,992
12012,G3_01_1_1_Chlorophyll_A_001_phosphate_plate4.tif,1,1024.000,1024,1024
12013,G3_01_1_1_Chlorophyll_A_001_phosphate_plate4.tif,26,1097.231,960,1280
12014,G3_01_1_1_Chlorophyll_A_001_phosphate_plate4.tif,52,1060.000,944,1248
12015,G3_01_1_1_Chlorophyll_A_001_phosphate_plate4.tif,8,1064.000,992,1264
12016,G3_01_1_1_Chlorophyll_A_001_phosphate_plate4.tif,1,1056.000,1056,1056
12017,G3_01_1_1_Chlorophyll_A_001_phosphate_plate4.tif,6,1026.667,944,1184
12018,G3_01_1_1_Chlorophyll_A_001_phosphate_plate4.tif,1,1152.000,1152,1152
12019,G3_01_1_1_Chlorophyll_A_001_phosphate_plate4.tif,1,1072.000,1072,1072
12020,G3_01_1_1_Chlorophyll_A_001_phosphate_plate4.tif,1,944.000,944,944
12021,G3_01_1_1_Chlorophyll_A_001_phosphate_plate4.tif,1,944.000,944,944
12022,G3_01_1_1_Chlorophyll_A_001_phosphate_plate4.tif,1,944.000,944,944
12023,G3_01_1_1_Chlorophyll_A_001_phosphate_plate4.tif,1,960.000,960,960
12024,G3_01_1_1_Chlorophyll_A_001_phosphate_plate4.tif,1,960.000,960,960
12025,G3_01_1_1_Chlorophyll_A_001_phosphate_plate4.tif,91,5270.681,944,27584
12026,G3_01_1_1_Chlorophyll_A_001_phosphate_plate4.tif,2,1048.000,992,1104
12027,G3_01_1_1_Chlorophyll_A_001_phosphate_plate4.tif,1,976.000,976,976
12028,G3_01_1_1_Chlorophyll_A_001_phosphate_plate4.tif,9,1008.000,944,1056
12029,G3_01_1_1_Chlorophyll_A_001_phosphate_plate4.tif,2,1008.000,992,1024
12030,G3_01_1_1_Chlorophyll_A_001_phosphate_plate4.tif,3,970.667,944,1008
12031,G3_01_1_1_Chlorophyll_A_001_phosphate_plate4.tif,1,976.000,976,976
12032,G3_01_1_1_Chlorophyll_A_001_phosphate_plate4.tif,94,3493.787,944,24592
12033,G3_01_1_1_Chlorophyll_A_001_phosphate_plate4.tif,2,960.000,960,960
12034,G3_01_1_1_Chlorophyll_A_001_phosphate_plate4.tif,1,1072.000,1072,1072
12035,G3_01_1_1_Chlorophyll_A_001_phosphate_plate4.tif,86,3661.023,960,19280
12036,G3_01_1_1_Chlorophyll_A_001_phosphate_plate4.tif,1,1024.000,1024,1024
12037,G3_01_1_1_Chlorophyll_A_001_phosphate_plate4.tif,1,1168.000,1168,1168
12038,G3_01_1_1_Chlorophyll_A_001_phosphate_plate4.tif,109,5381.872,944,32608
12039,G3_01_1_1_Chlorophyll_A_001_phosphate_plate4.tif,37,1080.649,944,1344
12040,G3_01_1_1_Chlorophyll_A_001_phosphate_plate4.tif,168,2546.095,944,26880
12041,G3_01_1_1_Chlorophyll_A_001_phosphate_plate4.tif,3,992.000,944,1024
12042,G3_01_1_1_Chlorophyll_A_001_phosphate_plate4.tif,1,976.000,976,976
12043,G3_01_1_1_Chlorophyll_A_001_phosphate_plate4.tif,1,944.000,944,944
12044,G3_01_1_1_Chlorophyll_A_001_phosphate_plate4.tif,1,944.000,944,944
12045,G3_01_1_1_Chlorophyll_A_001_phosphate_plate4.tif,1,944.000,944,944
12046,G3_01_1_1_Chlorophyll_A_001_phosphate_plate4.tif,1,1232.000,1232,1232
12047,G3_01_1_1_Chlorophyll_A_001_phosphate_plate4.tif,1,944.000,944,944
12048,G3_01_1_1_Chlorophyll_A_001_phosphate_plate4.tif,76,1097.263,960,1376
12049,G3_01_1_1_Chlorophyll_A_001_phosphate_plate4.tif,29,1067.034,944,1328
12050,G3_01_1_1_Chlorophyll_A_001_phosphate_plate4.tif,1,944.000,944,944
12051,G3_01_1_1_Chlorophyll_A_001_phosphate_plate4.tif,1,960.000,960,960
12052,G3_01_1_1_Chlorophyll_A_001_phosphate_plate4.tif,1,1184.000,1184,1184
12053,G3_01_1_1_Chlorophyll_A_001_phosphate_plate4.tif,1,1040.000,1040,1040
12054,G3_01_1_1_Chlorophyll_A_001_phosphate_plate4.tif,151,4406.146,944,24080
12055,G3_01_1_1_Chlorophyll_A_001_phosphate_plate4.tif,1,992.000,992,992
12056,G3_01_1_1_Chlorophyll_A_001_phosphate_plate4.tif,25,1095.040,944,1312
12057,G3_01_1_1_Chlorophyll_A_001_phosphate_plate4.tif,1,960.000,960,960
12058,G3_01_1_1_Chlorophyll_A_001_phosphate_plate4.tif,1,1024.000,1024,1024
12059,G3_01_1_1_Chlorophyll_A_001_phosphate_plate4.tif,6,1013.333,944,1088
12060,G3_01_1_1_Chlorophyll_A_001_phosphate_plate4.tif,1,1072.000,1072,1072
12061,G3_01_1_1_Chlorophyll_A_001_phosphate_plate4.tif,1,944.000,944,944
12062,G3_01_1_1_Chlorophyll_A_001_phosphate_plate4.tif,1,944.000,944,944
12063,G3_01_1_1_Chlorophyll_A_001_phosphate_plate4.tif,1,976.000,976,976
12064,G3_01_1_1_Chlorophyll_A_001_phosphate_plate4.tif,1,1056.000,1056,1056
12065,G3_01_1_1_Chlorophyll_A_001_phosphate_plate4.tif,33,1124.848,944,1392
12066,G3_01_1_1_Chlorophyll_A_001_phosphate_plate4.tif,1,1104.000,1104,1104
12067,G3_01_1_1_Chlorophyll_A_001_phosphate_plate4.tif,1,992.000,992,992
12068,G3_01_1_1_Chlorophyll_A_001_phosphate_plate4.tif,6,986.667,944,1136
12069,G3_01_1_1_Chlorophyll_A_001_phosphate_plate4.tif,1,992.000,992,992
12070,G3_01_1_1_Chlorophyll_A_001_phosphate_plate4.tif,1,992.000,992,992
12071,G3_01_1_1_Chlorophyll_A_001_phosphate_plate4.tif,1,1040.000,1040,1040
12072,G3_01_1_1_Chlorophyll_A_001_phosphate_plate4.tif,2,968.000,960,976
12073,G3_01_1_1_Chlorophyll_A_001_phosphate_plate4.tif,2,976.000,944,1008
12074,G3_01_1_1_Chlorophyll_A_001_phosphate_plate4.tif,1,992.000,992,992
12075,G3_01_1_1_Chlorophyll_A_001_phosphate_plate4.tif,1,960.000,960,960
12076,G3_01_1_1_Chlorophyll_A_001_phosphate_plate4.tif,42,1086.095,944,1296
12077,G3_01_1_1_Chlorophyll_A_001_phosphate_plate4.tif,18,1125.333,976,1376
12078,G3_01_1_1_Chlorophyll_A_001_phosphate_plate4.tif,3,1034.667,944,1104
12079,G3_01_1_1_Chlorophyll_A_001_phosphate_plate4.tif,1,1200.000,1200,1200
12080,G3_01_1_1_Chlorophyll_A_001_phosphate_plate4.tif,6,1037.333,960,1072
12081,G3_01_1_1_Chlorophyll_A_001_phosphate_plate4.tif,1,1040.000,1040,1040
12082,G3_01_1_1_Chlorophyll_A_001_phosphate_plate4.tif,1,976.000,976,976
12083,G3_01_1_1_Chlorophyll_A_001_phosphate_plate4.tif,1,1024.000,1024,1024
12084,G3_01_1_1_Chlorophyll_A_001_phosphate_plate4.tif,1,1024.000,1024,1024
12085,G3_01_1_1_Chlorophyll_A_001_phosphate_plate4.tif,1,944.000,944,944
12086,G3_01_1_1_Chlorophyll_A_001_phosphate_plate4.tif,1,992.000,992,992
12087,G3_01_1_1_Chlorophyll_A_001_phosphate_plate4.tif,1,992.000,992,992
12088,G3_01_1_1_Chlorophyll_A_001_phosphate_plate4.tif,1,960.000,960,960
12089,G3_01_1_1_Chlorophyll_A_001_phosphate_plate4.tif,1,944.000,944,944
12090,G3_01_1_1_Chlorophyll_A_001_phosphate_plate4.tif,1,960.000,960,960
12091,G3_01_1_1_Chlorophyll_A_001_phosphate_plate4.tif,1,944.000,944,944
12092,G3_01_1_1_Chlorophyll_A_001_phosphate_plate4.tif,1,944.000,944,944
12093,G3_01_1_1_Chlorophyll_A_001_phosphate_plate4.tif,4,1052.000,976,1152
12094,G3_01_1_1_Chlorophyll_A_001_phosphate_plate4.tif,6,1026.667,976,1056
12095,G3_01_1_1_Chlorophyll_A_001_phosphate_plate4.tif,1,1184.000,1184,1184
12096,G3_01_1_1_Chlorophyll_A_001_phosphate_plate4.tif,2,1008.000,976,1040
12097,G3_01_1_1_Chlorophyll_A_001_phosphate_plate4.tif,1,960.000,960,960
12098,G3_01_1_1_Chlorophyll_A_001_phosphate_plate4.tif,1,960.000,960,960
12099,G3_01_1_1_Chlorophyll_A_001_phosphate_plate4.tif,1,976.000,976,976
12100,G3_01_1_1_Chlorophyll_A_001_phosphate_plate4.tif,102,5727.686,960,40544
12101,G3_01_1_1_Chlorophyll_A_001_phosphate_plate4.tif,15,1111.467,960,1344
12102,G3_01_1_1_Chlorophyll_A_001_phosphate_plate4.tif,65,1095.631,944,1536
12103,G3_01_1_1_Chlorophyll_A_001_phosphate_plate4.tif,198,2355.475,944,25728
12104,G3_01_1_1_Chlorophyll_A_001_phosphate_plate4.tif,7,1008.000,944,1056
12105,G3_01_1_1_Chlorophyll_A_001_phosphate_plate4.tif,1,960.000,960,960
12106,G3_01_1_1_Chlorophyll_A_001_phosphate_plate4.tif,2,1040.000,976,1104
12107,G3_01_1_1_Chlorophyll_A_001_phosphate_plate4.tif,1,1024.000,1024,1024
12108,G3_01_1_1_Chlorophyll_A_001_phosphate_plate4.tif,1,992.000,992,992
12109,G3_01_1_1_Chlorophyll_A_001_phosphate_plate4.tif,3,965.333,944,992
12110,G3_01_1_1_Chlorophyll_A_001_phosphate_plate4.tif,1,1024.000,1024,1024
12111,G3_01_1_1_Chlorophyll_A_001_phosphate_plate4.tif,2,968.000,944,992
12112,G3_01_1_1_Chlorophyll_A_001_phosphate_plate4.tif,1,1072.000,1072,1072
12113,G3_01_1_1_Chlorophyll_A_001_phosphate_plate4.tif,1,944.000,944,944
12114,G3_01_1_1_Chlorophyll_A_001_phosphate_plate4.tif,28,1097.143,960,1328
12115,G3_01_1_1_Chlorophyll_A_001_phosphate_plate4.tif,1,992.000,992,992
12116,G3_01_1_1_Chlorophyll_A_001_phosphate_plate4.tif,1,944.000,944,944
12117,G3_01_1_1_Chlorophyll_A_001_phosphate_plate4.tif,1,960.000,960,960
12118,G3_01_1_1_Chlorophyll_A_001_phosphate_plate4.tif,2,992.000,960,1024
12119,G3_01_1_1_Chlorophyll_A_001_phosphate_plate4.tif,1,1152.000,1152,1152
12120,G3_01_1_1_Chlorophyll_A_001_phosphate_plate4.tif,2,1032.000,944,1120
12121,G3_01_1_1_Chlorophyll_A_001_phosphate_plate4.tif,1,1056.000,1056,1056
12122,G3_01_1_1_Chlorophyll_A_001_phosphate_plate4.tif,1,944.000,944,944
12123,G3_01_1_1_Chlorophyll_A_001_phosphate_plate4.tif,67,3886.567,960,21888
12124,G3_01_1_1_Chlorophyll_A_001_phosphate_plate4.tif,28,1041.714,944,1296
12125,G3_01_1_1_Chlorophyll_A_001_phosphate_plate4.tif,41,1104.390,944,1456
12126,G3_01_1_1_Chlorophyll_A_001_phosphate_plate4.tif,62,1043.097,944,1248
12127,G3_01_1_1_Chlorophyll_A_001_phosphate_plate4.tif,10,1006.400,944,1200
12128,G3_01_1_1_Chlorophyll_A_001_phosphate_plate4.tif,11,1034.182,944,1152
12129,G3_01_1_1_Chlorophyll_A_001_phosphate_plate4.tif,1,960.000,960,960
12130,G3_01_1_1_Chlorophyll_A_001_phosphate_plate4.tif,1,960.000,960,960
12131,G3_01_1_1_Chlorophyll_A_001_phosphate_plate4.tif,1,976.000,976,976
12132,G3_01_1_1_Chlorophyll_A_001_phosphate_plate4.tif,1,944.000,944,944
12133,G3_01_1_1_Chlorophyll_A_001_phosphate_plate4.tif,1,992.000,992,992
12134,G3_01_1_1_Chlorophyll_A_001_phosphate_plate4.tif,4,1072.000,960,1248
12135,G3_01_1_1_Chlorophyll_A_001_phosphate_plate4.tif,71,3724.620,944,14400
12136,G3_01_1_1_Chlorophyll_A_001_phosphate_plate4.tif,68,4055.059,944,17280
12137,G3_01_1_1_Chlorophyll_A_001_phosphate_plate4.tif,1,1072.000,1072,1072
12138,G3_01_1_1_Chlorophyll_A_001_phosphate_plate4.tif,86,1068.651,944,1376
12139,G3_01_1_1_Chlorophyll_A_001_phosphate_plate4.tif,38,1070.737,944,1328
12140,G3_01_1_1_Chlorophyll_A_001_phosphate_plate4.tif,33,1073.455,944,1264
12141,G3_01_1_1_Chlorophyll_A_001_phosphate_plate4.tif,82,1045.659,944,1408
12142,G3_01_1_1_Chlorophyll_A_001_phosphate_plate4.tif,66,1023.273,944,1184
12143,G3_01_1_1_Chlorophyll_A_001_phosphate_plate4.tif,4,1008.000,944,1104
12144,G3_01_1_1_Chlorophyll_A_001_phosphate_plate4.tif,1,1104.000,1104,1104
12145,G3_01_1_1_Chlorophyll_A_001_phosphate_plate4.tif,2,960.000,944,976
12146,G3_01_1_1_Chlorophyll_A_001_phosphate_plate4.tif,1,944.000,944,944
12147,G3_01_1_1_Chlorophyll_A_001_phosphate_plate4.tif,2,976.000,960,992
12148,G3_01_1_1_Chlorophyll_A_001_phosphate_plate4.tif,3,954.667,944,960
12149,G3_01_1_1_Chlorophyll_A_001_phosphate_plate4.tif,1,944.000,944,944
12150,G3_01_1_1_Chlorophyll_A_001_phosphate_plate4.tif,1,1056.000,1056,1056
12151,G3_01_1_1_Chlorophyll_A_001_phosphate_plate4.tif,1,960.000,960,960
12152,G3_01_1_1_Chlorophyll_A_001_phosphate_plate4.tif,2,960.000,960,960
12153,G3_01_1_1_Chlorophyll_A_001_phosphate_plate4.tif,82,4265.561,944,22000
12154,G3_01_1_1_Chlorophyll_A_001_phosphate_plate4.tif,48,1085.000,944,1344
12155,G3_01_1_1_Chlorophyll_A_001_phosphate_plate4.tif,39,1107.282,944,1408
12156,G3_01_1_1_Chlorophyll_A_001_phosphate_plate4.tif,79,1046.278,944,1376
12157,G3_01_1_1_Chlorophyll_A_001_phosphate_plate4.tif,59,1056.000,944,1328
12158,G3_01_1_1_Chlorophyll_A_001_phosphate_plate4.tif,1,1040.000,1040,1040
12159,G3_01_1_1_Chlorophyll_A_001_phosphate_plate4.tif,1,960.000,960,960
12160,G3_01_1_1_Chlorophyll_A_001_phosphate_plate4.tif,1,1040.000,1040,1040
12161,G3_01_1_1_Chlorophyll_A_001_phosphate_plate4.tif,1,944.000,944,944
12162,G3_01_1_1_Chlorophyll_A_001_phosphate_plate4.tif,1,976.000,976,976
12163,G3_01_1_1_Chlorophyll_A_001_phosphate_plate4.tif,1,1008.000,1008,1008
12164,G3_01_1_1_Chlorophyll_A_001_phosphate_plate4.tif,3,1056.000,992,1120
12165,G3_01_1_1_Chlorophyll_A_001_phosphate_plate4.tif,2,1024.000,992,1056
12166,G3_01_1_1_Chlorophyll_A_001_phosphate_plate4.tif,1,976.000,976,976
12167,G3_01_1_1_Chlorophyll_A_001_phosphate_plate4.tif,1,944.000,944,944
12168,G3_01_1_1_Chlorophyll_A_001_phosphate_plate4.tif,1,944.000,944,944
12169,G3_01_1_1_Chlorophyll_A_001_phosphate_plate4.tif,1,960.000,960,960
12170,G3_01_1_1_Chlorophyll_A_001_phosphate_plate4.tif,12,1065.333,960,1168
12171,G3_01_1_1_Chlorophyll_A_001_phosphate_plate4.tif,22,1080.000,944,1344
12172,G3_01_1_1_Chlorophyll_A_001_phosphate_plate4.tif,22,1101.818,960,1424
12173,G3_01_1_1_Chlorophyll_A_001_phosphate_plate4.tif,1,944.000,944,944
12174,G3_01_1_1_Chlorophyll_A_001_phosphate_plate4.tif,1,1072.000,1072,1072
12175,G3_01_1_1_Chlorophyll_A_001_phosphate_plate4.tif,1,976.000,976,976
12176,G3_01_1_1_Chlorophyll_A_001_phosphate_plate4.tif,1,1104.000,1104,1104
12177,G3_01_1_1_Chlorophyll_A_001_phosphate_plate4.tif,1,1024.000,1024,1024
12178,G3_01_1_1_Chlorophyll_A_001_phosphate_plate4.tif,2,952.000,944,960
12179,G3_01_1_1_Chlorophyll_A_001_phosphate_plate4.tif,2,952.000,944,960
12180,G3_01_1_1_Chlorophyll_A_001_phosphate_plate4.tif,1,1056.000,1056,1056
12181,G3_01_1_1_Chlorophyll_A_001_phosphate_plate4.tif,1,960.000,960,960
12182,G3_01_1_1_Chlorophyll_A_001_phosphate_plate4.tif,1,976.000,976,976
12183,G3_01_1_1_Chlorophyll_A_001_phosphate_plate4.tif,1,960.000,960,960
12184,G3_01_1_1_Chlorophyll_A_001_phosphate_plate4.tif,2,1040.000,992,1088
12185,G3_01_1_1_Chlorophyll_A_001_phosphate_plate4.tif,1,1024.000,1024,1024
12186,G3_01_1_1_Chlorophyll_A_001_phosphate_plate4.tif,1,1072.000,1072,1072
12187,G3_01_1_1_Chlorophyll_A_001_phosphate_plate4.tif,1,960.000,960,960
12188,G3_01_1_1_Chlorophyll_A_001_phosphate_plate4.tif,1,944.000,944,944
12189,G3_01_1_1_Chlorophyll_A_001_phosphate_plate4.tif,1,960.000,960,960
12190,G3_01_1_1_Chlorophyll_A_001_phosphate_plate4.tif,1,1136.000,1136,1136
12191,G3_01_1_1_Chlorophyll_A_001_phosphate_plate4.tif,34,1144.000,944,1376
12192,G3_01_1_1_Chlorophyll_A_001_phosphate_plate4.tif,27,1101.630,944,1376
12193,G3_01_1_1_Chlorophyll_A_001_phosphate_plate4.tif,1,1040.000,1040,1040
12194,G3_01_1_1_Chlorophyll_A_001_phosphate_plate4.tif,2,1080.000,960,1200
12195,G3_01_1_1_Chlorophyll_A_001_phosphate_plate4.tif,1,1024.000,1024,1024
12196,G3_01_1_1_Chlorophyll_A_001_phosphate_plate4.tif,1,976.000,976,976
12197,G3_01_1_1_Chlorophyll_A_001_phosphate_plate4.tif,4,1028.000,992,1072
12198,G3_01_1_1_Chlorophyll_A_001_phosphate_plate4.tif,1,960.000,960,960
12199,G3_01_1_1_Chlorophyll_A_001_phosphate_plate4.tif,1,992.000,992,992
12200,G3_01_1_1_Chlorophyll_A_001_phosphate_plate4.tif,1,992.000,992,992
12201,G3_01_1_1_Chlorophyll_A_001_phosphate_plate4.tif,1,1072.000,1072,1072
12202,G3_01_1_1_Chlorophyll_A_001_phosphate_plate4.tif,1,992.000,992,992
12203,G3_01_1_1_Chlorophyll_A_001_phosphate_plate4.tif,1,944.000,944,944
12204,G3_01_1_1_Chlorophyll_A_001_phosphate_plate4.tif,1,944.000,944,944
12205,G3_01_1_1_Chlorophyll_A_001_phosphate_plate4.tif,1,976.000,976,976
12206,G3_01_1_1_Chlorophyll_A_001_phosphate_plate4.tif,1,976.000,976,976
12207,G3_01_1_1_Chlorophyll_A_001_phosphate_plate4.tif,108,1294.519,944,2464
12208,G3_01_1_1_Chlorophyll_A_001_phosphate_plate4.tif,1,976.000,976,976
12209,G3_01_1_1_Chlorophyll_A_001_phosphate_plate4.tif,1,944.000,944,944
12210,G3_01_1_1_Chlorophyll_A_001_phosphate_plate4.tif,1,992.000,992,992
12211,G3_01_1_1_Chlorophyll_A_001_phosphate_plate4.tif,1,976.000,976,976
12212,G3_01_1_1_Chlorophyll_A_001_phosphate_plate4.tif,1,960.000,960,960
12213,G3_01_1_1_Chlorophyll_A_001_phosphate_plate4.tif,77,4403.532,944,21056
12214,G3_01_1_1_Chlorophyll_A_001_phosphate_plate4.tif,41,1072.390,944,1296
12215,G3_01_1_1_Chlorophyll_A_001_phosphate_plate4.tif,18,1058.667,944,1424
12216,G3_01_1_1_Chlorophyll_A_001_phosphate_plate4.tif,9,1084.444,960,1392
12217,G3_01_1_1_Chlorophyll_A_001_phosphate_plate4.tif,70,1102.400,944,1504
12218,G3_01_1_1_Chlorophyll_A_001_phosphate_plate4.tif,21,1040.762,944,1264
12219,G3_01_1_1_Chlorophyll_A_001_phosphate_plate4.tif,2,1136.000,1008,1264
12220,G3_01_1_1_Chlorophyll_A_001_phosphate_plate4.tif,1,944.000,944,944
12221,G3_01_1_1_Chlorophyll_A_001_phosphate_plate4.tif,1,1072.000,1072,1072
12222,G3_01_1_1_Chlorophyll_A_001_phosphate_plate4.tif,1,960.000,960,960
12223,G3_01_1_1_Chlorophyll_A_001_phosphate_plate4.tif,1,1104.000,1104,1104
12224,G3_01_1_1_Chlorophyll_A_001_phosphate_plate4.tif,1,1008.000,1008,1008
12225,G3_01_1_1_Chlorophyll_A_001_phosphate_plate4.tif,1,976.000,976,976
12226,G3_01_1_1_Chlorophyll_A_001_phosphate_plate4.tif,1,944.000,944,944
12227,G3_01_1_1_Chlorophyll_A_001_phosphate_plate4.tif,151,1090.437,944,1408
12228,G3_01_1_1_Chlorophyll_A_001_phosphate_plate4.tif,277,2993.791,944,31040
12229,G3_01_1_1_Chlorophyll_A_001_phosphate_plate4.tif,1,1040.000,1040,1040
12230,G3_01_1_1_Chlorophyll_A_001_phosphate_plate4.tif,3,1018.667,960,1088
12231,G3_01_1_1_Chlorophyll_A_001_phosphate_plate4.tif,1,976.000,976,976
12232,G3_01_1_1_Chlorophyll_A_001_phosphate_plate4.tif,1,944.000,944,944
12233,G3_01_1_1_Chlorophyll_A_001_phosphate_plate4.tif,1,1040.000,1040,1040
12234,G3_01_1_1_Chlorophyll_A_001_phosphate_plate4.tif,1,960.000,960,960
12235,G3_01_1_1_Chlorophyll_A_001_phosphate_plate4.tif,39,1080.615,944,1264
12236,G3_01_1_1_Chlorophyll_A_001_phosphate_plate4.tif,25,1084.160,944,1312
12237,G3_01_1_1_Chlorophyll_A_001_phosphate_plate4.tif,1,1024.000,1024,1024
12238,G3_01_1_1_Chlorophyll_A_001_phosphate_plate4.tif,2,984.000,976,992
12239,G3_01_1_1_Chlorophyll_A_001_phosphate_plate4.tif,2,1040.000,976,1104
12240,G3_01_1_1_Chlorophyll_A_001_phosphate_plate4.tif,1,1152.000,1152,1152
12241,G3_01_1_1_Chlorophyll_A_001_phosphate_plate4.tif,1,1088.000,1088,1088
12242,G3_01_1_1_Chlorophyll_A_001_phosphate_plate4.tif,97,3367.918,944,20864
12243,G3_01_1_1_Chlorophyll_A_001_phosphate_plate4.tif,1,960.000,960,960
12244,G3_01_1_1_Chlorophyll_A_001_phosphate_plate4.tif,1,992.000,992,992
12245,G3_01_1_1_Chlorophyll_A_001_phosphate_plate4.tif,1,1088.000,1088,1088
12246,G3_01_1_1_Chlorophyll_A_001_phosphate_plate4.tif,1,944.000,944,944
12247,G3_01_1_1_Chlorophyll_A_001_phosphate_plate4.tif,17,1129.412,944,1344
12248,G3_01_1_1_Chlorophyll_A_001_phosphate_plate4.tif,45,1066.311,944,1280
12249,G3_01_1_1_Chlorophyll_A_001_phosphate_plate4.tif,1,1056.000,1056,1056
12250,G3_01_1_1_Chlorophyll_A_001_phosphate_plate4.tif,3,1013.333,944,1120
12251,G3_01_1_1_Chlorophyll_A_001_phosphate_plate4.tif,2,1008.000,944,1072
12252,G3_01_1_1_Chlorophyll_A_001_phosphate_plate4.tif,1,992.000,992,992
12253,G3_01_1_1_Chlorophyll_A_001_phosphate_plate4.tif,2,976.000,960,992
12254,G3_01_1_1_Chlorophyll_A_001_phosphate_plate4.tif,2,992.000,944,1040
12255,G3_01_1_1_Chlorophyll_A_001_phosphate_plate4.tif,3,1002.667,944,1104
12256,G3_01_1_1_Chlorophyll_A_001_phosphate_plate4.tif,2,1016.000,992,1040
12257,G3_01_1_1_Chlorophyll_A_001_phosphate_plate4.tif,1,1136.000,1136,1136
12258,G3_01_1_1_Chlorophyll_A_001_phosphate_plate4.tif,1,1040.000,1040,1040
12259,G3_01_1_1_Chlorophyll_A_001_phosphate_plate4.tif,2,960.000,944,976
12260,G3_01_1_1_Chlorophyll_A_001_phosphate_plate4.tif,1,960.000,960,960
12261,G3_01_1_1_Chlorophyll_A_001_phosphate_plate4.tif,3,1002.667,960,1088
12262,G3_01_1_1_Chlorophyll_A_001_phosphate_plate4.tif,1,944.000,944,944
12263,G3_01_1_1_Chlorophyll_A_001_phosphate_plate4.tif,1,944.000,944,944
12264,G3_01_1_1_Chlorophyll_A_001_phosphate_plate4.tif,26,1096.000,944,1408
12265,G3_01_1_1_Chlorophyll_A_001_phosphate_plate4.tif,35,1090.743,960,1376
12266,G3_01_1_1_Chlorophyll_A_001_phosphate_plate4.tif,56,1094.571,944,1472
12267,G3_01_1_1_Chlorophyll_A_001_phosphate_plate4.tif,1,1072.000,1072,1072
12268,G3_01_1_1_Chlorophyll_A_001_phosphate_plate4.tif,5,1008.000,960,1136
12269,G3_01_1_1_Chlorophyll_A_001_phosphate_plate4.tif,1,944.000,944,944
12270,G3_01_1_1_Chlorophyll_A_001_phosphate_plate4.tif,1,960.000,960,960
12271,G3_01_1_1_Chlorophyll_A_001_phosphate_plate4.tif,1,976.000,976,976
12272,G3_01_1_1_Chlorophyll_A_001_phosphate_plate4.tif,1,992.000,992,992
12273,G3_01_1_1_Chlorophyll_A_001_phosphate_plate4.tif,73,3815.233,960,23200
12274,G3_01_1_1_Chlorophyll_A_001_phosphate_plate4.tif,1,1040.000,1040,1040
12275,G3_01_1_1_Chlorophyll_A_001_phosphate_plate4.tif,31,1103.484,960,1376
12276,G3_01_1_1_Chlorophyll_A_001_phosphate_plate4.tif,20,1100.800,944,1392
12277,G3_01_1_1_Chlorophyll_A_001_phosphate_plate4.tif,2,1088.000,1024,1152
12278,G3_01_1_1_Chlorophyll_A_001_phosphate_plate4.tif,24,1020.667,944,1136
12279,G3_01_1_1_Chlorophyll_A_001_phosphate_plate4.tif,82,1049.366,944,1376
12280,G3_01_1_1_Chlorophyll_A_001_phosphate_plate4.tif,4,1012.000,944,1136
12281,G3_01_1_1_Chlorophyll_A_001_phosphate_plate4.tif,1,944.000,944,944
12282,G3_01_1_1_Chlorophyll_A_001_phosphate_plate4.tif,1,976.000,976,976
12283,G3_01_1_1_Chlorophyll_A_001_phosphate_plate4.tif,1,1088.000,1088,1088
12284,G3_01_1_1_Chlorophyll_A_001_phosphate_plate4.tif,1,944.000,944,944
12285,G3_01_1_1_Chlorophyll_A_001_phosphate_plate4.tif,1,1136.000,1136,1136
12286,G3_01_1_1_Chlorophyll_A_001_phosphate_plate4.tif,1,1056.000,1056,1056
12287,G3_01_1_1_Chlorophyll_A_001_phosphate_plate4.tif,60,1059.200,944,1392
12288,G3_01_1_1_Chlorophyll_A_001_phosphate_plate4.tif,13,1083.077,960,1216
12289,G3_01_1_1_Chlorophyll_A_001_phosphate_plate4.tif,4,996.000,960,1040
12290,G3_01_1_1_Chlorophyll_A_001_phosphate_plate4.tif,2,1048.000,976,1120
12291,G3_01_1_1_Chlorophyll_A_001_phosphate_plate4.tif,1,976.000,976,976
12292,G3_01_1_1_Chlorophyll_A_001_phosphate_plate4.tif,1,944.000,944,944
12293,G3_01_1_1_Chlorophyll_A_001_phosphate_plate4.tif,1,944.000,944,944
12294,G3_01_1_1_Chlorophyll_A_001_phosphate_plate4.tif,1,960.000,960,960
12295,G3_01_1_1_Chlorophyll_A_001_phosphate_plate4.tif,1,1040.000,1040,1040
12296,G3_01_1_1_Chlorophyll_A_001_phosphate_plate4.tif,1,1008.000,1008,1008
12297,G3_01_1_1_Chlorophyll_A_001_phosphate_plate4.tif,1,976.000,976,976
12298,G3_01_1_1_Chlorophyll_A_001_phosphate_plate4.tif,67,4217.313,944,17392
12299,G3_01_1_1_Chlorophyll_A_001_phosphate_plate4.tif,1,1040.000,1040,1040
12300,G3_01_1_1_Chlorophyll_A_001_phosphate_plate4.tif,35,1094.857,944,1392
12301,G3_01_1_1_Chlorophyll_A_001_phosphate_plate4.tif,1,1296.000,1296,1296
12302,G3_01_1_1_Chlorophyll_A_001_phosphate_plate4.tif,11,1072.000,976,1216
12303,G3_01_1_1_Chlorophyll_A_001_phosphate_plate4.tif,1,992.000,992,992
12304,G3_01_1_1_Chlorophyll_A_001_phosphate_plate4.tif,2,968.000,944,992
12305,G3_01_1_1_Chlorophyll_A_001_phosphate_plate4.tif,1,960.000,960,960
12306,G3_01_1_1_Chlorophyll_A_001_phosphate_plate4.tif,1,992.000,992,992
12307,G3_01_1_1_Chlorophyll_A_001_phosphate_plate4.tif,2,1112.000,1104,1120
12308,G3_01_1_1_Chlorophyll_A_001_phosphate_plate4.tif,1,960.000,960,960
12309,G3_01_1_1_Chlorophyll_A_001_phosphate_plate4.tif,1,944.000,944,944
12310,G3_01_1_1_Chlorophyll_A_001_phosphate_plate4.tif,1,944.000,944,944
12311,G3_01_1_1_Chlorophyll_A_001_phosphate_plate4.tif,1,960.000,960,960
12312,G3_01_1_1_Chlorophyll_A_001_phosphate_plate4.tif,1,976.000,976,976
12313,G3_01_1_1_Chlorophyll_A_001_phosphate_plate4.tif,1,944.000,944,944
12314,G3_01_1_1_Chlorophyll_A_001_phosphate_plate4.tif,1,1008.000,1008,1008
12315,G3_01_1_1_Chlorophyll_A_001_phosphate_plate4.tif,83,4501.976,944,23712
12316,G3_01_1_1_Chlorophyll_A_001_phosphate_plate4.tif,1,944.000,944,944
12317,G3_01_1_1_Chlorophyll_A_001_phosphate_plate4.tif,3,976.000,944,1008
12318,G3_01_1_1_Chlorophyll_A_001_phosphate_plate4.tif,1,1120.000,1120,1120
12319,G3_01_1_1_Chlorophyll_A_001_phosphate_plate4.tif,1,944.000,944,944
12320,G3_01_1_1_Chlorophyll_A_001_phosphate_plate4.tif,1,944.000,944,944
12321,G3_01_1_1_Chlorophyll_A_001_phosphate_plate4.tif,2,952.000,944,960
12322,G3_01_1_1_Chlorophyll_A_001_phosphate_plate4.tif,1,1104.000,1104,1104
12323,G3_01_1_1_Chlorophyll_A_001_phosphate_plate4.tif,1,1056.000,1056,1056
12324,G3_01_1_1_Chlorophyll_A_001_phosphate_plate4.tif,195,2300.964,944,20016
12325,G3_01_1_1_Chlorophyll_A_001_phosphate_plate4.tif,55,1054.836,944,1440
12326,G3_01_1_1_Chlorophyll_A_001_phosphate_plate4.tif,53,1064.755,944,1552
12327,G3_01_1_1_Chlorophyll_A_001_phosphate_plate4.tif,8,994.000,944,1104
12328,G3_01_1_1_Chlorophyll_A_001_phosphate_plate4.tif,1,1056.000,1056,1056
12329,G3_01_1_1_Chlorophyll_A_001_phosphate_plate4.tif,1,960.000,960,960
12330,G3_01_1_1_Chlorophyll_A_001_phosphate_plate4.tif,1,944.000,944,944
12331,G3_01_1_1_Chlorophyll_A_001_phosphate_plate4.tif,1,992.000,992,992
12332,G3_01_1_1_Chlorophyll_A_001_phosphate_plate4.tif,1,992.000,992,992
12333,G3_01_1_1_Chlorophyll_A_001_phosphate_plate4.tif,1,960.000,960,960
12334,G3_01_1_1_Chlorophyll_A_001_phosphate_plate4.tif,1,944.000,944,944
12335,G3_01_1_1_Chlorophyll_A_001_phosphate_plate4.tif,1,960.000,960,960
12336,G3_01_1_1_Chlorophyll_A_001_phosphate_plate4.tif,33,3454.545,960,9472
12337,G3_01_1_1_Chlorophyll_A_001_phosphate_plate4.tif,88,1090.000,944,1344
12338,G3_01_1_1_Chlorophyll_A_001_phosphate_plate4.tif,13,1132.308,944,1424
12339,G3_01_1_1_Chlorophyll_A_001_phosphate_plate4.tif,28,1090.286,944,1360
12340,G3_01_1_1_Chlorophyll_A_001_phosphate_plate4.tif,10,1049.600,960,1152
12341,G3_01_1_1_Chlorophyll_A_001_phosphate_plate4.tif,90,1092.622,944,1392
12342,G3_01_1_1_Chlorophyll_A_001_phosphate_plate4.tif,39,1101.128,944,1488
12343,G3_01_1_1_Chlorophyll_A_001_phosphate_plate4.tif,1,992.000,992,992
12344,G3_01_1_1_Chlorophyll_A_001_phosphate_plate4.tif,2,1000.000,960,1040
12345,G3_01_1_1_Chlorophyll_A_001_phosphate_plate4.tif,1,976.000,976,976
12346,G3_01_1_1_Chlorophyll_A_001_phosphate_plate4.tif,1,1152.000,1152,1152
12347,G3_01_1_1_Chlorophyll_A_001_phosphate_plate4.tif,3,1120.000,1056,1232
12348,G3_01_1_1_Chlorophyll_A_001_phosphate_plate4.tif,6,1085.333,944,1296
12349,G3_01_1_1_Chlorophyll_A_001_phosphate_plate4.tif,2,960.000,944,976
12350,G3_01_1_1_Chlorophyll_A_001_phosphate_plate4.tif,2,976.000,960,992
12351,G3_01_1_1_Chlorophyll_A_001_phosphate_plate4.tif,1,1088.000,1088,1088
12352,G3_01_1_1_Chlorophyll_A_001_phosphate_plate4.tif,1,1072.000,1072,1072
12353,G3_01_1_1_Chlorophyll_A_001_phosphate_plate4.tif,2,1040.000,992,1088
12354,G3_01_1_1_Chlorophyll_A_001_phosphate_plate4.tif,1,1168.000,1168,1168
12355,G3_01_1_1_Chlorophyll_A_001_phosphate_plate4.tif,1,944.000,944,944
12356,G3_01_1_1_Chlorophyll_A_001_phosphate_plate4.tif,2,984.000,976,992
12357,G3_01_1_1_Chlorophyll_A_001_phosphate_plate4.tif,1,944.000,944,944
12358,G3_01_1_1_Chlorophyll_A_001_phosphate_plate4.tif,1,976.000,976,976
12359,G3_01_1_1_Chlorophyll_A_001_phosphate_plate4.tif,1,1008.000,1008,1008
12360,G3_01_1_1_Chlorophyll_A_001_phosphate_plate4.tif,1,960.000,960,960
12361,G3_01_1_1_Chlorophyll_A_001_phosphate_plate4.tif,1,1008.000,1008,1008
12362,G3_01_1_1_Chlorophyll_A_001_phosphate_plate4.tif,53,1096.151,944,1344
12363,G3_01_1_1_Chlorophyll_A_001_phosphate_plate4.tif,47,1072.340,944,1392
12364,G3_01_1_1_Chlorophyll_A_001_phosphate_plate4.tif,14,1120.000,976,1328
12365,G3_01_1_1_Chlorophyll_A_001_phosphate_plate4.tif,11,1040.000,944,1232
12366,G3_01_1_1_Chlorophyll_A_001_phosphate_plate4.tif,3,976.000,960,992
12367,G3_01_1_1_Chlorophyll_A_001_phosphate_plate4.tif,1,976.000,976,976
12368,G3_01_1_1_Chlorophyll_A_001_phosphate_plate4.tif,1,992.000,992,992
12369,G3_01_1_1_Chlorophyll_A_001_phosphate_plate4.tif,2,976.000,960,992
12370,G3_01_1_1_Chlorophyll_A_001_phosphate_plate4.tif,1,944.000,944,944
12371,G3_01_1_1_Chlorophyll_A_001_phosphate_plate4.tif,1,1008.000,1008,1008
12372,G3_01_1_1_Chlorophyll_A_001_phosphate_plate4.tif,3,992.000,960,1040
12373,G3_01_1_1_Chlorophyll_A_001_phosphate_plate4.tif,1,1072.000,1072,1072
12374,G3_01_1_1_Chlorophyll_A_001_phosphate_plate4.tif,2,944.000,944,944
12375,G3_01_1_1_Chlorophyll_A_001_phosphate_plate4.tif,1,1008.000,1008,1008
12376,G3_01_1_1_Chlorophyll_A_001_phosphate_plate4.tif,1,976.000,976,976
12377,G3_01_1_1_Chlorophyll_A_001_phosphate_plate4.tif,1,960.000,960,960
12378,G3_01_1_1_Chlorophyll_A_001_phosphate_plate4.tif,1,960.000,960,960
12379,G3_01_1_1_Chlorophyll_A_001_phosphate_plate4.tif,1,944.000,944,944
12380,G3_01_1_1_Chlorophyll_A_001_phosphate_plate4.tif,1,976.000,976,976
12381,G3_01_1_1_Chlorophyll_A_001_phosphate_plate4.tif,1,1008.000,1008,1008
12382,G3_01_1_1_Chlorophyll_A_001_phosphate_plate4.tif,2,968.000,944,992
12383,G3_01_1_1_Chlorophyll_A_001_phosphate_plate4.tif,2,952.000,944,960
12384,G3_01_1_1_Chlorophyll_A_001_phosphate_plate4.tif,1,976.000,976,976
12385,G3_01_1_1_Chlorophyll_A_001_phosphate_plate4.tif,19,1088.000,960,1392
12386,G3_01_1_1_Chlorophyll_A_001_phosphate_plate4.tif,40,1091.600,944,1424
12387,G3_01_1_1_Chlorophyll_A_001_phosphate_plate4.tif,7,1042.286,944,1104
12388,G3_01_1_1_Chlorophyll_A_001_phosphate_plate4.tif,1,1072.000,1072,1072
12389,G3_01_1_1_Chlorophyll_A_001_phosphate_plate4.tif,1,944.000,944,944
12390,G3_01_1_1_Chlorophyll_A_001_phosphate_plate4.tif,1,944.000,944,944
12391,G3_01_1_1_Chlorophyll_A_001_phosphate_plate4.tif,1,992.000,992,992
12392,G3_01_1_1_Chlorophyll_A_001_phosphate_plate4.tif,1,944.000,944,944
12393,G3_01_1_1_Chlorophyll_A_001_phosphate_plate4.tif,1,1040.000,1040,1040
12394,G3_01_1_1_Chlorophyll_A_001_phosphate_plate4.tif,4,1004.000,944,1152
12395,G3_01_1_1_Chlorophyll_A_001_phosphate_plate4.tif,48,3258.667,944,12672
12396,G3_01_1_1_Chlorophyll_A_001_phosphate_plate4.tif,128,5713.250,944,39936
12397,G3_01_1_1_Chlorophyll_A_001_phosphate_plate4.tif,35,1100.800,944,1472
12398,G3_01_1_1_Chlorophyll_A_001_phosphate_plate4.tif,65,1067.323,944,1376
12399,G3_01_1_1_Chlorophyll_A_001_phosphate_plate4.tif,1,1040.000,1040,1040
12400,G3_01_1_1_Chlorophyll_A_001_phosphate_plate4.tif,6,992.000,944,1136
12401,G3_01_1_1_Chlorophyll_A_001_phosphate_plate4.tif,1,1136.000,1136,1136
12402,G3_01_1_1_Chlorophyll_A_001_phosphate_plate4.tif,2,984.000,960,1008
12403,G3_01_1_1_Chlorophyll_A_001_phosphate_plate4.tif,3,1018.667,960,1072
12404,G3_01_1_1_Chlorophyll_A_001_phosphate_plate4.tif,2,1000.000,944,1056
12405,G3_01_1_1_Chlorophyll_A_001_phosphate_plate4.tif,1,1056.000,1056,1056
12406,G3_01_1_1_Chlorophyll_A_001_phosphate_plate4.tif,1,1040.000,1040,1040
12407,G3_01_1_1_Chlorophyll_A_001_phosphate_plate4.tif,1,1232.000,1232,1232
12408,G3_01_1_1_Chlorophyll_A_001_phosphate_plate4.tif,1,1040.000,1040,1040
12409,G3_01_1_1_Chlorophyll_A_001_phosphate_plate4.tif,1,976.000,976,976
12410,G3_01_1_1_Chlorophyll_A_001_phosphate_plate4.tif,1,944.000,944,944
12411,G3_01_1_1_Chlorophyll_A_001_phosphate_plate4.tif,1,944.000,944,944
12412,G3_01_1_1_Chlorophyll_A_001_phosphate_plate4.tif,3,1002.667,960,1072
12413,G3_01_1_1_Chlorophyll_A_001_phosphate_plate4.tif,1,960.000,960,960
12414,G3_01_1_1_Chlorophyll_A_001_phosphate_plate4.tif,1,976.000,976,976
12415,G3_01_1_1_Chlorophyll_A_001_phosphate_plate4.tif,1,1200.000,1200,1200
12416,G3_01_1_1_Chlorophyll_A_001_phosphate_plate4.tif,1,992.000,992,992
12417,G3_01_1_1_Chlorophyll_A_001_phosphate_plate4.tif,1,960.000,960,960
12418,G3_01_1_1_Chlorophyll_A_001_phosphate_plate4.tif,133,5512.902,944,33376
12419,G3_01_1_1_Chlorophyll_A_001_phosphate_plate4.tif,30,1061.867,944,1264
12420,G3_01_1_1_Chlorophyll_A_001_phosphate_plate4.tif,20,1080.800,944,1360
12421,G3_01_1_1_Chlorophyll_A_001_phosphate_plate4.tif,21,1052.190,944,1296
12422,G3_01_1_1_Chlorophyll_A_001_phosphate_plate4.tif,2,1048.000,1040,1056
12423,G3_01_1_1_Chlorophyll_A_001_phosphate_plate4.tif,5,985.600,944,1088
12424,G3_01_1_1_Chlorophyll_A_001_phosphate_plate4.tif,12,1021.333,944,1136
12425,G3_01_1_1_Chlorophyll_A_001_phosphate_plate4.tif,1,976.000,976,976
12426,G3_01_1_1_Chlorophyll_A_001_phosphate_plate4.tif,1,944.000,944,944
12427,G3_01_1_1_Chlorophyll_A_001_phosphate_plate4.tif,1,1120.000,1120,1120
12428,G3_01_1_1_Chlorophyll_A_001_phosphate_plate4.tif,4,1012.000,944,1136
12429,G3_01_1_1_Chlorophyll_A_001_phosphate_plate4.tif,2,952.000,944,960
12430,G3_01_1_1_Chlorophyll_A_001_phosphate_plate4.tif,1,1072.000,1072,1072
12431,G3_01_1_1_Chlorophyll_A_001_phosphate_plate4.tif,3,1024.000,944,1152
12432,G3_01_1_1_Chlorophyll_A_001_phosphate_plate4.tif,1,992.000,992,992
12433,G3_01_1_1_Chlorophyll_A_001_phosphate_plate4.tif,1,1056.000,1056,1056
12434,G3_01_1_1_Chlorophyll_A_001_phosphate_plate4.tif,1,992.000,992,992
12435,G3_01_1_1_Chlorophyll_A_001_phosphate_plate4.tif,4,980.000,944,1040
12436,G3_01_1_1_Chlorophyll_A_001_phosphate_plate4.tif,363,4637.223,944,39600
12437,G3_01_1_1_Chlorophyll_A_001_phosphate_plate4.tif,1,960.000,960,960
12438,G3_01_1_1_Chlorophyll_A_001_phosphate_plate4.tif,1,944.000,944,944
12439,G3_01_1_1_Chlorophyll_A_001_phosphate_plate4.tif,1,992.000,992,992
12440,G3_01_1_1_Chlorophyll_A_001_phosphate_plate4.tif,1,1008.000,1008,1008
12441,G3_01_1_1_Chlorophyll_A_001_phosphate_plate4.tif,24,1071.333,944,1408
12442,G3_01_1_1_Chlorophyll_A_001_phosphate_plate4.tif,12,1008.000,944,1152
12443,G3_01_1_1_Chlorophyll_A_001_phosphate_plate4.tif,17,1071.059,944,1392
12444,G3_01_1_1_Chlorophyll_A_001_phosphate_plate4.tif,4,1016.000,976,1072
12445,G3_01_1_1_Chlorophyll_A_001_phosphate_plate4.tif,1,1040.000,1040,1040
12446,G3_01_1_1_Chlorophyll_A_001_phosphate_plate4.tif,1,1120.000,1120,1120
12447,G3_01_1_1_Chlorophyll_A_001_phosphate_plate4.tif,4,1020.000,1008,1040
12448,G3_01_1_1_Chlorophyll_A_001_phosphate_plate4.tif,2,1096.000,1024,1168
12449,G3_01_1_1_Chlorophyll_A_001_phosphate_plate4.tif,1,960.000,960,960
12450,G3_01_1_1_Chlorophyll_A_001_phosphate_plate4.tif,2,1056.000,1056,1056
12451,G3_01_1_1_Chlorophyll_A_001_phosphate_plate4.tif,1,992.000,992,992
12452,G3_01_1_1_Chlorophyll_A_001_phosphate_plate4.tif,1,960.000,960,960
12453,G3_01_1_1_Chlorophyll_A_001_phosphate_plate4.tif,1,992.000,992,992
12454,G3_01_1_1_Chlorophyll_A_001_phosphate_plate4.tif,1,944.000,944,944
12455,G3_01_1_1_Chlorophyll_A_001_phosphate_plate4.tif,1,1200.000,1200,1200
12456,G3_01_1_1_Chlorophyll_A_001_phosphate_plate4.tif,1,944.000,944,944
12457,G3_01_1_1_Chlorophyll_A_001_phosphate_plate4.tif,1,944.000,944,944
12458,G3_01_1_1_Chlorophyll_A_001_phosphate_plate4.tif,1,944.000,944,944
12459,G3_01_1_1_Chlorophyll_A_001_phosphate_plate4.tif,1,944.000,944,944
12460,G3_01_1_1_Chlorophyll_A_001_phosphate_plate4.tif,1,944.000,944,944
12461,G3_01_1_1_Chlorophyll_A_001_phosphate_plate4.tif,20,1060.800,944,1296
12462,G3_01_1_1_Chlorophyll_A_001_phosphate_plate4.tif,31,1138.065,944,1408
12463,G3_01_1_1_Chlorophyll_A_001_phosphate_plate4.tif,36,1067.556,944,1264
12464,G3_01_1_1_Chlorophyll_A_001_phosphate_plate4.tif,13,1044.923,944,1216
12465,G3_01_1_1_Chlorophyll_A_001_phosphate_plate4.tif,1,976.000,976,976
12466,G3_01_1_1_Chlorophyll_A_001_phosphate_plate4.tif,1,1040.000,1040,1040
12467,G3_01_1_1_Chlorophyll_A_001_phosphate_plate4.tif,3,1018.667,1008,1040
12468,G3_01_1_1_Chlorophyll_A_001_phosphate_plate4.tif,2,992.000,944,1040
12469,G3_01_1_1_Chlorophyll_A_001_phosphate_plate4.tif,2,960.000,944,976
12470,G3_01_1_1_Chlorophyll_A_001_phosphate_plate4.tif,1,960.000,960,960
12471,G3_01_1_1_Chlorophyll_A_001_phosphate_plate4.tif,1,944.000,944,944
12472,G3_01_1_1_Chlorophyll_A_001_phosphate_plate4.tif,1,1104.000,1104,1104
12473,G3_01_1_1_Chlorophyll_A_001_phosphate_plate4.tif,58,3403.310,944,17680
12474,G3_01_1_1_Chlorophyll_A_001_phosphate_plate4.tif,1,992.000,992,992
12475,G3_01_1_1_Chlorophyll_A_001_phosphate_plate4.tif,1,976.000,976,976
12476,G3_01_1_1_Chlorophyll_A_001_phosphate_plate4.tif,1,944.000,944,944
12477,G3_01_1_1_Chlorophyll_A_001_phosphate_plate4.tif,108,3636.741,960,24688
12478,G3_01_1_1_Chlorophyll_A_001_phosphate_plate4.tif,36,1122.222,944,1456
12479,G3_01_1_1_Chlorophyll_A_001_phosphate_plate4.tif,31,1076.129,944,1312
12480,G3_01_1_1_Chlorophyll_A_001_phosphate_plate4.tif,1,1008.000,1008,1008
12481,G3_01_1_1_Chlorophyll_A_001_phosphate_plate4.tif,6,1058.667,944,1200
12482,G3_01_1_1_Chlorophyll_A_001_phosphate_plate4.tif,6,1013.333,944,1056
12483,G3_01_1_1_Chlorophyll_A_001_phosphate_plate4.tif,1,976.000,976,976
12484,G3_01_1_1_Chlorophyll_A_001_phosphate_plate4.tif,1,1008.000,1008,1008
12485,G3_01_1_1_Chlorophyll_A_001_phosphate_plate4.tif,1,1008.000,1008,1008
12486,G3_01_1_1_Chlorophyll_A_001_phosphate_plate4.tif,1,1136.000,1136,1136
12487,G3_01_1_1_Chlorophyll_A_001_phosphate_plate4.tif,96,3483.833,944,19536
12488,G3_01_1_1_Chlorophyll_A_001_phosphate_plate4.tif,1,1024.000,1024,1024
12489,G3_01_1_1_Chlorophyll_A_001_phosphate_plate4.tif,1,976.000,976,976
12490,G3_01_1_1_Chlorophyll_A_001_phosphate_plate4.tif,1,1056.000,1056,1056
12491,G3_01_1_1_Chlorophyll_A_001_phosphate_plate4.tif,45,1083.022,944,1472
12492,G3_01_1_1_Chlorophyll_A_001_phosphate_plate4.tif,28,1074.286,960,1312
12493,G3_01_1_1_Chlorophyll_A_001_phosphate_plate4.tif,1,1328.000,1328,1328
12494,G3_01_1_1_Chlorophyll_A_001_phosphate_plate4.tif,4,1048.000,960,1216
12495,G3_01_1_1_Chlorophyll_A_001_phosphate_plate4.tif,2,1032.000,960,1104
12496,G3_01_1_1_Chlorophyll_A_001_phosphate_plate4.tif,1,976.000,976,976
12497,G3_01_1_1_Chlorophyll_A_001_phosphate_plate4.tif,1,992.000,992,992
12498,G3_01_1_1_Chlorophyll_A_001_phosphate_plate4.tif,1,1088.000,1088,1088
12499,G3_01_1_1_Chlorophyll_A_001_phosphate_plate4.tif,1,976.000,976,976
12500,G3_01_1_1_Chlorophyll_A_001_phosphate_plate4.tif,1,944.000,944,944
12501,G3_01_1_1_Chlorophyll_A_001_phosphate_plate4.tif,365,2679.496,944,23024
12502,G3_01_1_1_Chlorophyll_A_001_phosphate_plate4.tif,36,1086.222,944,1376
12503,G3_01_1_1_Chlorophyll_A_001_phosphate_plate4.tif,1,960.000,960,960
12504,G3_01_1_1_Chlorophyll_A_001_phosphate_plate4.tif,1,1088.000,1088,1088
12505,G3_01_1_1_Chlorophyll_A_001_phosphate_plate4.tif,1,1056.000,1056,1056
12506,G3_01_1_1_Chlorophyll_A_001_phosphate_plate4.tif,6,1026.667,944,1152
12507,G3_01_1_1_Chlorophyll_A_001_phosphate_plate4.tif,5,1008.000,944,1072
12508,G3_01_1_1_Chlorophyll_A_001_phosphate_plate4.tif,3,1002.667,944,1056
12509,G3_01_1_1_Chlorophyll_A_001_phosphate_plate4.tif,1,960.000,960,960
12510,G3_01_1_1_Chlorophyll_A_001_phosphate_plate4.tif,2,1040.000,944,1136
12511,G3_01_1_1_Chlorophyll_A_001_phosphate_plate4.tif,3,1013.333,960,1120
12512,G3_01_1_1_Chlorophyll_A_001_phosphate_plate4.tif,1,1088.000,1088,1088
12513,G3_01_1_1_Chlorophyll_A_001_phosphate_plate4.tif,1,1120.000,1120,1120
12514,G3_01_1_1_Chlorophyll_A_001_phosphate_plate4.tif,1,1024.000,1024,1024
12515,G3_01_1_1_Chlorophyll_A_001_phosphate_plate4.tif,1,960.000,960,960
12516,G3_01_1_1_Chlorophyll_A_001_phosphate_plate4.tif,1,1072.000,1072,1072
12517,G3_01_1_1_Chlorophyll_A_001_phosphate_plate4.tif,1,944.000,944,944
12518,G3_01_1_1_Chlorophyll_A_001_phosphate_plate4.tif,1,1008.000,1008,1008
12519,G3_01_1_1_Chlorophyll_A_001_phosphate_plate4.tif,1,944.000,944,944
12520,G3_01_1_1_Chlorophyll_A_001_phosphate_plate4.tif,1,960.000,960,960
12521,G3_01_1_1_Chlorophyll_A_001_phosphate_plate4.tif,1,960.000,960,960
12522,G3_01_1_1_Chlorophyll_A_001_phosphate_plate4.tif,1,960.000,960,960
12523,G3_01_1_1_Chlorophyll_A_001_phosphate_plate4.tif,1,992.000,992,992
12524,G3_01_1_1_Chlorophyll_A_001_phosphate_plate4.tif,54,1085.926,944,1456
12525,G3_01_1_1_Chlorophyll_A_001_phosphate_plate4.tif,261,2963.310,944,23744
12526,G3_01_1_1_Chlorophyll_A_001_phosphate_plate4.tif,1,992.000,992,992
12527,G3_01_1_1_Chlorophyll_A_001_phosphate_plate4.tif,2,1200.000,1136,1264
12528,G3_01_1_1_Chlorophyll_A_001_phosphate_plate4.tif,2,1056.000,1008,1104
12529,G3_01_1_1_Chlorophyll_A_001_phosphate_plate4.tif,1,1072.000,1072,1072
12530,G3_01_1_1_Chlorophyll_A_001_phosphate_plate4.tif,1,1008.000,1008,1008
12531,G3_01_1_1_Chlorophyll_A_001_phosphate_plate4.tif,1,944.000,944,944
12532,G3_01_1_1_Chlorophyll_A_001_phosphate_plate4.tif,1,1040.000,1040,1040
12533,G3_01_1_1_Chlorophyll_A_001_phosphate_plate4.tif,2,976.000,960,992
12534,G3_01_1_1_Chlorophyll_A_001_phosphate_plate4.tif,1,992.000,992,992
12535,G3_01_1_1_Chlorophyll_A_001_phosphate_plate4.tif,2,960.000,944,976
12536,G3_01_1_1_Chlorophyll_A_001_phosphate_plate4.tif,1,992.000,992,992
12537,G3_01_1_1_Chlorophyll_A_001_phosphate_plate4.tif,2,1024.000,992,1056
12538,G3_01_1_1_Chlorophyll_A_001_phosphate_plate4.tif,1,976.000,976,976
12539,G3_01_1_1_Chlorophyll_A_001_phosphate_plate4.tif,2,976.000,944,1008
12540,G3_01_1_1_Chlorophyll_A_001_phosphate_plate4.tif,1,960.000,960,960
12541,G3_01_1_1_Chlorophyll_A_001_phosphate_plate4.tif,38,1113.263,944,1424
12542,G3_01_1_1_Chlorophyll_A_001_phosphate_plate4.tif,45,1100.800,944,1392
12543,G3_01_1_1_Chlorophyll_A_001_phosphate_plate4.tif,214,1054.355,944,1392
12544,G3_01_1_1_Chlorophyll_A_001_phosphate_plate4.tif,2,968.000,960,976
12545,G3_01_1_1_Chlorophyll_A_001_phosphate_plate4.tif,1,960.000,960,960
12546,G3_01_1_1_Chlorophyll_A_001_phosphate_plate4.tif,8,1014.000,976,1120
12547,G3_01_1_1_Chlorophyll_A_001_phosphate_plate4.tif,1,960.000,960,960
12548,G3_01_1_1_Chlorophyll_A_001_phosphate_plate4.tif,2,1008.000,976,1040
12549,G3_01_1_1_Chlorophyll_A_001_phosphate_plate4.tif,1,960.000,960,960
12550,G3_01_1_1_Chlorophyll_A_001_phosphate_plate4.tif,1,992.000,992,992
12551,G3_01_1_1_Chlorophyll_A_001_phosphate_plate4.tif,1,944.000,944,944
12552,G3_01_1_1_Chlorophyll_A_001_phosphate_plate4.tif,1,944.000,944,944
12553,G3_01_1_1_Chlorophyll_A_001_phosphate_plate4.tif,3,960.000,944,976
12554,G3_01_1_1_Chlorophyll_A_001_phosphate_plate4.tif,1,992.000,992,992
12555,G3_01_1_1_Chlorophyll_A_001_phosphate_plate4.tif,1,976.000,976,976
12556,G3_01_1_1_Chlorophyll_A_001_phosphate_plate4.tif,1,992.000,992,992
12557,G3_01_1_1_Chlorophyll_A_001_phosphate_plate4.tif,1,960.000,960,960
12558,G3_01_1_1_Chlorophyll_A_001_phosphate_plate4.tif,84,4299.048,944,25632
12559,G3_01_1_1_Chlorophyll_A_001_phosphate_plate4.tif,1,1120.000,1120,1120
12560,G3_01_1_1_Chlorophyll_A_001_phosphate_plate4.tif,36,1073.778,944,1280
12561,G3_01_1_1_Chlorophyll_A_001_phosphate_plate4.tif,35,1062.857,944,1328
12562,G3_01_1_1_Chlorophyll_A_001_phosphate_plate4.tif,252,1737.206,944,15264
12563,G3_01_1_1_Chlorophyll_A_001_phosphate_plate4.tif,47,1086.979,944,1360
12564,G3_01_1_1_Chlorophyll_A_001_phosphate_plate4.tif,194,2649.649,944,27008
12565,G3_01_1_1_Chlorophyll_A_001_phosphate_plate4.tif,1,1168.000,1168,1168
12566,G3_01_1_1_Chlorophyll_A_001_phosphate_plate4.tif,1,1328.000,1328,1328
12567,G3_01_1_1_Chlorophyll_A_001_phosphate_plate4.tif,7,1078.857,944,1312
12568,G3_01_1_1_Chlorophyll_A_001_phosphate_plate4.tif,2,1064.000,944,1184
12569,G3_01_1_1_Chlorophyll_A_001_phosphate_plate4.tif,1,1008.000,1008,1008
12570,G3_01_1_1_Chlorophyll_A_001_phosphate_plate4.tif,4,988.000,944,1024
12571,G3_01_1_1_Chlorophyll_A_001_phosphate_plate4.tif,1,1152.000,1152,1152
12572,G3_01_1_1_Chlorophyll_A_001_phosphate_plate4.tif,3,992.000,960,1056
12573,G3_01_1_1_Chlorophyll_A_001_phosphate_plate4.tif,1,1024.000,1024,1024
12574,G3_01_1_1_Chlorophyll_A_001_phosphate_plate4.tif,1,944.000,944,944
12575,G3_01_1_1_Chlorophyll_A_001_phosphate_plate4.tif,1,960.000,960,960
12576,G3_01_1_1_Chlorophyll_A_001_phosphate_plate4.tif,1,1024.000,1024,1024
12577,G3_01_1_1_Chlorophyll_A_001_phosphate_plate4.tif,1,944.000,944,944
12578,G3_01_1_1_Chlorophyll_A_001_phosphate_plate4.tif,1,944.000,944,944
12579,G3_01_1_1_Chlorophyll_A_001_phosphate_plate4.tif,1,960.000,960,960
12580,G3_01_1_1_Chlorophyll_A_001_phosphate_plate4.tif,81,3425.185,944,17424
12581,G3_01_1_1_Chlorophyll_A_001_phosphate_plate4.tif,2,960.000,944,976
12582,G3_01_1_1_Chlorophyll_A_001_phosphate_plate4.tif,74,4612.108,944,25712
12583,G3_01_1_1_Chlorophyll_A_001_phosphate_plate4.tif,103,4437.903,944,32192
12584,G3_01_1_1_Chlorophyll_A_001_phosphate_plate4.tif,31,1142.194,944,1488
12585,G3_01_1_1_Chlorophyll_A_001_phosphate_plate4.tif,23,1056.696,944,1296
12586,G3_01_1_1_Chlorophyll_A_001_phosphate_plate4.tif,1,1024.000,1024,1024
12587,G3_01_1_1_Chlorophyll_A_001_phosphate_plate4.tif,5,979.200,944,1056
12588,G3_01_1_1_Chlorophyll_A_001_phosphate_plate4.tif,1,960.000,960,960
12589,G3_01_1_1_Chlorophyll_A_001_phosphate_plate4.tif,1,960.000,960,960
12590,G3_01_1_1_Chlorophyll_A_001_phosphate_plate4.tif,1,992.000,992,992
12591,G3_01_1_1_Chlorophyll_A_001_phosphate_plate4.tif,1,976.000,976,976
12592,G3_01_1_1_Chlorophyll_A_001_phosphate_plate4.tif,1,944.000,944,944
12593,G3_01_1_1_Chlorophyll_A_001_phosphate_plate4.tif,1,944.000,944,944
12594,G3_01_1_1_Chlorophyll_A_001_phosphate_plate4.tif,37,1044.757,944,1296
12595,G3_01_1_1_Chlorophyll_A_001_phosphate_plate4.tif,1,1040.000,1040,1040
12596,G3_01_1_1_Chlorophyll_A_001_phosphate_plate4.tif,2,968.000,960,976
12597,G3_01_1_1_Chlorophyll_A_001_phosphate_plate4.tif,1,1040.000,1040,1040
12598,G3_01_1_1_Chlorophyll_A_001_phosphate_plate4.tif,5,1081.600,944,1232
12599,G3_01_1_1_Chlorophyll_A_001_phosphate_plate4.tif,168,2185.333,944,15216
12600,G3_01_1_1_Chlorophyll_A_001_phosphate_plate4.tif,3,970.667,960,976
12601,G3_01_1_1_Chlorophyll_A_001_phosphate_plate4.tif,2,1000.000,960,1040
12602,G3_01_1_1_Chlorophyll_A_001_phosphate_plate4.tif,2,944.000,944,944
12603,G3_01_1_1_Chlorophyll_A_001_phosphate_plate4.tif,2,984.000,944,1024
12604,G3_01_1_1_Chlorophyll_A_001_phosphate_plate4.tif,1,944.000,944,944
12605,G3_01_1_1_Chlorophyll_A_001_phosphate_plate4.tif,1,944.000,944,944
12606,G3_01_1_1_Chlorophyll_A_001_phosphate_plate4.tif,2,976.000,960,992
12607,G3_01_1_1_Chlorophyll_A_001_phosphate_plate4.tif,1,960.000,960,960
12608,G3_01_1_1_Chlorophyll_A_001_phosphate_plate4.tif,1,944.000,944,944
12609,G3_01_1_1_Chlorophyll_A_001_phosphate_plate4.tif,1,1040.000,1040,1040
12610,G3_01_1_1_Chlorophyll_A_001_phosphate_plate4.tif,1,1040.000,1040,1040
12611,G3_01_1_1_Chlorophyll_A_001_phosphate_plate4.tif,1,1024.000,1024,1024
12612,G3_01_1_1_Chlorophyll_A_001_phosphate_plate4.tif,1,992.000,992,992
12613,G3_01_1_1_Chlorophyll_A_001_phosphate_plate4.tif,54,1069.333,944,1296
12614,G3_01_1_1_Chlorophyll_A_001_phosphate_plate4.tif,1,1040.000,1040,1040
12615,G3_01_1_1_Chlorophyll_A_001_phosphate_plate4.tif,4,984.000,960,1008
12616,G3_01_1_1_Chlorophyll_A_001_phosphate_plate4.tif,3,960.000,960,960
12617,G3_01_1_1_Chlorophyll_A_001_phosphate_plate4.tif,1,1040.000,1040,1040
12618,G3_01_1_1_Chlorophyll_A_001_phosphate_plate4.tif,2,960.000,944,976
12619,G3_01_1_1_Chlorophyll_A_001_phosphate_plate4.tif,1,1056.000,1056,1056
12620,G3_01_1_1_Chlorophyll_A_001_phosphate_plate4.tif,4,984.000,976,1008
12621,G3_01_1_1_Chlorophyll_A_001_phosphate_plate4.tif,1,976.000,976,976
12622,G3_01_1_1_Chlorophyll_A_001_phosphate_plate4.tif,1,1040.000,1040,1040
12623,G3_01_1_1_Chlorophyll_A_001_phosphate_plate4.tif,1,1008.000,1008,1008
12624,G3_01_1_1_Chlorophyll_A_001_phosphate_plate4.tif,1,944.000,944,944
12625,G3_01_1_1_Chlorophyll_A_001_phosphate_plate4.tif,1,944.000,944,944
12626,G3_01_1_1_Chlorophyll_A_001_phosphate_plate4.tif,1,1056.000,1056,1056
12627,G3_01_1_1_Chlorophyll_A_001_phosphate_plate4.tif,1,1120.000,1120,1120
12628,G3_01_1_1_Chlorophyll_A_001_phosphate_plate4.tif,1,1040.000,1040,1040
12629,G3_01_1_1_Chlorophyll_A_001_phosphate_plate4.tif,1,960.000,960,960
12630,G3_01_1_1_Chlorophyll_A_001_phosphate_plate4.tif,102,5701.647,944,36176
12631,G3_01_1_1_Chlorophyll_A_001_phosphate_plate4.tif,18,1088.889,976,1328
12632,G3_01_1_1_Chlorophyll_A_001_phosphate_plate4.tif,2,1136.000,1120,1152
12633,G3_01_1_1_Chlorophyll_A_001_phosphate_plate4.tif,3,960.000,944,976
12634,G3_01_1_1_Chlorophyll_A_001_phosphate_plate4.tif,2,968.000,944,992
12635,G3_01_1_1_Chlorophyll_A_001_phosphate_plate4.tif,1,944.000,944,944
12636,G3_01_1_1_Chlorophyll_A_001_phosphate_plate4.tif,1,1040.000,1040,1040
12637,G3_01_1_1_Chlorophyll_A_001_phosphate_plate4.tif,1,992.000,992,992
12638,G3_01_1_1_Chlorophyll_A_001_phosphate_plate4.tif,1,960.000,960,960
12639,G3_01_1_1_Chlorophyll_A_001_phosphate_plate4.tif,1,1024.000,1024,1024
12640,G3_01_1_1_Chlorophyll_A_001_phosphate_plate4.tif,1,1008.000,1008,1008
12641,G3_01_1_1_Chlorophyll_A_001_phosphate_plate4.tif,50,1095.680,944,1456
12642,G3_01_1_1_Chlorophyll_A_001_phosphate_plate4.tif,1,1184.000,1184,1184
12643,G3_01_1_1_Chlorophyll_A_001_phosphate_plate4.tif,1,1072.000,1072,1072
12644,G3_01_1_1_Chlorophyll_A_001_phosphate_plate4.tif,2,1032.000,960,1104
12645,G3_01_1_1_Chlorophyll_A_001_phosphate_plate4.tif,2,1032.000,976,1088
12646,G3_01_1_1_Chlorophyll_A_001_phosphate_plate4.tif,2,976.000,960,992
12647,G3_01_1_1_Chlorophyll_A_001_phosphate_plate4.tif,6,1016.000,944,1088
12648,G3_01_1_1_Chlorophyll_A_001_phosphate_plate4.tif,1,976.000,976,976
12649,G3_01_1_1_Chlorophyll_A_001_phosphate_plate4.tif,3,949.333,944,960
12650,G3_01_1_1_Chlorophyll_A_001_phosphate_plate4.tif,1,944.000,944,944
12651,G3_01_1_1_Chlorophyll_A_001_phosphate_plate4.tif,5,988.800,944,1040
12652,G3_01_1_1_Chlorophyll_A_001_phosphate_plate4.tif,1,976.000,976,976
12653,G3_01_1_1_Chlorophyll_A_001_phosphate_plate4.tif,1,1040.000,1040,1040
12654,G3_01_1_1_Chlorophyll_A_001_phosphate_plate4.tif,1,944.000,944,944
12655,G3_01_1_1_Chlorophyll_A_001_phosphate_plate4.tif,1,1008.000,1008,1008
12656,G3_01_1_1_Chlorophyll_A_001_phosphate_plate4.tif,29,1123.310,944,1344
12657,G3_01_1_1_Chlorophyll_A_001_phosphate_plate4.tif,78,1078.564,944,1344
12658,G3_01_1_1_Chlorophyll_A_001_phosphate_plate4.tif,92,1086.435,944,1344
12659,G3_01_1_1_Chlorophyll_A_001_phosphate_plate4.tif,26,1073.846,960,1296
12660,G3_01_1_1_Chlorophyll_A_001_phosphate_plate4.tif,3,1040.000,1008,1056
12661,G3_01_1_1_Chlorophyll_A_001_phosphate_plate4.tif,28,1005.714,944,1152
12662,G3_01_1_1_Chlorophyll_A_001_phosphate_plate4.tif,4,1020.000,960,1104
12663,G3_01_1_1_Chlorophyll_A_001_phosphate_plate4.tif,3,981.333,976,992
12664,G3_01_1_1_Chlorophyll_A_001_phosphate_plate4.tif,3,970.667,944,1008
12665,G3_01_1_1_Chlorophyll_A_001_phosphate_plate4.tif,4,1004.000,976,1056
12666,G3_01_1_1_Chlorophyll_A_001_phosphate_plate4.tif,1,976.000,976,976
12667,G3_01_1_1_Chlorophyll_A_001_phosphate_plate4.tif,1,944.000,944,944
12668,G3_01_1_1_Chlorophyll_A_001_phosphate_plate4.tif,1,944.000,944,944
12669,G3_01_1_1_Chlorophyll_A_001_phosphate_plate4.tif,1,1136.000,1136,1136
12670,G3_01_1_1_Chlorophyll_A_001_phosphate_plate4.tif,1,960.000,960,960
12671,G3_01_1_1_Chlorophyll_A_001_phosphate_plate4.tif,1,1008.000,1008,1008
12672,G3_01_1_1_Chlorophyll_A_001_phosphate_plate4.tif,1,960.000,960,960
12673,G3_01_1_1_Chlorophyll_A_001_phosphate_plate4.tif,101,4942.416,944,18256
12674,G3_01_1_1_Chlorophyll_A_001_phosphate_plate4.tif,59,1082.847,944,1312
12675,G3_01_1_1_Chlorophyll_A_001_phosphate_plate4.tif,32,1066.500,944,1296
12676,G3_01_1_1_Chlorophyll_A_001_phosphate_plate4.tif,9,1127.111,944,1440
12677,G3_01_1_1_Chlorophyll_A_001_phosphate_plate4.tif,2,1024.000,976,1072
12678,G3_01_1_1_Chlorophyll_A_001_phosphate_plate4.tif,2,1008.000,992,1024
12679,G3_01_1_1_Chlorophyll_A_001_phosphate_plate4.tif,6,1005.333,960,1104
12680,G3_01_1_1_Chlorophyll_A_001_phosphate_plate4.tif,1,976.000,976,976
12681,G3_01_1_1_Chlorophyll_A_001_phosphate_plate4.tif,1,944.000,944,944
12682,G3_01_1_1_Chlorophyll_A_001_phosphate_plate4.tif,1,1072.000,1072,1072
12683,G3_01_1_1_Chlorophyll_A_001_phosphate_plate4.tif,2,1128.000,1040,1216
12684,G3_01_1_1_Chlorophyll_A_001_phosphate_plate4.tif,5,1004.800,944,1104
12685,G3_01_1_1_Chlorophyll_A_001_phosphate_plate4.tif,1,976.000,976,976
12686,G3_01_1_1_Chlorophyll_A_001_phosphate_plate4.tif,1,1120.000,1120,1120
12687,G3_01_1_1_Chlorophyll_A_001_phosphate_plate4.tif,2,1032.000,1008,1056
12688,G3_01_1_1_Chlorophyll_A_001_phosphate_plate4.tif,99,3171.394,944,23376
12689,G3_01_1_1_Chlorophyll_A_001_phosphate_plate4.tif,1,944.000,944,944
12690,G3_01_1_1_Chlorophyll_A_001_phosphate_plate4.tif,1,944.000,944,944
12691,G3_01_1_1_Chlorophyll_A_001_phosphate_plate4.tif,1,944.000,944,944
12692,G3_01_1_1_Chlorophyll_A_001_phosphate_plate4.tif,74,3837.189,944,17440
12693,G3_01_1_1_Chlorophyll_A_001_phosphate_plate4.tif,21,1068.190,944,1360
12694,G3_01_1_1_Chlorophyll_A_001_phosphate_plate4.tif,59,1077.424,944,1296
12695,G3_01_1_1_Chlorophyll_A_001_phosphate_plate4.tif,15,1052.800,944,1184
12696,G3_01_1_1_Chlorophyll_A_001_phosphate_plate4.tif,104,1035.385,944,1264
12697,G3_01_1_1_Chlorophyll_A_001_phosphate_plate4.tif,1,1040.000,1040,1040
12698,G3_01_1_1_Chlorophyll_A_001_phosphate_plate4.tif,4,984.000,944,1008
12699,G3_01_1_1_Chlorophyll_A_001_phosphate_plate4.tif,2,976.000,960,992
12700,G3_01_1_1_Chlorophyll_A_001_phosphate_plate4.tif,1,960.000,960,960
12701,G3_01_1_1_Chlorophyll_A_001_phosphate_plate4.tif,1,976.000,976,976
12702,G3_01_1_1_Chlorophyll_A_001_phosphate_plate4.tif,100,3389.120,944,21648
12703,G3_01_1_1_Chlorophyll_A_001_phosphate_plate4.tif,1,944.000,944,944
12704,G3_01_1_1_Chlorophyll_A_001_phosphate_plate4.tif,1,944.000,944,944
12705,G3_01_1_1_Chlorophyll_A_001_phosphate_plate4.tif,1,960.000,960,960
12706,G3_01_1_1_Chlorophyll_A_001_phosphate_plate4.tif,1,992.000,992,992
12707,G3_01_1_1_Chlorophyll_A_001_phosphate_plate4.tif,1,944.000,944,944
12708,G3_01_1_1_Chlorophyll_A_001_phosphate_plate4.tif,1,976.000,976,976
12709,G3_01_1_1_Chlorophyll_A_001_phosphate_plate4.tif,21,1124.571,960,1344
12710,G3_01_1_1_Chlorophyll_A_001_phosphate_plate4.tif,1,992.000,992,992
12711,G3_01_1_1_Chlorophyll_A_001_phosphate_plate4.tif,3,1072.000,944,1312
12712,G3_01_1_1_Chlorophyll_A_001_phosphate_plate4.tif,1,976.000,976,976
12713,G3_01_1_1_Chlorophyll_A_001_phosphate_plate4.tif,1,944.000,944,944
12714,G3_01_1_1_Chlorophyll_A_001_phosphate_plate4.tif,2,1008.000,944,1072
12715,G3_01_1_1_Chlorophyll_A_001_phosphate_plate4.tif,1,944.000,944,944
12716,G3_01_1_1_Chlorophyll_A_001_phosphate_plate4.tif,1,960.000,960,960
12717,G3_01_1_1_Chlorophyll_A_001_phosphate_plate4.tif,1,944.000,944,944
12718,G3_01_1_1_Chlorophyll_A_001_phosphate_plate4.tif,3,1024.000,976,1088
12719,G3_01_1_1_Chlorophyll_A_001_phosphate_plate4.tif,1,944.000,944,944
12720,G3_01_1_1_Chlorophyll_A_001_phosphate_plate4.tif,16,1080.000,960,1344
12721,G3_01_1_1_Chlorophyll_A_001_phosphate_plate4.tif,5,995.200,944,1056
12722,G3_01_1_1_Chlorophyll_A_001_phosphate_plate4.tif,2,976.000,960,992
12723,G3_01_1_1_Chlorophyll_A_001_phosphate_plate4.tif,4,1040.000,960,1184
12724,G3_01_1_1_Chlorophyll_A_001_phosphate_plate4.tif,6,997.333,960,1040
12725,G3_01_1_1_Chlorophyll_A_001_phosphate_plate4.tif,3,970.667,944,1024
12726,G3_01_1_1_Chlorophyll_A_001_phosphate_plate4.tif,1,976.000,976,976
12727,G3_01_1_1_Chlorophyll_A_001_phosphate_plate4.tif,87,3647.632,944,17328
12728,G3_01_1_1_Chlorophyll_A_001_phosphate_plate4.tif,1,944.000,944,944
12729,G3_01_1_1_Chlorophyll_A_001_phosphate_plate4.tif,1,960.000,960,960
12730,G3_01_1_1_Chlorophyll_A_001_phosphate_plate4.tif,1,1024.000,1024,1024
12731,G3_01_1_1_Chlorophyll_A_001_phosphate_plate4.tif,8,1092.000,976,1264
12732,G3_01_1_1_Chlorophyll_A_001_phosphate_plate4.tif,35,1111.771,944,1296
12733,G3_01_1_1_Chlorophyll_A_001_phosphate_plate4.tif,1,1024.000,1024,1024
12734,G3_01_1_1_Chlorophyll_A_001_phosphate_plate4.tif,14,1041.143,944,1216
12735,G3_01_1_1_Chlorophyll_A_001_phosphate_plate4.tif,1,1152.000,1152,1152
12736,G3_01_1_1_Chlorophyll_A_001_phosphate_plate4.tif,1,944.000,944,944
12737,G3_01_1_1_Chlorophyll_A_001_phosphate_plate4.tif,1,1008.000,1008,1008
12738,G3_01_1_1_Chlorophyll_A_001_phosphate_plate4.tif,1,1008.000,1008,1008
12739,G3_01_1_1_Chlorophyll_A_001_phosphate_plate4.tif,1,992.000,992,992
12740,G3_01_1_1_Chlorophyll_A_001_phosphate_plate4.tif,1,944.000,944,944
12741,G3_01_1_1_Chlorophyll_A_001_phosphate_plate4.tif,1,960.000,960,960
12742,G3_01_1_1_Chlorophyll_A_001_phosphate_plate4.tif,50,1092.480,960,1440
12743,G3_01_1_1_Chlorophyll_A_001_phosphate_plate4.tif,16,1175.000,1024,1440
12744,G3_01_1_1_Chlorophyll_A_001_phosphate_plate4.tif,35,1088.000,944,1328
12745,G3_01_1_1_Chlorophyll_A_001_phosphate_plate4.tif,27,1103.407,944,1424
12746,G3_01_1_1_Chlorophyll_A_001_phosphate_plate4.tif,2,968.000,960,976
12747,G3_01_1_1_Chlorophyll_A_001_phosphate_plate4.tif,6,1018.667,992,1088
12748,G3_01_1_1_Chlorophyll_A_001_phosphate_plate4.tif,1,992.000,992,992
12749,G3_01_1_1_Chlorophyll_A_001_phosphate_plate4.tif,2,1016.000,992,1040
12750,G3_01_1_1_Chlorophyll_A_001_phosphate_plate4.tif,1,944.000,944,944
12751,G3_01_1_1_Chlorophyll_A_001_phosphate_plate4.tif,1,944.000,944,944
12752,G3_01_1_1_Chlorophyll_A_001_phosphate_plate4.tif,2,952.000,944,960
12753,G3_01_1_1_Chlorophyll_A_001_phosphate_plate4.tif,1,1024.000,1024,1024
12754,G3_01_1_1_Chlorophyll_A_001_phosphate_plate4.tif,5,1043.200,1008,1168
12755,G3_01_1_1_Chlorophyll_A_001_phosphate_plate4.tif,1,944.000,944,944
12756,G3_01_1_1_Chlorophyll_A_001_phosphate_plate4.tif,1,960.000,960,960
12757,G3_01_1_1_Chlorophyll_A_001_phosphate_plate4.tif,23,1097.739,960,1344
12758,G3_01_1_1_Chlorophyll_A_001_phosphate_plate4.tif,11,1066.182,960,1216
12759,G3_01_1_1_Chlorophyll_A_001_phosphate_plate4.tif,26,1113.231,944,1408
12760,G3_01_1_1_Chlorophyll_A_001_phosphate_plate4.tif,6,1042.667,960,1184
12761,G3_01_1_1_Chlorophyll_A_001_phosphate_plate4.tif,7,1030.857,960,1088
12762,G3_01_1_1_Chlorophyll_A_001_phosphate_plate4.tif,1,992.000,992,992
12763,G3_01_1_1_Chlorophyll_A_001_phosphate_plate4.tif,1,1072.000,1072,1072
12764,G3_01_1_1_Chlorophyll_A_001_phosphate_plate4.tif,1,1008.000,1008,1008
12765,G3_01_1_1_Chlorophyll_A_001_phosphate_plate4.tif,1,1056.000,1056,1056
12766,G3_01_1_1_Chlorophyll_A_001_phosphate_plate4.tif,1,1072.000,1072,1072
12767,G3_01_1_1_Chlorophyll_A_001_phosphate_plate4.tif,1,960.000,960,960
12768,G3_01_1_1_Chlorophyll_A_001_phosphate_plate4.tif,1,960.000,960,960
12769,G3_01_1_1_Chlorophyll_A_001_phosphate_plate4.tif,53,1083.170,944,1408
12770,G3_01_1_1_Chlorophyll_A_001_phosphate_plate4.tif,1,1120.000,1120,1120
12771,G3_01_1_1_Chlorophyll_A_001_phosphate_plate4.tif,2,1016.000,1008,1024
12772,G3_01_1_1_Chlorophyll_A_001_phosphate_plate4.tif,1,944.000,944,944
12773,G3_01_1_1_Chlorophyll_A_001_phosphate_plate4.tif,1,1024.000,1024,1024
12774,G3_01_1_1_Chlorophyll_A_001_phosphate_plate4.tif,1,960.000,960,960
12775,G3_01_1_1_Chlorophyll_A_001_phosphate_plate4.tif,1,1024.000,1024,1024
12776,G3_01_1_1_Chlorophyll_A_001_phosphate_plate4.tif,1,944.000,944,944
12777,G3_01_1_1_Chlorophyll_A_001_phosphate_plate4.tif,129,5600.248,944,30016
12778,G3_01_1_1_Chlorophyll_A_001_phosphate_plate4.tif,1,976.000,976,976
12779,G3_01_1_1_Chlorophyll_A_001_phosphate_plate4.tif,18,1055.111,944,1232
12780,G3_01_1_1_Chlorophyll_A_001_phosphate_plate4.tif,11,1060.364,944,1296
12781,G3_01_1_1_Chlorophyll_A_001_phosphate_plate4.tif,28,1098.857,944,1360
12782,G3_01_1_1_Chlorophyll_A_001_phosphate_plate4.tif,56,1082.286,944,1392
12783,G3_01_1_1_Chlorophyll_A_001_phosphate_plate4.tif,3,976.000,944,992
12784,G3_01_1_1_Chlorophyll_A_001_phosphate_plate4.tif,1,1024.000,1024,1024
12785,G3_01_1_1_Chlorophyll_A_001_phosphate_plate4.tif,1,1072.000,1072,1072
12786,G3_01_1_1_Chlorophyll_A_001_phosphate_plate4.tif,2,968.000,944,992
12787,G3_01_1_1_Chlorophyll_A_001_phosphate_plate4.tif,5,1056.000,944,1136
12788,G3_01_1_1_Chlorophyll_A_001_phosphate_plate4.tif,1,992.000,992,992
12789,G3_01_1_1_Chlorophyll_A_001_phosphate_plate4.tif,1,1024.000,1024,1024
12790,G3_01_1_1_Chlorophyll_A_001_phosphate_plate4.tif,1,944.000,944,944
12791,G3_01_1_1_Chlorophyll_A_001_phosphate_plate4.tif,90,1094.756,944,1376
12792,G3_01_1_1_Chlorophyll_A_001_phosphate_plate4.tif,43,1100.651,944,1344
12793,G3_01_1_1_Chlorophyll_A_001_phosphate_plate4.tif,33,1119.515,944,1440
12794,G3_01_1_1_Chlorophyll_A_001_phosphate_plate4.tif,1,1040.000,1040,1040
12795,G3_01_1_1_Chlorophyll_A_001_phosphate_plate4.tif,1,1184.000,1184,1184
12796,G3_01_1_1_Chlorophyll_A_001_phosphate_plate4.tif,1,1088.000,1088,1088
12797,G3_01_1_1_Chlorophyll_A_001_phosphate_plate4.tif,1,960.000,960,960
12798,G3_01_1_1_Chlorophyll_A_001_phosphate_plate4.tif,1,1264.000,1264,1264
12799,G3_01_1_1_Chlorophyll_A_001_phosphate_plate4.tif,1,960.000,960,960
12800,G3_01_1_1_Chlorophyll_A_001_phosphate_plate4.tif,1,1056.000,1056,1056
12801,G3_01_1_1_Chlorophyll_A_001_phosphate_plate4.tif,1,960.000,960,960
12802,G3_01_1_1_Chlorophyll_A_001_phosphate_plate4.tif,1,1120.000,1120,1120
12803,G3_01_1_1_Chlorophyll_A_001_phosphate_plate4.tif,1,944.000,944,944
12804,G3_01_1_1_Chlorophyll_A_001_phosphate_plate4.tif,89,3295.820,944,12160
12805,G3_01_1_1_Chlorophyll_A_001_phosphate_plate4.tif,1,976.000,976,976
12806,G3_01_1_1_Chlorophyll_A_001_phosphate_plate4.tif,1,1024.000,1024,1024
12807,G3_01_1_1_Chlorophyll_A_001_phosphate_plate4.tif,1,1136.000,1136,1136
12808,G3_01_1_1_Chlorophyll_A_001_phosphate_plate4.tif,14,1090.286,944,1360
12809,G3_01_1_1_Chlorophyll_A_001_phosphate_plate4.tif,68,1045.176,944,1328
12810,G3_01_1_1_Chlorophyll_A_001_phosphate_plate4.tif,1,960.000,960,960
12811,G3_01_1_1_Chlorophyll_A_001_phosphate_plate4.tif,1,960.000,960,960
12812,G3_01_1_1_Chlorophyll_A_001_phosphate_plate4.tif,1,1040.000,1040,1040
12813,G3_01_1_1_Chlorophyll_A_001_phosphate_plate4.tif,1,944.000,944,944
12814,G3_01_1_1_Chlorophyll_A_001_phosphate_plate4.tif,1,976.000,976,976
12815,G3_01_1_1_Chlorophyll_A_001_phosphate_plate4.tif,2,944.000,944,944
12816,G3_01_1_1_Chlorophyll_A_001_phosphate_plate4.tif,2,944.000,944,944
12817,G3_01_1_1_Chlorophyll_A_001_phosphate_plate4.tif,1,960.000,960,960
12818,G3_01_1_1_Chlorophyll_A_001_phosphate_plate4.tif,1,944.000,944,944
12819,G3_01_1_1_Chlorophyll_A_001_phosphate_plate4.tif,1,944.000,944,944
12820,G3_01_1_1_Chlorophyll_A_001_phosphate_plate4.tif,1,976.000,976,976
12821,G3_01_1_1_Chlorophyll_A_001_phosphate_plate4.tif,1,960.000,960,960
12822,G3_01_1_1_Chlorophyll_A_001_phosphate_plate4.tif,1,976.000,976,976
12823,G3_01_1_1_Chlorophyll_A_001_phosphate_plate4.tif,1,976.000,976,976
12824,G3_01_1_1_Chlorophyll_A_001_phosphate_plate4.tif,1,1056.000,1056,1056
12825,G3_01_1_1_Chlorophyll_A_001_phosphate_plate4.tif,310,2287.381,944,32576
12826,G3_01_1_1_Chlorophyll_A_001_phosphate_plate4.tif,42,1067.048,944,1312
12827,G3_01_1_1_Chlorophyll_A_001_phosphate_plate4.tif,3,1088.000,992,1136
12828,G3_01_1_1_Chlorophyll_A_001_phosphate_plate4.tif,8,1066.000,944,1248
12829,G3_01_1_1_Chlorophyll_A_001_phosphate_plate4.tif,2,1088.000,1040,1136
12830,G3_01_1_1_Chlorophyll_A_001_phosphate_plate4.tif,2,1096.000,1088,1104
12831,G3_01_1_1_Chlorophyll_A_001_phosphate_plate4.tif,1,1024.000,1024,1024
12832,G3_01_1_1_Chlorophyll_A_001_phosphate_plate4.tif,3,965.333,960,976
12833,G3_01_1_1_Chlorophyll_A_001_phosphate_plate4.tif,1,1040.000,1040,1040
12834,G3_01_1_1_Chlorophyll_A_001_phosphate_plate4.tif,1,976.000,976,976
12835,G3_01_1_1_Chlorophyll_A_001_phosphate_plate4.tif,2,1000.000,960,1040
12836,G3_01_1_1_Chlorophyll_A_001_phosphate_plate4.tif,72,3332.889,944,15568
12837,G3_01_1_1_Chlorophyll_A_001_phosphate_plate4.tif,2,952.000,944,960
12838,G3_01_1_1_Chlorophyll_A_001_phosphate_plate4.tif,76,4540.211,944,22320
12839,G3_01_1_1_Chlorophyll_A_001_phosphate_plate4.tif,64,4113.750,944,21392
12840,G3_01_1_1_Chlorophyll_A_001_phosphate_plate4.tif,24,1080.667,976,1504
12841,G3_01_1_1_Chlorophyll_A_001_phosphate_plate4.tif,32,1104.000,944,1408
12842,G3_01_1_1_Chlorophyll_A_001_phosphate_plate4.tif,37,1063.351,944,1344
12843,G3_01_1_1_Chlorophyll_A_001_phosphate_plate4.tif,1,960.000,960,960
12844,G3_01_1_1_Chlorophyll_A_001_phosphate_plate4.tif,1,1120.000,1120,1120
12845,G3_01_1_1_Chlorophyll_A_001_phosphate_plate4.tif,1,960.000,960,960
12846,G3_01_1_1_Chlorophyll_A_001_phosphate_plate4.tif,1,1008.000,1008,1008
12847,G3_01_1_1_Chlorophyll_A_001_phosphate_plate4.tif,2,984.000,944,1024
12848,G3_01_1_1_Chlorophyll_A_001_phosphate_plate4.tif,5,1001.600,960,1088
12849,G3_01_1_1_Chlorophyll_A_001_phosphate_plate4.tif,1,960.000,960,960
12850,G3_01_1_1_Chlorophyll_A_001_phosphate_plate4.tif,1,976.000,976,976
12851,G3_01_1_1_Chlorophyll_A_001_phosphate_plate4.tif,1,1072.000,1072,1072
12852,G3_01_1_1_Chlorophyll_A_001_phosphate_plate4.tif,1,944.000,944,944
12853,G3_01_1_1_Chlorophyll_A_001_phosphate_plate4.tif,1,1056.000,1056,1056
12854,G3_01_1_1_Chlorophyll_A_001_phosphate_plate4.tif,1,944.000,944,944
12855,G3_01_1_1_Chlorophyll_A_001_phosphate_plate4.tif,1,960.000,960,960
12856,G3_01_1_1_Chlorophyll_A_001_phosphate_plate4.tif,1,944.000,944,944
12857,G3_01_1_1_Chlorophyll_A_001_phosphate_plate4.tif,1,944.000,944,944
12858,G3_01_1_1_Chlorophyll_A_001_phosphate_plate4.tif,1,944.000,944,944
12859,G3_01_1_1_Chlorophyll_A_001_phosphate_plate4.tif,1,960.000,960,960
12860,G3_01_1_1_Chlorophyll_A_001_phosphate_plate4.tif,74,4083.243,944,21552
12861,G3_01_1_1_Chlorophyll_A_001_phosphate_plate4.tif,27,1124.148,944,1440
12862,G3_01_1_1_Chlorophyll_A_001_phosphate_plate4.tif,31,1075.097,944,1344
12863,G3_01_1_1_Chlorophyll_A_001_phosphate_plate4.tif,1,1056.000,1056,1056
12864,G3_01_1_1_Chlorophyll_A_001_phosphate_plate4.tif,1,1136.000,1136,1136
12865,G3_01_1_1_Chlorophyll_A_001_phosphate_plate4.tif,1,992.000,992,992
12866,G3_01_1_1_Chlorophyll_A_001_phosphate_plate4.tif,1,944.000,944,944
12867,G3_01_1_1_Chlorophyll_A_001_phosphate_plate4.tif,1,960.000,960,960
12868,G3_01_1_1_Chlorophyll_A_001_phosphate_plate4.tif,1,992.000,992,992
12869,G3_01_1_1_Chlorophyll_A_001_phosphate_plate4.tif,1,1072.000,1072,1072
12870,G3_01_1_1_Chlorophyll_A_001_phosphate_plate4.tif,1,960.000,960,960
12871,G3_01_1_1_Chlorophyll_A_001_phosphate_plate4.tif,1,944.000,944,944
12872,G3_01_1_1_Chlorophyll_A_001_phosphate_plate4.tif,1,1008.000,1008,1008
12873,G3_01_1_1_Chlorophyll_A_001_phosphate_plate4.tif,1,960.000,960,960
12874,G3_01_1_1_Chlorophyll_A_001_phosphate_plate4.tif,33,1067.152,944,1232
12875,G3_01_1_1_Chlorophyll_A_001_phosphate_plate4.tif,1,1104.000,1104,1104
12876,G3_01_1_1_Chlorophyll_A_001_phosphate_plate4.tif,2,976.000,960,992
12877,G3_01_1_1_Chlorophyll_A_001_phosphate_plate4.tif,4,1084.000,976,1264
12878,G3_01_1_1_Chlorophyll_A_001_phosphate_plate4.tif,5,1004.800,960,1104
12879,G3_01_1_1_Chlorophyll_A_001_phosphate_plate4.tif,3,976.000,960,992
12880,G3_01_1_1_Chlorophyll_A_001_phosphate_plate4.tif,1,1152.000,1152,1152
12881,G3_01_1_1_Chlorophyll_A_001_phosphate_plate4.tif,2,1032.000,976,1088
12882,G3_01_1_1_Chlorophyll_A_001_phosphate_plate4.tif,1,992.000,992,992
12883,G3_01_1_1_Chlorophyll_A_001_phosphate_plate4.tif,1,992.000,992,992
12884,G3_01_1_1_Chlorophyll_A_001_phosphate_plate4.tif,1,944.000,944,944
12885,G3_01_1_1_Chlorophyll_A_001_phosphate_plate4.tif,1,976.000,976,976
12886,G3_01_1_1_Chlorophyll_A_001_phosphate_plate4.tif,1,1088.000,1088,1088
12887,G3_01_1_1_Chlorophyll_A_001_phosphate_plate4.tif,215,5230.660,944,28144
12888,G3_01_1_1_Chlorophyll_A_001_phosphate_plate4.tif,34,1096.471,944,1376
12889,G3_01_1_1_Chlorophyll_A_001_phosphate_plate4.tif,35,1109.029,944,1408
12890,G3_01_1_1_Chlorophyll_A_001_phosphate_plate4.tif,49,1097.796,960,1344
12891,G3_01_1_1_Chlorophyll_A_001_phosphate_plate4.tif,77,1069.922,944,1328
12892,G3_01_1_1_Chlorophyll_A_001_phosphate_plate4.tif,97,1091.134,944,1488
12893,G3_01_1_1_Chlorophyll_A_001_phosphate_plate4.tif,24,1088.667,944,1200
12894,G3_01_1_1_Chlorophyll_A_001_phosphate_plate4.tif,1,992.000,992,992
12895,G3_01_1_1_Chlorophyll_A_001_phosphate_plate4.tif,1,976.000,976,976
12896,G3_01_1_1_Chlorophyll_A_001_phosphate_plate4.tif,3,949.333,944,960
12897,G3_01_1_1_Chlorophyll_A_001_phosphate_plate4.tif,1,992.000,992,992
12898,G3_01_1_1_Chlorophyll_A_001_phosphate_plate4.tif,363,3781.069,944,35360
12899,G3_01_1_1_Chlorophyll_A_001_phosphate_plate4.tif,2,984.000,944,1024
12900,G3_01_1_1_Chlorophyll_A_001_phosphate_plate4.tif,1,944.000,944,944
12901,G3_01_1_1_Chlorophyll_A_001_phosphate_plate4.tif,7,982.857,944,1072
12902,G3_01_1_1_Chlorophyll_A_001_phosphate_plate4.tif,1,944.000,944,944
12903,G3_01_1_1_Chlorophyll_A_001_phosphate_plate4.tif,1,976.000,976,976
12904,G3_01_1_1_Chlorophyll_A_001_phosphate_plate4.tif,1,976.000,976,976
12905,G3_01_1_1_Chlorophyll_A_001_phosphate_plate4.tif,27,1077.926,944,1296
12906,G3_01_1_1_Chlorophyll_A_001_phosphate_plate4.tif,4,988.000,944,1040
12907,G3_01_1_1_Chlorophyll_A_001_phosphate_plate4.tif,29,1050.483,944,1280
12908,G3_01_1_1_Chlorophyll_A_001_phosphate_plate4.tif,1,976.000,976,976
12909,G3_01_1_1_Chlorophyll_A_001_phosphate_plate4.tif,4,988.000,976,992
12910,G3_01_1_1_Chlorophyll_A_001_phosphate_plate4.tif,1,992.000,992,992
12911,G3_01_1_1_Chlorophyll_A_001_phosphate_plate4.tif,8,1018.000,976,1072
12912,G3_01_1_1_Chlorophyll_A_001_phosphate_plate4.tif,7,1017.143,944,1152
12913,G3_01_1_1_Chlorophyll_A_001_phosphate_plate4.tif,1,1168.000,1168,1168
12914,G3_01_1_1_Chlorophyll_A_001_phosphate_plate4.tif,1,976.000,976,976
12915,G3_01_1_1_Chlorophyll_A_001_phosphate_plate4.tif,1,960.000,960,960
12916,G3_01_1_1_Chlorophyll_A_001_phosphate_plate4.tif,1,960.000,960,960
12917,G3_01_1_1_Chlorophyll_A_001_phosphate_plate4.tif,2,1032.000,960,1104
12918,G3_01_1_1_Chlorophyll_A_001_phosphate_plate4.tif,1,960.000,960,960
12919,G3_01_1_1_Chlorophyll_A_001_phosphate_plate4.tif,28,1088.000,944,1296
12920,G3_01_1_1_Chlorophyll_A_001_phosphate_plate4.tif,36,1095.556,944,1376
12921,G3_01_1_1_Chlorophyll_A_001_phosphate_plate4.tif,2,1056.000,1056,1056
12922,G3_01_1_1_Chlorophyll_A_001_phosphate_plate4.tif,1,960.000,960,960
12923,G3_01_1_1_Chlorophyll_A_001_phosphate_plate4.tif,3,965.333,944,992
12924,G3_01_1_1_Chlorophyll_A_001_phosphate_plate4.tif,1,960.000,960,960
12925,G3_01_1_1_Chlorophyll_A_001_phosphate_plate4.tif,1,1024.000,1024,1024
12926,G3_01_1_1_Chlorophyll_A_001_phosphate_plate4.tif,5,995.200,944,1088
12927,G3_01_1_1_Chlorophyll_A_001_phosphate_plate4.tif,1,1280.000,1280,1280
12928,G3_01_1_1_Chlorophyll_A_001_phosphate_plate4.tif,1,1072.000,1072,1072
12929,G3_01_1_1_Chlorophyll_A_001_phosphate_plate4.tif,8,1012.000,944,1072
12930,G3_01_1_1_Chlorophyll_A_001_phosphate_plate4.tif,1,976.000,976,976
12931,G3_01_1_1_Chlorophyll_A_001_phosphate_plate4.tif,1,976.000,976,976
12932,G3_01_1_1_Chlorophyll_A_001_phosphate_plate4.tif,1,1184.000,1184,1184
12933,G3_01_1_1_Chlorophyll_A_001_phosphate_plate4.tif,1,960.000,960,960
12934,G3_01_1_1_Chlorophyll_A_001_phosphate_plate4.tif,1,944.000,944,944
12935,G3_01_1_1_Chlorophyll_A_001_phosphate_plate4.tif,1,1056.000,1056,1056
12936,G3_01_1_1_Chlorophyll_A_001_phosphate_plate4.tif,1,960.000,960,960
12937,G3_01_1_1_Chlorophyll_A_001_phosphate_plate4.tif,18,1107.556,960,1280
12938,G3_01_1_1_Chlorophyll_A_001_phosphate_plate4.tif,38,1067.368,944,1232
12939,G3_01_1_1_Chlorophyll_A_001_phosphate_plate4.tif,4,1092.000,944,1248
12940,G3_01_1_1_Chlorophyll_A_001_phosphate_plate4.tif,1,1120.000,1120,1120
12941,G3_01_1_1_Chlorophyll_A_001_phosphate_plate4.tif,2,992.000,976,1008
12942,G3_01_1_1_Chlorophyll_A_001_phosphate_plate4.tif,1,1072.000,1072,1072
12943,G3_01_1_1_Chlorophyll_A_001_phosphate_plate4.tif,2,1072.000,1056,1088
12944,G3_01_1_1_Chlorophyll_A_001_phosphate_plate4.tif,4,992.000,960,1056
12945,G3_01_1_1_Chlorophyll_A_001_phosphate_plate4.tif,1,992.000,992,992
12946,G3_01_1_1_Chlorophyll_A_001_phosphate_plate4.tif,1,1040.000,1040,1040
12947,G3_01_1_1_Chlorophyll_A_001_phosphate_plate4.tif,1,1040.000,1040,1040
12948,G3_01_1_1_Chlorophyll_A_001_phosphate_plate4.tif,1,944.000,944,944
12949,G3_01_1_1_Chlorophyll_A_001_phosphate_plate4.tif,117,5425.368,944,24160
12950,G3_01_1_1_Chlorophyll_A_001_phosphate_plate4.tif,73,1089.534,944,1424
12951,G3_01_1_1_Chlorophyll_A_001_phosphate_plate4.tif,301,2421.316,944,23840
12952,G3_01_1_1_Chlorophyll_A_001_phosphate_plate4.tif,1,992.000,992,992
12953,G3_01_1_1_Chlorophyll_A_001_phosphate_plate4.tif,5,1020.800,944,1120
12954,G3_01_1_1_Chlorophyll_A_001_phosphate_plate4.tif,2,1056.000,992,1120
12955,G3_01_1_1_Chlorophyll_A_001_phosphate_plate4.tif,2,1016.000,960,1072
12956,G3_01_1_1_Chlorophyll_A_001_phosphate_plate4.tif,1,976.000,976,976
12957,G3_01_1_1_Chlorophyll_A_001_phosphate_plate4.tif,3,1040.000,976,1152
12958,G3_01_1_1_Chlorophyll_A_001_phosphate_plate4.tif,1,1008.000,1008,1008
12959,G3_01_1_1_Chlorophyll_A_001_phosphate_plate4.tif,1,944.000,944,944
12960,G3_01_1_1_Chlorophyll_A_001_phosphate_plate4.tif,1,992.000,992,992
12961,G3_01_1_1_Chlorophyll_A_001_phosphate_plate4.tif,1,992.000,992,992
12962,G3_01_1_1_Chlorophyll_A_001_phosphate_plate4.tif,1,944.000,944,944
12963,G3_01_1_1_Chlorophyll_A_001_phosphate_plate4.tif,95,4583.411,944,24992
12964,G3_01_1_1_Chlorophyll_A_001_phosphate_plate4.tif,104,5210.769,944,33296
12965,G3_01_1_1_Chlorophyll_A_001_phosphate_plate4.tif,31,1058.581,944,1280
12966,G3_01_1_1_Chlorophyll_A_001_phosphate_plate4.tif,1,992.000,992,992
12967,G3_01_1_1_Chlorophyll_A_001_phosphate_plate4.tif,1,1088.000,1088,1088
12968,G3_01_1_1_Chlorophyll_A_001_phosphate_plate4.tif,4,1000.000,944,1152
12969,G3_01_1_1_Chlorophyll_A_001_phosphate_plate4.tif,2,1064.000,1056,1072
12970,G3_01_1_1_Chlorophyll_A_001_phosphate_plate4.tif,3,1013.333,976,1072
12971,G3_01_1_1_Chlorophyll_A_001_phosphate_plate4.tif,4,1116.000,1056,1216
12972,G3_01_1_1_Chlorophyll_A_001_phosphate_plate4.tif,1,944.000,944,944
12973,G3_01_1_1_Chlorophyll_A_001_phosphate_plate4.tif,193,2948.808,944,33760
12974,G3_01_1_1_Chlorophyll_A_001_phosphate_plate4.tif,2,992.000,992,992
12975,G3_01_1_1_Chlorophyll_A_001_phosphate_plate4.tif,1,976.000,976,976
12976,G3_01_1_1_Chlorophyll_A_001_phosphate_plate4.tif,1,1056.000,1056,1056
12977,G3_01_1_1_Chlorophyll_A_001_phosphate_plate4.tif,1,960.000,960,960
12978,G3_01_1_1_Chlorophyll_A_001_phosphate_plate4.tif,1,992.000,992,992
12979,G3_01_1_1_Chlorophyll_A_001_phosphate_plate4.tif,1,960.000,960,960
12980,G3_01_1_1_Chlorophyll_A_001_phosphate_plate4.tif,1,1008.000,1008,1008
12981,G3_01_1_1_Chlorophyll_A_001_phosphate_plate4.tif,1,1072.000,1072,1072
12982,G3_01_1_1_Chlorophyll_A_001_phosphate_plate4.tif,37,1066.378,944,1408
12983,G3_01_1_1_Chlorophyll_A_001_phosphate_plate4.tif,1,1056.000,1056,1056
12984,G3_01_1_1_Chlorophyll_A_001_phosphate_plate4.tif,2,984.000,976,992
12985,G3_01_1_1_Chlorophyll_A_001_phosphate_plate4.tif,1,976.000,976,976
12986,G3_01_1_1_Chlorophyll_A_001_phosphate_plate4.tif,1,1008.000,1008,1008
12987,G3_01_1_1_Chlorophyll_A_001_phosphate_plate4.tif,1,960.000,960,960
12988,G3_01_1_1_Chlorophyll_A_001_phosphate_plate4.tif,1,992.000,992,992
12989,G3_01_1_1_Chlorophyll_A_001_phosphate_plate4.tif,1,992.000,992,992
12990,G3_01_1_1_Chlorophyll_A_001_phosphate_plate4.tif,1,992.000,992,992
12991,G3_01_1_1_Chlorophyll_A_001_phosphate_plate4.tif,1,1072.000,1072,1072
12992,G3_01_1_1_Chlorophyll_A_001_phosphate_plate4.tif,139,6162.763,944,40400
12993,G3_01_1_1_Chlorophyll_A_001_phosphate_plate4.tif,1,976.000,976,976
12994,G3_01_1_1_Chlorophyll_A_001_phosphate_plate4.tif,1,1104.000,1104,1104
12995,G3_01_1_1_Chlorophyll_A_001_phosphate_plate4.tif,1,944.000,944,944
12996,G3_01_1_1_Chlorophyll_A_001_phosphate_plate4.tif,250,4241.984,944,28656
12997,G3_01_1_1_Chlorophyll_A_001_phosphate_plate4.tif,22,1099.636,960,1328
12998,G3_01_1_1_Chlorophyll_A_001_phosphate_plate4.tif,33,1100.606,976,1456
12999,G3_01_1_1_Chlorophyll_A_001_phosphate_plate4.tif,60,1054.133,944,1472
13000,G3_01_1_1_Chlorophyll_A_001_phosphate_plate4.tif,223,2207.570,944,23056
13001,G3_01_1_1_Chlorophyll_A_001_phosphate_plate4.tif,2,1072.000,960,1184
13002,G3_01_1_1_Chlorophyll_A_001_phosphate_plate4.tif,1,1072.000,1072,1072
13003,G3_01_1_1_Chlorophyll_A_001_phosphate_plate4.tif,2,1088.000,1008,1168
13004,G3_01_1_1_Chlorophyll_A_001_phosphate_plate4.tif,1,1008.000,1008,1008
13005,G3_01_1_1_Chlorophyll_A_001_phosphate_plate4.tif,1,944.000,944,944
13006,G3_01_1_1_Chlorophyll_A_001_phosphate_plate4.tif,1,976.000,976,976
13007,G3_01_1_1_Chlorophyll_A_001_phosphate_plate4.tif,1,944.000,944,944
13008,G3_01_1_1_Chlorophyll_A_001_phosphate_plate4.tif,1,944.000,944,944
13009,G3_01_1_1_Chlorophyll_A_001_phosphate_plate4.tif,116,4569.379,944,32912
13010,G3_01_1_1_Chlorophyll_A_001_phosphate_plate4.tif,1,1088.000,1088,1088
13011,G3_01_1_1_Chlorophyll_A_001_phosphate_plate4.tif,1,1008.000,1008,1008
13012,G3_01_1_1_Chlorophyll_A_001_phosphate_plate4.tif,2,1008.000,992,1024
13013,G3_01_1_1_Chlorophyll_A_001_phosphate_plate4.tif,1,944.000,944,944
13014,G3_01_1_1_Chlorophyll_A_001_phosphate_plate4.tif,1,976.000,976,976
13015,G3_01_1_1_Chlorophyll_A_001_phosphate_plate4.tif,1,1008.000,1008,1008
13016,G3_01_1_1_Chlorophyll_A_001_phosphate_plate4.tif,1,960.000,960,960
13017,G3_01_1_1_Chlorophyll_A_001_phosphate_plate4.tif,1,960.000,960,960
13018,G3_01_1_1_Chlorophyll_A_001_phosphate_plate4.tif,55,1047.564,944,1344
13019,G3_01_1_1_Chlorophyll_A_001_phosphate_plate4.tif,3,1045.333,1008,1104
13020,G3_01_1_1_Chlorophyll_A_001_phosphate_plate4.tif,2,1024.000,976,1072
13021,G3_01_1_1_Chlorophyll_A_001_phosphate_plate4.tif,2,1048.000,1040,1056
13022,G3_01_1_1_Chlorophyll_A_001_phosphate_plate4.tif,1,944.000,944,944
13023,G3_01_1_1_Chlorophyll_A_001_phosphate_plate4.tif,1,992.000,992,992
13024,G3_01_1_1_Chlorophyll_A_001_phosphate_plate4.tif,1,1040.000,1040,1040
13025,G3_01_1_1_Chlorophyll_A_001_phosphate_plate4.tif,1,1008.000,1008,1008
13026,G3_01_1_1_Chlorophyll_A_001_phosphate_plate4.tif,1,960.000,960,960
13027,G3_01_1_1_Chlorophyll_A_001_phosphate_plate4.tif,123,5448.976,944,22144
13028,G3_01_1_1_Chlorophyll_A_001_phosphate_plate4.tif,1,960.000,960,960
13029,G3_01_1_1_Chlorophyll_A_001_phosphate_plate4.tif,25,1080.320,944,1440
13030,G3_01_1_1_Chlorophyll_A_001_phosphate_plate4.tif,22,1120.000,976,1360
13031,G3_01_1_1_Chlorophyll_A_001_phosphate_plate4.tif,17,1099.294,960,1216
13032,G3_01_1_1_Chlorophyll_A_001_phosphate_plate4.tif,19,1089.684,944,1328
13033,G3_01_1_1_Chlorophyll_A_001_phosphate_plate4.tif,1,1072.000,1072,1072
13034,G3_01_1_1_Chlorophyll_A_001_phosphate_plate4.tif,7,1005.714,944,1152
13035,G3_01_1_1_Chlorophyll_A_001_phosphate_plate4.tif,2,1056.000,944,1168
13036,G3_01_1_1_Chlorophyll_A_001_phosphate_plate4.tif,3,986.667,960,1008
13037,G3_01_1_1_Chlorophyll_A_001_phosphate_plate4.tif,1,944.000,944,944
13038,G3_01_1_1_Chlorophyll_A_001_phosphate_plate4.tif,1,976.000,976,976
13039,G3_01_1_1_Chlorophyll_A_001_phosphate_plate4.tif,1,1040.000,1040,1040
13040,G3_01_1_1_Chlorophyll_A_001_phosphate_plate4.tif,3,1034.667,944,1152
13041,G3_01_1_1_Chlorophyll_A_001_phosphate_plate4.tif,1,1008.000,1008,1008
13042,G3_01_1_1_Chlorophyll_A_001_phosphate_plate4.tif,1,976.000,976,976
13043,G3_01_1_1_Chlorophyll_A_001_phosphate_plate4.tif,1,1152.000,1152,1152
13044,G3_01_1_1_Chlorophyll_A_001_phosphate_plate4.tif,1,976.000,976,976
13045,G3_01_1_1_Chlorophyll_A_001_phosphate_plate4.tif,1,976.000,976,976
13046,G3_01_1_1_Chlorophyll_A_001_phosphate_plate4.tif,1,1136.000,1136,1136
13047,G3_01_1_1_Chlorophyll_A_001_phosphate_plate4.tif,1,944.000,944,944
13048,G3_01_1_1_Chlorophyll_A_001_phosphate_plate4.tif,60,3938.933,944,14752
13049,G3_01_1_1_Chlorophyll_A_001_phosphate_plate4.tif,1,960.000,960,960
13050,G3_01_1_1_Chlorophyll_A_001_phosphate_plate4.tif,12,1138.667,1008,1552
13051,G3_01_1_1_Chlorophyll_A_001_phosphate_plate4.tif,32,1064.000,944,1264
13052,G3_01_1_1_Chlorophyll_A_001_phosphate_plate4.tif,34,1079.529,960,1216
13053,G3_01_1_1_Chlorophyll_A_001_phosphate_plate4.tif,1,1024.000,1024,1024
13054,G3_01_1_1_Chlorophyll_A_001_phosphate_plate4.tif,2,1064.000,1056,1072
13055,G3_01_1_1_Chlorophyll_A_001_phosphate_plate4.tif,3,986.667,944,1024
13056,G3_01_1_1_Chlorophyll_A_001_phosphate_plate4.tif,1,1040.000,1040,1040
13057,G3_01_1_1_Chlorophyll_A_001_phosphate_plate4.tif,1,960.000,960,960
13058,G3_01_1_1_Chlorophyll_A_001_phosphate_plate4.tif,1,992.000,992,992
13059,G3_01_1_1_Chlorophyll_A_001_phosphate_plate4.tif,25,1083.520,944,1376
13060,G3_01_1_1_Chlorophyll_A_001_phosphate_plate4.tif,54,1082.963,944,1424
13061,G3_01_1_1_Chlorophyll_A_001_phosphate_plate4.tif,37,1081.946,944,1248
13062,G3_01_1_1_Chlorophyll_A_001_phosphate_plate4.tif,1,1056.000,1056,1056
13063,G3_01_1_1_Chlorophyll_A_001_phosphate_plate4.tif,1,944.000,944,944
13064,G3_01_1_1_Chlorophyll_A_001_phosphate_plate4.tif,1,1184.000,1184,1184
13065,G3_01_1_1_Chlorophyll_A_001_phosphate_plate4.tif,2,1008.000,976,1040
13066,G3_01_1_1_Chlorophyll_A_001_phosphate_plate4.tif,1,992.000,992,992
13067,G3_01_1_1_Chlorophyll_A_001_phosphate_plate4.tif,1,1056.000,1056,1056
13068,G3_01_1_1_Chlorophyll_A_001_phosphate_plate4.tif,1,1120.000,1120,1120
13069,G3_01_1_1_Chlorophyll_A_001_phosphate_plate4.tif,1,1056.000,1056,1056
13070,G3_01_1_1_Chlorophyll_A_001_phosphate_plate4.tif,89,3208.449,944,19584
13071,G3_01_1_1_Chlorophyll_A_001_phosphate_plate4.tif,1,960.000,960,960
13072,G3_01_1_1_Chlorophyll_A_001_phosphate_plate4.tif,1,944.000,944,944
13073,G3_01_1_1_Chlorophyll_A_001_phosphate_plate4.tif,1,944.000,944,944
13074,G3_01_1_1_Chlorophyll_A_001_phosphate_plate4.tif,1,1008.000,1008,1008
13075,G3_01_1_1_Chlorophyll_A_001_phosphate_plate4.tif,1,944.000,944,944
13076,G3_01_1_1_Chlorophyll_A_001_phosphate_plate4.tif,1,1120.000,1120,1120
13077,G3_01_1_1_Chlorophyll_A_001_phosphate_plate4.tif,67,1079.164,944,1248
13078,G3_01_1_1_Chlorophyll_A_001_phosphate_plate4.tif,38,1069.474,944,1376
13079,G3_01_1_1_Chlorophyll_A_001_phosphate_plate4.tif,16,1070.000,944,1264
13080,G3_01_1_1_Chlorophyll_A_001_phosphate_plate4.tif,392,2897.102,944,35008
13081,G3_01_1_1_Chlorophyll_A_001_phosphate_plate4.tif,1,992.000,992,992
13082,G3_01_1_1_Chlorophyll_A_001_phosphate_plate4.tif,1,960.000,960,960
13083,G3_01_1_1_Chlorophyll_A_001_phosphate_plate4.tif,1,944.000,944,944
13084,G3_01_1_1_Chlorophyll_A_001_phosphate_plate4.tif,1,976.000,976,976
13085,G3_01_1_1_Chlorophyll_A_001_phosphate_plate4.tif,3,976.000,944,1008
13086,G3_01_1_1_Chlorophyll_A_001_phosphate_plate4.tif,2,960.000,960,960
13087,G3_01_1_1_Chlorophyll_A_001_phosphate_plate4.tif,1,960.000,960,960
13088,G3_01_1_1_Chlorophyll_A_001_phosphate_plate4.tif,1,976.000,976,976
13089,G3_01_1_1_Chlorophyll_A_001_phosphate_plate4.tif,1,992.000,992,992
13090,G3_01_1_1_Chlorophyll_A_001_phosphate_plate4.tif,1,1056.000,1056,1056
13091,G3_01_1_1_Chlorophyll_A_001_phosphate_plate4.tif,1,944.000,944,944
13092,G3_01_1_1_Chlorophyll_A_001_phosphate_plate4.tif,1,1056.000,1056,1056
13093,G3_01_1_1_Chlorophyll_A_001_phosphate_plate4.tif,1,976.000,976,976
13094,G3_01_1_1_Chlorophyll_A_001_phosphate_plate4.tif,19,1031.579,944,1152
13095,G3_01_1_1_Chlorophyll_A_001_phosphate_plate4.tif,14,1075.429,960,1328
13096,G3_01_1_1_Chlorophyll_A_001_phosphate_plate4.tif,288,2998.056,944,22736
13097,G3_01_1_1_Chlorophyll_A_001_phosphate_plate4.tif,8,1018.000,960,1152
13098,G3_01_1_1_Chlorophyll_A_001_phosphate_plate4.tif,1,1056.000,1056,1056
13099,G3_01_1_1_Chlorophyll_A_001_phosphate_plate4.tif,2,992.000,944,1040
13100,G3_01_1_1_Chlorophyll_A_001_phosphate_plate4.tif,1,976.000,976,976
13101,G3_01_1_1_Chlorophyll_A_001_phosphate_plate4.tif,1,960.000,960,960
13102,G3_01_1_1_Chlorophyll_A_001_phosphate_plate4.tif,1,1024.000,1024,1024
13103,G3_01_1_1_Chlorophyll_A_001_phosphate_plate4.tif,1,960.000,960,960
13104,G3_01_1_1_Chlorophyll_A_001_phosphate_plate4.tif,1,1056.000,1056,1056
13105,G3_01_1_1_Chlorophyll_A_001_phosphate_plate4.tif,1,1104.000,1104,1104
13106,G3_01_1_1_Chlorophyll_A_001_phosphate_plate4.tif,1,1040.000,1040,1040
13107,G3_01_1_1_Chlorophyll_A_001_phosphate_plate4.tif,1,1088.000,1088,1088
13108,G3_01_1_1_Chlorophyll_A_001_phosphate_plate4.tif,16,1067.000,944,1296
13109,G3_01_1_1_Chlorophyll_A_001_phosphate_plate4.tif,71,1077.408,944,1280
13110,G3_01_1_1_Chlorophyll_A_001_phosphate_plate4.tif,28,1097.143,944,1424
13111,G3_01_1_1_Chlorophyll_A_001_phosphate_plate4.tif,1,1008.000,1008,1008
13112,G3_01_1_1_Chlorophyll_A_001_phosphate_plate4.tif,1,976.000,976,976
13113,G3_01_1_1_Chlorophyll_A_001_phosphate_plate4.tif,1,944.000,944,944
13114,G3_01_1_1_Chlorophyll_A_001_phosphate_plate4.tif,1,992.000,992,992
13115,G3_01_1_1_Chlorophyll_A_001_phosphate_plate4.tif,1,944.000,944,944
13116,G3_01_1_1_Chlorophyll_A_001_phosphate_plate4.tif,1,992.000,992,992
13117,G3_01_1_1_Chlorophyll_A_001_phosphate_plate4.tif,1,960.000,960,960
13118,G3_01_1_1_Chlorophyll_A_001_phosphate_plate4.tif,1,976.000,976,976
13119,G3_01_1_1_Chlorophyll_A_001_phosphate_plate4.tif,80,3706.200,944,23856
13120,G3_01_1_1_Chlorophyll_A_001_phosphate_plate4.tif,1,960.000,960,960
13121,G3_01_1_1_Chlorophyll_A_001_phosphate_plate4.tif,1,944.000,944,944
13122,G3_01_1_1_Chlorophyll_A_001_phosphate_plate4.tif,830,3037.648,944,30272
13123,G3_01_1_1_Chlorophyll_A_001_phosphate_plate4.tif,53,1088.302,944,1456
13124,G3_01_1_1_Chlorophyll_A_001_phosphate_plate4.tif,1,1040.000,1040,1040
13125,G3_01_1_1_Chlorophyll_A_001_phosphate_plate4.tif,4,1104.000,1056,1200
13126,G3_01_1_1_Chlorophyll_A_001_phosphate_plate4.tif,2,1000.000,992,1008
13127,G3_01_1_1_Chlorophyll_A_001_phosphate_plate4.tif,4,984.000,944,1024
13128,G3_01_1_1_Chlorophyll_A_001_phosphate_plate4.tif,1,992.000,992,992
13129,G3_01_1_1_Chlorophyll_A_001_phosphate_plate4.tif,1,944.000,944,944
13130,G3_01_1_1_Chlorophyll_A_001_phosphate_plate4.tif,1,1008.000,1008,1008
13131,G3_01_1_1_Chlorophyll_A_001_phosphate_plate4.tif,1,944.000,944,944
13132,G3_01_1_1_Chlorophyll_A_001_phosphate_plate4.tif,12,1076.000,976,1520
13133,G3_01_1_1_Chlorophyll_A_001_phosphate_plate4.tif,1,1088.000,1088,1088
13134,G3_01_1_1_Chlorophyll_A_001_phosphate_plate4.tif,10,1032.000,944,1168
13135,G3_01_1_1_Chlorophyll_A_001_phosphate_plate4.tif,1,1040.000,1040,1040
13136,G3_01_1_1_Chlorophyll_A_001_phosphate_plate4.tif,1,960.000,960,960
13137,G3_01_1_1_Chlorophyll_A_001_phosphate_plate4.tif,2,1024.000,992,1056
13138,G3_01_1_1_Chlorophyll_A_001_phosphate_plate4.tif,1,1088.000,1088,1088
13139,G3_01_1_1_Chlorophyll_A_001_phosphate_plate4.tif,1,960.000,960,960
13140,G3_01_1_1_Chlorophyll_A_001_phosphate_plate4.tif,2,968.000,944,992
13141,G3_01_1_1_Chlorophyll_A_001_phosphate_plate4.tif,1,944.000,944,944
13142,G3_01_1_1_Chlorophyll_A_001_phosphate_plate4.tif,107,4908.262,944,29888
13143,G3_01_1_1_Chlorophyll_A_001_phosphate_plate4.tif,19,1104.000,944,1264
13144,G3_01_1_1_Chlorophyll_A_001_phosphate_plate4.tif,1,1040.000,1040,1040
13145,G3_01_1_1_Chlorophyll_A_001_phosphate_plate4.tif,1,1120.000,1120,1120
13146,G3_01_1_1_Chlorophyll_A_001_phosphate_plate4.tif,1,1088.000,1088,1088
13147,G3_01_1_1_Chlorophyll_A_001_phosphate_plate4.tif,1,1056.000,1056,1056
13148,G3_01_1_1_Chlorophyll_A_001_phosphate_plate4.tif,1,960.000,960,960
13149,G3_01_1_1_Chlorophyll_A_001_phosphate_plate4.tif,2,1000.000,992,1008
13150,G3_01_1_1_Chlorophyll_A_001_phosphate_plate4.tif,2,976.000,976,976
13151,G3_01_1_1_Chlorophyll_A_001_phosphate_plate4.tif,2,976.000,944,1008
13152,G3_01_1_1_Chlorophyll_A_001_phosphate_plate4.tif,1,960.000,960,960
13153,G3_01_1_1_Chlorophyll_A_001_phosphate_plate4.tif,1,944.000,944,944
13154,G3_01_1_1_Chlorophyll_A_001_phosphate_plate4.tif,26,1077.538,944,1264
13155,G3_01_1_1_Chlorophyll_A_001_phosphate_plate4.tif,65,1095.631,944,1440
13156,G3_01_1_1_Chlorophyll_A_001_phosphate_plate4.tif,49,1060.245,944,1296
13157,G3_01_1_1_Chlorophyll_A_001_phosphate_plate4.tif,23,1051.130,944,1280
13158,G3_01_1_1_Chlorophyll_A_001_phosphate_plate4.tif,1,976.000,976,976
13159,G3_01_1_1_Chlorophyll_A_001_phosphate_plate4.tif,1,1008.000,1008,1008
13160,G3_01_1_1_Chlorophyll_A_001_phosphate_plate4.tif,1,944.000,944,944
13161,G3_01_1_1_Chlorophyll_A_001_phosphate_plate4.tif,1,1008.000,1008,1008
13162,G3_01_1_1_Chlorophyll_A_001_phosphate_plate4.tif,4,972.000,944,1008
13163,G3_01_1_1_Chlorophyll_A_001_phosphate_plate4.tif,1,1024.000,1024,1024
13164,G3_01_1_1_Chlorophyll_A_001_phosphate_plate4.tif,1,992.000,992,992
13165,G3_01_1_1_Chlorophyll_A_001_phosphate_plate4.tif,1,1168.000,1168,1168
13166,G3_01_1_1_Chlorophyll_A_001_phosphate_plate4.tif,1,976.000,976,976
13167,G3_01_1_1_Chlorophyll_A_001_phosphate_plate4.tif,193,2762.280,944,24688
13168,G3_01_1_1_Chlorophyll_A_001_phosphate_plate4.tif,59,1082.305,944,1296
13169,G3_01_1_1_Chlorophyll_A_001_phosphate_plate4.tif,46,1057.391,944,1312
13170,G3_01_1_1_Chlorophyll_A_001_phosphate_plate4.tif,2,1024.000,1008,1040
13171,G3_01_1_1_Chlorophyll_A_001_phosphate_plate4.tif,1,960.000,960,960
13172,G3_01_1_1_Chlorophyll_A_001_phosphate_plate4.tif,1,944.000,944,944
13173,G3_01_1_1_Chlorophyll_A_001_phosphate_plate4.tif,12,1062.667,976,1200
13174,G3_01_1_1_Chlorophyll_A_001_phosphate_plate4.tif,2,968.000,944,992
13175,G3_01_1_1_Chlorophyll_A_001_phosphate_plate4.tif,1,992.000,992,992
13176,G3_01_1_1_Chlorophyll_A_001_phosphate_plate4.tif,1,992.000,992,992
13177,G3_01_1_1_Chlorophyll_A_001_phosphate_plate4.tif,1,992.000,992,992
13178,G3_01_1_1_Chlorophyll_A_001_phosphate_plate4.tif,23,1061.565,944,1264
13179,G3_01_1_1_Chlorophyll_A_001_phosphate_plate4.tif,30,1066.133,944,1424
13180,G3_01_1_1_Chlorophyll_A_001_phosphate_plate4.tif,24,1058.000,944,1344
13181,G3_01_1_1_Chlorophyll_A_001_phosphate_plate4.tif,37,1078.054,944,1328
13182,G3_01_1_1_Chlorophyll_A_001_phosphate_plate4.tif,5,1049.600,944,1168
13183,G3_01_1_1_Chlorophyll_A_001_phosphate_plate4.tif,9,1034.667,976,1104
13184,G3_01_1_1_Chlorophyll_A_001_phosphate_plate4.tif,10,996.800,944,1168
13185,G3_01_1_1_Chlorophyll_A_001_phosphate_plate4.tif,2,1040.000,1024,1056
13186,G3_01_1_1_Chlorophyll_A_001_phosphate_plate4.tif,1,1008.000,1008,1008
13187,G3_01_1_1_Chlorophyll_A_001_phosphate_plate4.tif,1,944.000,944,944
13188,G3_01_1_1_Chlorophyll_A_001_phosphate_plate4.tif,1,960.000,960,960
13189,G3_01_1_1_Chlorophyll_A_001_phosphate_plate4.tif,1,960.000,960,960
13190,G3_01_1_1_Chlorophyll_A_001_phosphate_plate4.tif,1,960.000,960,960
13191,G3_01_1_1_Chlorophyll_A_001_phosphate_plate4.tif,1,944.000,944,944
13192,G3_01_1_1_Chlorophyll_A_001_phosphate_plate4.tif,23,1085.913,944,1328
13193,G3_01_1_1_Chlorophyll_A_001_phosphate_plate4.tif,18,1072.889,944,1232
13194,G3_01_1_1_Chlorophyll_A_001_phosphate_plate4.tif,23,1119.304,960,1376
13195,G3_01_1_1_Chlorophyll_A_001_phosphate_plate4.tif,3,1061.333,992,1152
13196,G3_01_1_1_Chlorophyll_A_001_phosphate_plate4.tif,3,1061.333,960,1120
13197,G3_01_1_1_Chlorophyll_A_001_phosphate_plate4.tif,4,996.000,944,1056
13198,G3_01_1_1_Chlorophyll_A_001_phosphate_plate4.tif,1,992.000,992,992
13199,G3_01_1_1_Chlorophyll_A_001_phosphate_plate4.tif,137,3820.029,944,29136
13200,G3_01_1_1_Chlorophyll_A_001_phosphate_plate4.tif,1,1104.000,1104,1104
13201,G3_01_1_1_Chlorophyll_A_001_phosphate_plate4.tif,1,960.000,960,960
13202,G3_01_1_1_Chlorophyll_A_001_phosphate_plate4.tif,1,992.000,992,992
13203,G3_01_1_1_Chlorophyll_A_001_phosphate_plate4.tif,20,1064.800,960,1264
13204,G3_01_1_1_Chlorophyll_A_001_phosphate_plate4.tif,3,1002.667,960,1056
13205,G3_01_1_1_Chlorophyll_A_001_phosphate_plate4.tif,3,1098.667,960,1184
13206,G3_01_1_1_Chlorophyll_A_001_phosphate_plate4.tif,3,1034.667,944,1104
13207,G3_01_1_1_Chlorophyll_A_001_phosphate_plate4.tif,2,984.000,976,992
13208,G3_01_1_1_Chlorophyll_A_001_phosphate_plate4.tif,1,976.000,976,976
13209,G3_01_1_1_Chlorophyll_A_001_phosphate_plate4.tif,1,976.000,976,976
13210,G3_01_1_1_Chlorophyll_A_001_phosphate_plate4.tif,40,1064.400,944,1280
13211,G3_01_1_1_Chlorophyll_A_001_phosphate_plate4.tif,58,1100.138,944,1504
13212,G3_01_1_1_Chlorophyll_A_001_phosphate_plate4.tif,23,1063.652,944,1296
13213,G3_01_1_1_Chlorophyll_A_001_phosphate_plate4.tif,1,1056.000,1056,1056
13214,G3_01_1_1_Chlorophyll_A_001_phosphate_plate4.tif,1,960.000,960,960
13215,G3_01_1_1_Chlorophyll_A_001_phosphate_plate4.tif,1,1040.000,1040,1040
13216,G3_01_1_1_Chlorophyll_A_001_phosphate_plate4.tif,1,1056.000,1056,1056
13217,G3_01_1_1_Chlorophyll_A_001_phosphate_plate4.tif,1,976.000,976,976
13218,G3_01_1_1_Chlorophyll_A_001_phosphate_plate4.tif,1,1040.000,1040,1040
13219,G3_01_1_1_Chlorophyll_A_001_phosphate_plate4.tif,1,960.000,960,960
13220,G3_01_1_1_Chlorophyll_A_001_phosphate_plate4.tif,89,4463.461,944,21392
13221,G3_01_1_1_Chlorophyll_A_001_phosphate_plate4.tif,1,992.000,992,992
13222,G3_01_1_1_Chlorophyll_A_001_phosphate_plate4.tif,41,1082.146,944,1344
13223,G3_01_1_1_Chlorophyll_A_001_phosphate_plate4.tif,31,1070.452,944,1360
13224,G3_01_1_1_Chlorophyll_A_001_phosphate_plate4.tif,1,1024.000,1024,1024
13225,G3_01_1_1_Chlorophyll_A_001_phosphate_plate4.tif,1,1008.000,1008,1008
13226,G3_01_1_1_Chlorophyll_A_001_phosphate_plate4.tif,270,3728.474,944,27216
13227,G3_01_1_1_Chlorophyll_A_001_phosphate_plate4.tif,1,1072.000,1072,1072
13228,G3_01_1_1_Chlorophyll_A_001_phosphate_plate4.tif,3,1008.000,976,1056
13229,G3_01_1_1_Chlorophyll_A_001_phosphate_plate4.tif,1,1072.000,1072,1072
13230,G3_01_1_1_Chlorophyll_A_001_phosphate_plate4.tif,1,960.000,960,960
13231,G3_01_1_1_Chlorophyll_A_001_phosphate_plate4.tif,2,960.000,944,976
13232,G3_01_1_1_Chlorophyll_A_001_phosphate_plate4.tif,1,944.000,944,944
13233,G3_01_1_1_Chlorophyll_A_001_phosphate_plate4.tif,81,4416.000,944,28016
13234,G3_01_1_1_Chlorophyll_A_001_phosphate_plate4.tif,89,5209.528,944,22112
13235,G3_01_1_1_Chlorophyll_A_001_phosphate_plate4.tif,276,2242.609,944,30224
13236,G3_01_1_1_Chlorophyll_A_001_phosphate_plate4.tif,2,944.000,944,944
13237,G3_01_1_1_Chlorophyll_A_001_phosphate_plate4.tif,1,1072.000,1072,1072
13238,G3_01_1_1_Chlorophyll_A_001_phosphate_plate4.tif,4,1024.000,960,1120
13239,G3_01_1_1_Chlorophyll_A_001_phosphate_plate4.tif,5,1040.000,960,1152
13240,G3_01_1_1_Chlorophyll_A_001_phosphate_plate4.tif,1,1056.000,1056,1056
13241,G3_01_1_1_Chlorophyll_A_001_phosphate_plate4.tif,1,1072.000,1072,1072
13242,G3_01_1_1_Chlorophyll_A_001_phosphate_plate4.tif,1,976.000,976,976
13243,G3_01_1_1_Chlorophyll_A_001_phosphate_plate4.tif,1,960.000,960,960
13244,G3_01_1_1_Chlorophyll_A_001_phosphate_plate4.tif,3,1061.333,960,1168
13245,G3_01_1_1_Chlorophyll_A_001_phosphate_plate4.tif,2,944.000,944,944
13246,G3_01_1_1_Chlorophyll_A_001_phosphate_plate4.tif,3,954.667,944,960
13247,G3_01_1_1_Chlorophyll_A_001_phosphate_plate4.tif,1,1040.000,1040,1040
13248,G3_01_1_1_Chlorophyll_A_001_phosphate_plate4.tif,58,2957.517,944,8832
13249,G3_01_1_1_Chlorophyll_A_001_phosphate_plate4.tif,73,4366.685,944,23872
13250,G3_01_1_1_Chlorophyll_A_001_phosphate_plate4.tif,13,1110.154,960,1376
13251,G3_01_1_1_Chlorophyll_A_001_phosphate_plate4.tif,3,1072.000,1040,1104
13252,G3_01_1_1_Chlorophyll_A_001_phosphate_plate4.tif,2,984.000,960,1008
13253,G3_01_1_1_Chlorophyll_A_001_phosphate_plate4.tif,3,986.667,976,992
13254,G3_01_1_1_Chlorophyll_A_001_phosphate_plate4.tif,1,976.000,976,976
13255,G3_01_1_1_Chlorophyll_A_001_phosphate_plate4.tif,1,944.000,944,944
13256,G3_01_1_1_Chlorophyll_A_001_phosphate_plate4.tif,1,944.000,944,944
13257,G3_01_1_1_Chlorophyll_A_001_phosphate_plate4.tif,3,1024.000,976,1088
13258,G3_01_1_1_Chlorophyll_A_001_phosphate_plate4.tif,1,944.000,944,944
13259,G3_01_1_1_Chlorophyll_A_001_phosphate_plate4.tif,1,976.000,976,976
13260,G3_01_1_1_Chlorophyll_A_001_phosphate_plate4.tif,3,997.333,960,1056
13261,G3_01_1_1_Chlorophyll_A_001_phosphate_plate4.tif,1,992.000,992,992
13262,G3_01_1_1_Chlorophyll_A_001_phosphate_plate4.tif,1,944.000,944,944
13263,G3_01_1_1_Chlorophyll_A_001_phosphate_plate4.tif,66,4844.121,960,23104
13264,G3_01_1_1_Chlorophyll_A_001_phosphate_plate4.tif,11,1118.545,1024,1264
13265,G3_01_1_1_Chlorophyll_A_001_phosphate_plate4.tif,25,1086.080,960,1392
13266,G3_01_1_1_Chlorophyll_A_001_phosphate_plate4.tif,67,1083.463,944,1408
13267,G3_01_1_1_Chlorophyll_A_001_phosphate_plate4.tif,7,1005.714,960,1056
13268,G3_01_1_1_Chlorophyll_A_001_phosphate_plate4.tif,2,1096.000,1024,1168
13269,G3_01_1_1_Chlorophyll_A_001_phosphate_plate4.tif,4,992.000,960,1024
13270,G3_01_1_1_Chlorophyll_A_001_phosphate_plate4.tif,1,960.000,960,960
13271,G3_01_1_1_Chlorophyll_A_001_phosphate_plate4.tif,1,960.000,960,960
13272,G3_01_1_1_Chlorophyll_A_001_phosphate_plate4.tif,1,992.000,992,992
13273,G3_01_1_1_Chlorophyll_A_001_phosphate_plate4.tif,1,944.000,944,944
13274,G3_01_1_1_Chlorophyll_A_001_phosphate_plate4.tif,10,1022.400,944,1136
13275,G3_01_1_1_Chlorophyll_A_001_phosphate_plate4.tif,1,1040.000,1040,1040
13276,G3_01_1_1_Chlorophyll_A_001_phosphate_plate4.tif,9,1018.667,944,1088
13277,G3_01_1_1_Chlorophyll_A_001_phosphate_plate4.tif,2,968.000,944,992
13278,G3_01_1_1_Chlorophyll_A_001_phosphate_plate4.tif,1,1008.000,1008,1008
13279,G3_01_1_1_Chlorophyll_A_001_phosphate_plate4.tif,1,1056.000,1056,1056
13280,G3_01_1_1_Chlorophyll_A_001_phosphate_plate4.tif,107,3880.523,944,30688
13281,G3_01_1_1_Chlorophyll_A_001_phosphate_plate4.tif,1,960.000,960,960
13282,G3_01_1_1_Chlorophyll_A_001_phosphate_plate4.tif,1,976.000,976,976
13283,G3_01_1_1_Chlorophyll_A_001_phosphate_plate4.tif,61,3323.541,944,19072
13284,G3_01_1_1_Chlorophyll_A_001_phosphate_plate4.tif,1,1008.000,1008,1008
13285,G3_01_1_1_Chlorophyll_A_001_phosphate_plate4.tif,49,1070.041,944,1392
13286,G3_01_1_1_Chlorophyll_A_001_phosphate_plate4.tif,54,1050.074,944,1280
13287,G3_01_1_1_Chlorophyll_A_001_phosphate_plate4.tif,3,970.667,944,992
13288,G3_01_1_1_Chlorophyll_A_001_phosphate_plate4.tif,1,1152.000,1152,1152
13289,G3_01_1_1_Chlorophyll_A_001_phosphate_plate4.tif,6,1002.667,976,1040
13290,G3_01_1_1_Chlorophyll_A_001_phosphate_plate4.tif,1,1088.000,1088,1088
13291,G3_01_1_1_Chlorophyll_A_001_phosphate_plate4.tif,1,1120.000,1120,1120
13292,G3_01_1_1_Chlorophyll_A_001_phosphate_plate4.tif,1,976.000,976,976
13293,G3_01_1_1_Chlorophyll_A_001_phosphate_plate4.tif,63,3027.556,944,10352
13294,G3_01_1_1_Chlorophyll_A_001_phosphate_plate4.tif,1,992.000,992,992
13295,G3_01_1_1_Chlorophyll_A_001_phosphate_plate4.tif,49,3226.776,960,11776
13296,G3_01_1_1_Chlorophyll_A_001_phosphate_plate4.tif,1,992.000,992,992
13297,G3_01_1_1_Chlorophyll_A_001_phosphate_plate4.tif,44,1116.364,944,1440
13298,G3_01_1_1_Chlorophyll_A_001_phosphate_plate4.tif,3,1045.333,976,1136
13299,G3_01_1_1_Chlorophyll_A_001_phosphate_plate4.tif,3,1050.667,992,1120
13300,G3_01_1_1_Chlorophyll_A_001_phosphate_plate4.tif,7,1017.143,944,1184
13301,G3_01_1_1_Chlorophyll_A_001_phosphate_plate4.tif,1,944.000,944,944
13302,G3_01_1_1_Chlorophyll_A_001_phosphate_plate4.tif,1,944.000,944,944
13303,G3_01_1_1_Chlorophyll_A_001_phosphate_plate4.tif,1,1024.000,1024,1024
13304,G3_01_1_1_Chlorophyll_A_001_phosphate_plate4.tif,1,1088.000,1088,1088
13305,G3_01_1_1_Chlorophyll_A_001_phosphate_plate4.tif,1,976.000,976,976
13306,G3_01_1_1_Chlorophyll_A_001_phosphate_plate4.tif,2,1064.000,1040,1088
13307,G3_01_1_1_Chlorophyll_A_001_phosphate_plate4.tif,6,1040.000,960,1152
13308,G3_01_1_1_Chlorophyll_A_001_phosphate_plate4.tif,74,3366.270,944,17872
13309,G3_01_1_1_Chlorophyll_A_001_phosphate_plate4.tif,1,944.000,944,944
13310,G3_01_1_1_Chlorophyll_A_001_phosphate_plate4.tif,1,944.000,944,944
13311,G3_01_1_1_Chlorophyll_A_001_phosphate_plate4.tif,1,960.000,960,960
13312,G3_01_1_1_Chlorophyll_A_001_phosphate_plate4.tif,1,944.000,944,944
13313,G3_01_1_1_Chlorophyll_A_001_phosphate_plate4.tif,1,976.000,976,976
13314,G3_01_1_1_Chlorophyll_A_001_phosphate_plate4.tif,77,4757.195,944,27936
13315,G3_01_1_1_Chlorophyll_A_001_phosphate_plate4.tif,1,992.000,992,992
13316,G3_01_1_1_Chlorophyll_A_001_phosphate_plate4.tif,217,2342.783,944,24768
13317,G3_01_1_1_Chlorophyll_A_001_phosphate_plate4.tif,12,1097.333,960,1248
13318,G3_01_1_1_Chlorophyll_A_001_phosphate_plate4.tif,49,1070.694,944,1312
13319,G3_01_1_1_Chlorophyll_A_001_phosphate_plate4.tif,15,1083.733,960,1264
13320,G3_01_1_1_Chlorophyll_A_001_phosphate_plate4.tif,1,976.000,976,976
13321,G3_01_1_1_Chlorophyll_A_001_phosphate_plate4.tif,1,1024.000,1024,1024
13322,G3_01_1_1_Chlorophyll_A_001_phosphate_plate4.tif,1,1056.000,1056,1056
13323,G3_01_1_1_Chlorophyll_A_001_phosphate_plate4.tif,1,992.000,992,992
13324,G3_01_1_1_Chlorophyll_A_001_phosphate_plate4.tif,1,1056.000,1056,1056
13325,G3_01_1_1_Chlorophyll_A_001_phosphate_plate4.tif,1,960.000,960,960
13326,G3_01_1_1_Chlorophyll_A_001_phosphate_plate4.tif,41,1069.268,944,1248
13327,G3_01_1_1_Chlorophyll_A_001_phosphate_plate4.tif,24,1117.333,944,1312
13328,G3_01_1_1_Chlorophyll_A_001_phosphate_plate4.tif,1,1040.000,1040,1040
13329,G3_01_1_1_Chlorophyll_A_001_phosphate_plate4.tif,3,1072.000,944,1280
13330,G3_01_1_1_Chlorophyll_A_001_phosphate_plate4.tif,2,984.000,944,1024
13331,G3_01_1_1_Chlorophyll_A_001_phosphate_plate4.tif,1,1056.000,1056,1056
13332,G3_01_1_1_Chlorophyll_A_001_phosphate_plate4.tif,1,976.000,976,976
13333,G3_01_1_1_Chlorophyll_A_001_phosphate_plate4.tif,3,1034.667,976,1088
13334,G3_01_1_1_Chlorophyll_A_001_phosphate_plate4.tif,3,1061.333,1008,1088
13335,G3_01_1_1_Chlorophyll_A_001_phosphate_plate4.tif,1,960.000,960,960
13336,G3_01_1_1_Chlorophyll_A_001_phosphate_plate4.tif,2,1008.000,976,1040
13337,G3_01_1_1_Chlorophyll_A_001_phosphate_plate4.tif,1,976.000,976,976
13338,G3_01_1_1_Chlorophyll_A_001_phosphate_plate4.tif,2,1040.000,992,1088
13339,G3_01_1_1_Chlorophyll_A_001_phosphate_plate4.tif,1,944.000,944,944
13340,G3_01_1_1_Chlorophyll_A_001_phosphate_plate4.tif,1,1088.000,1088,1088
13341,G3_01_1_1_Chlorophyll_A_001_phosphate_plate4.tif,1,1120.000,1120,1120
13342,G3_01_1_1_Chlorophyll_A_001_phosphate_plate4.tif,1,960.000,960,960
13343,G3_01_1_1_Chlorophyll_A_001_phosphate_plate4.tif,1,1136.000,1136,1136
13344,G3_01_1_1_Chlorophyll_A_001_phosphate_plate4.tif,102,3859.294,960,22208
13345,G3_01_1_1_Chlorophyll_A_001_phosphate_plate4.tif,3,976.000,976,976
13346,G3_01_1_1_Chlorophyll_A_001_phosphate_plate4.tif,1,1040.000,1040,1040
13347,G3_01_1_1_Chlorophyll_A_001_phosphate_plate4.tif,1,1056.000,1056,1056
13348,G3_01_1_1_Chlorophyll_A_001_phosphate_plate4.tif,1,960.000,960,960
13349,G3_01_1_1_Chlorophyll_A_001_phosphate_plate4.tif,1,960.000,960,960
13350,G3_01_1_1_Chlorophyll_A_001_phosphate_plate4.tif,37,1064.649,944,1232
13351,G3_01_1_1_Chlorophyll_A_001_phosphate_plate4.tif,14,1069.714,960,1184
13352,G3_01_1_1_Chlorophyll_A_001_phosphate_plate4.tif,40,1069.600,944,1456
13353,G3_01_1_1_Chlorophyll_A_001_phosphate_plate4.tif,150,1837.760,944,10320
13354,G3_01_1_1_Chlorophyll_A_001_phosphate_plate4.tif,9,1018.667,944,1216
13355,G3_01_1_1_Chlorophyll_A_001_phosphate_plate4.tif,7,1037.714,944,1216
13356,G3_01_1_1_Chlorophyll_A_001_phosphate_plate4.tif,2,1048.000,1024,1072
13357,G3_01_1_1_Chlorophyll_A_001_phosphate_plate4.tif,1,944.000,944,944
13358,G3_01_1_1_Chlorophyll_A_001_phosphate_plate4.tif,2,1032.000,976,1088
13359,G3_01_1_1_Chlorophyll_A_001_phosphate_plate4.tif,1,976.000,976,976
13360,G3_01_1_1_Chlorophyll_A_001_phosphate_plate4.tif,1,944.000,944,944
13361,G3_01_1_1_Chlorophyll_A_001_phosphate_plate4.tif,122,6305.311,944,39968
13362,G3_01_1_1_Chlorophyll_A_001_phosphate_plate4.tif,39,1094.564,944,1408
13363,G3_01_1_1_Chlorophyll_A_001_phosphate_plate4.tif,3,960.000,944,976
13364,G3_01_1_1_Chlorophyll_A_001_phosphate_plate4.tif,1,1216.000,1216,1216
13365,G3_01_1_1_Chlorophyll_A_001_phosphate_plate4.tif,1,976.000,976,976
13366,G3_01_1_1_Chlorophyll_A_001_phosphate_plate4.tif,1,992.000,992,992
13367,G3_01_1_1_Chlorophyll_A_001_phosphate_plate4.tif,2,984.000,976,992
13368,G3_01_1_1_Chlorophyll_A_001_phosphate_plate4.tif,1,960.000,960,960
13369,G3_01_1_1_Chlorophyll_A_001_phosphate_plate4.tif,1,944.000,944,944
13370,G3_01_1_1_Chlorophyll_A_001_phosphate_plate4.tif,27,1137.185,976,1296
13371,G3_01_1_1_Chlorophyll_A_001_phosphate_plate4.tif,24,1103.333,960,1328
13372,G3_01_1_1_Chlorophyll_A_001_phosphate_plate4.tif,3,1072.000,1024,1120
13373,G3_01_1_1_Chlorophyll_A_001_phosphate_plate4.tif,9,999.111,944,1056
13374,G3_01_1_1_Chlorophyll_A_001_phosphate_plate4.tif,1,1024.000,1024,1024
13375,G3_01_1_1_Chlorophyll_A_001_phosphate_plate4.tif,6,1024.000,960,1088
13376,G3_01_1_1_Chlorophyll_A_001_phosphate_plate4.tif,1,1088.000,1088,1088
13377,G3_01_1_1_Chlorophyll_A_001_phosphate_plate4.tif,2,1088.000,1008,1168
13378,G3_01_1_1_Chlorophyll_A_001_phosphate_plate4.tif,4,1004.000,944,1056
13379,G3_01_1_1_Chlorophyll_A_001_phosphate_plate4.tif,3,1018.667,944,1120
13380,G3_01_1_1_Chlorophyll_A_001_phosphate_plate4.tif,1,960.000,960,960
13381,G3_01_1_1_Chlorophyll_A_001_phosphate_plate4.tif,1,960.000,960,960
13382,G3_01_1_1_Chlorophyll_A_001_phosphate_plate4.tif,1,976.000,976,976
13383,G3_01_1_1_Chlorophyll_A_001_phosphate_plate4.tif,2,1056.000,992,1120
13384,G3_01_1_1_Chlorophyll_A_001_phosphate_plate4.tif,1,976.000,976,976
13385,G3_01_1_1_Chlorophyll_A_001_phosphate_plate4.tif,1,1056.000,1056,1056
13386,G3_01_1_1_Chlorophyll_A_001_phosphate_plate4.tif,1,976.000,976,976
13387,G3_01_1_1_Chlorophyll_A_001_phosphate_plate4.tif,1,992.000,992,992
13388,G3_01_1_1_Chlorophyll_A_001_phosphate_plate4.tif,49,1099.102,944,1392
13389,G3_01_1_1_Chlorophyll_A_001_phosphate_plate4.tif,12,1065.333,944,1232
13390,G3_01_1_1_Chlorophyll_A_001_phosphate_plate4.tif,196,2660.974,944,19504
13391,G3_01_1_1_Chlorophyll_A_001_phosphate_plate4.tif,2,984.000,944,1024
13392,G3_01_1_1_Chlorophyll_A_001_phosphate_plate4.tif,1,1024.000,1024,1024
13393,G3_01_1_1_Chlorophyll_A_001_phosphate_plate4.tif,1,960.000,960,960
13394,G3_01_1_1_Chlorophyll_A_001_phosphate_plate4.tif,1,1040.000,1040,1040
13395,G3_01_1_1_Chlorophyll_A_001_phosphate_plate4.tif,2,1000.000,992,1008
13396,G3_01_1_1_Chlorophyll_A_001_phosphate_plate4.tif,103,3975.146,944,19824
13397,G3_01_1_1_Chlorophyll_A_001_phosphate_plate4.tif,45,1053.511,944,1280
13398,G3_01_1_1_Chlorophyll_A_001_phosphate_plate4.tif,4,964.000,944,992
13399,G3_01_1_1_Chlorophyll_A_001_phosphate_plate4.tif,2,952.000,944,960
13400,G3_01_1_1_Chlorophyll_A_001_phosphate_plate4.tif,5,1001.600,944,1072
13401,G3_01_1_1_Chlorophyll_A_001_phosphate_plate4.tif,1,1056.000,1056,1056
13402,G3_01_1_1_Chlorophyll_A_001_phosphate_plate4.tif,1,960.000,960,960
13403,G3_01_1_1_Chlorophyll_A_001_phosphate_plate4.tif,1,1024.000,1024,1024
13404,G3_01_1_1_Chlorophyll_A_001_phosphate_plate4.tif,1,944.000,944,944
13405,G3_01_1_1_Chlorophyll_A_001_phosphate_plate4.tif,1,1088.000,1088,1088
13406,G3_01_1_1_Chlorophyll_A_001_phosphate_plate4.tif,1,1072.000,1072,1072
13407,G3_01_1_1_Chlorophyll_A_001_phosphate_plate4.tif,120,1087.333,944,1456
13408,G3_01_1_1_Chlorophyll_A_001_phosphate_plate4.tif,1,1104.000,1104,1104
13409,G3_01_1_1_Chlorophyll_A_001_phosphate_plate4.tif,9,1013.333,960,1104
13410,G3_01_1_1_Chlorophyll_A_001_phosphate_plate4.tif,1,1136.000,1136,1136
13411,G3_01_1_1_Chlorophyll_A_001_phosphate_plate4.tif,1,1008.000,1008,1008
13412,G3_01_1_1_Chlorophyll_A_001_phosphate_plate4.tif,1,1152.000,1152,1152
13413,G3_01_1_1_Chlorophyll_A_001_phosphate_plate4.tif,1,1040.000,1040,1040
13414,G3_01_1_1_Chlorophyll_A_001_phosphate_plate4.tif,1,960.000,960,960
13415,G3_01_1_1_Chlorophyll_A_001_phosphate_plate4.tif,2,984.000,960,1008
13416,G3_01_1_1_Chlorophyll_A_001_phosphate_plate4.tif,1,1104.000,1104,1104
13417,G3_01_1_1_Chlorophyll_A_001_phosphate_plate4.tif,1,944.000,944,944
13418,G3_01_1_1_Chlorophyll_A_001_phosphate_plate4.tif,110,3360.436,944,21760
13419,G3_01_1_1_Chlorophyll_A_001_phosphate_plate4.tif,1,1088.000,1088,1088
13420,G3_01_1_1_Chlorophyll_A_001_phosphate_plate4.tif,1,960.000,960,960
13421,G3_01_1_1_Chlorophyll_A_001_phosphate_plate4.tif,1,944.000,944,944
13422,G3_01_1_1_Chlorophyll_A_001_phosphate_plate4.tif,1,1040.000,1040,1040
13423,G3_01_1_1_Chlorophyll_A_001_phosphate_plate4.tif,138,4476.986,944,25040
13424,G3_01_1_1_Chlorophyll_A_001_phosphate_plate4.tif,1,960.000,960,960
13425,G3_01_1_1_Chlorophyll_A_001_phosphate_plate4.tif,23,1049.043,944,1248
13426,G3_01_1_1_Chlorophyll_A_001_phosphate_plate4.tif,19,1086.316,944,1232
13427,G3_01_1_1_Chlorophyll_A_001_phosphate_plate4.tif,44,1078.545,944,1296
13428,G3_01_1_1_Chlorophyll_A_001_phosphate_plate4.tif,4,1004.000,944,1056
13429,G3_01_1_1_Chlorophyll_A_001_phosphate_plate4.tif,16,1014.000,944,1200
13430,G3_01_1_1_Chlorophyll_A_001_phosphate_plate4.tif,1,992.000,992,992
13431,G3_01_1_1_Chlorophyll_A_001_phosphate_plate4.tif,1,944.000,944,944
13432,G3_01_1_1_Chlorophyll_A_001_phosphate_plate4.tif,1,1024.000,1024,1024
13433,G3_01_1_1_Chlorophyll_A_001_phosphate_plate4.tif,1,976.000,976,976
13434,G3_01_1_1_Chlorophyll_A_001_phosphate_plate4.tif,1,1008.000,1008,1008
13435,G3_01_1_1_Chlorophyll_A_001_phosphate_plate4.tif,1,960.000,960,960
13436,G3_01_1_1_Chlorophyll_A_001_phosphate_plate4.tif,1,1024.000,1024,1024
13437,G3_01_1_1_Chlorophyll_A_001_phosphate_plate4.tif,1,1120.000,1120,1120
13438,G3_01_1_1_Chlorophyll_A_001_phosphate_plate4.tif,2,960.000,944,976
13439,G3_01_1_1_Chlorophyll_A_001_phosphate_plate4.tif,1,944.000,944,944
13440,G3_01_1_1_Chlorophyll_A_001_phosphate_plate4.tif,1,976.000,976,976
13441,G3_01_1_1_Chlorophyll_A_001_phosphate_plate4.tif,1,976.000,976,976
13442,G3_01_1_1_Chlorophyll_A_001_phosphate_plate4.tif,1,1056.000,1056,1056
13443,G3_01_1_1_Chlorophyll_A_001_phosphate_plate4.tif,89,4126.742,944,30272
13444,G3_01_1_1_Chlorophyll_A_001_phosphate_plate4.tif,1,976.000,976,976
13445,G3_01_1_1_Chlorophyll_A_001_phosphate_plate4.tif,1,976.000,976,976
13446,G3_01_1_1_Chlorophyll_A_001_phosphate_plate4.tif,36,1092.444,944,1344
13447,G3_01_1_1_Chlorophyll_A_001_phosphate_plate4.tif,1,1168.000,1168,1168
13448,G3_01_1_1_Chlorophyll_A_001_phosphate_plate4.tif,1,1120.000,1120,1120
13449,G3_01_1_1_Chlorophyll_A_001_phosphate_plate4.tif,2,1016.000,976,1056
13450,G3_01_1_1_Chlorophyll_A_001_phosphate_plate4.tif,1,1040.000,1040,1040
13451,G3_01_1_1_Chlorophyll_A_001_phosphate_plate4.tif,2,1040.000,1040,1040
13452,G3_01_1_1_Chlorophyll_A_001_phosphate_plate4.tif,3,976.000,960,992
13453,G3_01_1_1_Chlorophyll_A_001_phosphate_plate4.tif,1,944.000,944,944
13454,G3_01_1_1_Chlorophyll_A_001_phosphate_plate4.tif,2,968.000,944,992
13455,G3_01_1_1_Chlorophyll_A_001_phosphate_plate4.tif,2,1024.000,992,1056
13456,G3_01_1_1_Chlorophyll_A_001_phosphate_plate4.tif,1,1072.000,1072,1072
13457,G3_01_1_1_Chlorophyll_A_001_phosphate_plate4.tif,1,944.000,944,944
13458,G3_01_1_1_Chlorophyll_A_001_phosphate_plate4.tif,2,968.000,960,976
13459,G3_01_1_1_Chlorophyll_A_001_phosphate_plate4.tif,3,1024.000,960,1072
13460,G3_01_1_1_Chlorophyll_A_001_phosphate_plate4.tif,1,1008.000,1008,1008
13461,G3_01_1_1_Chlorophyll_A_001_phosphate_plate4.tif,1,1008.000,1008,1008
13462,G3_01_1_1_Chlorophyll_A_001_phosphate_plate4.tif,1,1040.000,1040,1040
13463,G3_01_1_1_Chlorophyll_A_001_phosphate_plate4.tif,1,960.000,960,960
13464,G3_01_1_1_Chlorophyll_A_001_phosphate_plate4.tif,1,960.000,960,960
13465,G3_01_1_1_Chlorophyll_A_001_phosphate_plate4.tif,27,1150.222,944,1440
13466,G3_01_1_1_Chlorophyll_A_001_phosphate_plate4.tif,1,1344.000,1344,1344
13467,G3_01_1_1_Chlorophyll_A_001_phosphate_plate4.tif,12,1088.000,960,1232
13468,G3_01_1_1_Chlorophyll_A_001_phosphate_plate4.tif,32,1067.000,944,1280
13469,G3_01_1_1_Chlorophyll_A_001_phosphate_plate4.tif,69,1073.391,944,1280
13470,G3_01_1_1_Chlorophyll_A_001_phosphate_plate4.tif,1,960.000,960,960
13471,G3_01_1_1_Chlorophyll_A_001_phosphate_plate4.tif,2,1064.000,1008,1120
13472,G3_01_1_1_Chlorophyll_A_001_phosphate_plate4.tif,6,1016.000,944,1200
13473,G3_01_1_1_Chlorophyll_A_001_phosphate_plate4.tif,1,1056.000,1056,1056
13474,G3_01_1_1_Chlorophyll_A_001_phosphate_plate4.tif,2,1008.000,976,1040
13475,G3_01_1_1_Chlorophyll_A_001_phosphate_plate4.tif,1,1008.000,1008,1008
13476,G3_01_1_1_Chlorophyll_A_001_phosphate_plate4.tif,1,1056.000,1056,1056
13477,G3_01_1_1_Chlorophyll_A_001_phosphate_plate4.tif,1,992.000,992,992
13478,G3_01_1_1_Chlorophyll_A_001_phosphate_plate4.tif,1,976.000,976,976
13479,G3_01_1_1_Chlorophyll_A_001_phosphate_plate4.tif,1,1072.000,1072,1072
13480,G3_01_1_1_Chlorophyll_A_001_phosphate_plate4.tif,153,6029.176,944,34128
13481,G3_01_1_1_Chlorophyll_A_001_phosphate_plate4.tif,30,1093.333,960,1312
13482,G3_01_1_1_Chlorophyll_A_001_phosphate_plate4.tif,307,2502.463,944,37504
13483,G3_01_1_1_Chlorophyll_A_001_phosphate_plate4.tif,6,1040.000,944,1152
13484,G3_01_1_1_Chlorophyll_A_001_phosphate_plate4.tif,1,992.000,992,992
13485,G3_01_1_1_Chlorophyll_A_001_phosphate_plate4.tif,8,1030.000,960,1136
13486,G3_01_1_1_Chlorophyll_A_001_phosphate_plate4.tif,3,1008.000,944,1056
13487,G3_01_1_1_Chlorophyll_A_001_phosphate_plate4.tif,2,1008.000,944,1072
13488,G3_01_1_1_Chlorophyll_A_001_phosphate_plate4.tif,3,1082.667,1040,1120
13489,G3_01_1_1_Chlorophyll_A_001_phosphate_plate4.tif,1,1024.000,1024,1024
13490,G3_01_1_1_Chlorophyll_A_001_phosphate_plate4.tif,3,992.000,960,1056
13491,G3_01_1_1_Chlorophyll_A_001_phosphate_plate4.tif,2,952.000,944,960
13492,G3_01_1_1_Chlorophyll_A_001_phosphate_plate4.tif,1,1040.000,1040,1040
13493,G3_01_1_1_Chlorophyll_A_001_phosphate_plate4.tif,1,1024.000,1024,1024
13494,G3_01_1_1_Chlorophyll_A_001_phosphate_plate4.tif,2,1008.000,992,1024
13495,G3_01_1_1_Chlorophyll_A_001_phosphate_plate4.tif,1,1024.000,1024,1024
13496,G3_01_1_1_Chlorophyll_A_001_phosphate_plate4.tif,53,4117.132,960,15216
13497,G3_01_1_1_Chlorophyll_A_001_phosphate_plate4.tif,193,2270.342,944,20288
13498,G3_01_1_1_Chlorophyll_A_001_phosphate_plate4.tif,27,1069.630,944,1264
13499,G3_01_1_1_Chlorophyll_A_001_phosphate_plate4.tif,74,1058.378,944,1360
13500,G3_01_1_1_Chlorophyll_A_001_phosphate_plate4.tif,29,1037.793,944,1200
13501,G3_01_1_1_Chlorophyll_A_001_phosphate_plate4.tif,1,1184.000,1184,1184
13502,G3_01_1_1_Chlorophyll_A_001_phosphate_plate4.tif,2,992.000,992,992
13503,G3_01_1_1_Chlorophyll_A_001_phosphate_plate4.tif,2,944.000,944,944
13504,G3_01_1_1_Chlorophyll_A_001_phosphate_plate4.tif,1,960.000,960,960
13505,G3_01_1_1_Chlorophyll_A_001_phosphate_plate4.tif,1,960.000,960,960
13506,G3_01_1_1_Chlorophyll_A_001_phosphate_plate4.tif,1,1008.000,1008,1008
13507,G3_01_1_1_Chlorophyll_A_001_phosphate_plate4.tif,1,960.000,960,960
13508,G3_01_1_1_Chlorophyll_A_001_phosphate_plate4.tif,14,1075.429,944,1264
13509,G3_01_1_1_Chlorophyll_A_001_phosphate_plate4.tif,33,1105.455,960,1344
13510,G3_01_1_1_Chlorophyll_A_001_phosphate_plate4.tif,3,1072.000,960,1200
13511,G3_01_1_1_Chlorophyll_A_001_phosphate_plate4.tif,1,944.000,944,944
13512,G3_01_1_1_Chlorophyll_A_001_phosphate_plate4.tif,1,944.000,944,944
13513,G3_01_1_1_Chlorophyll_A_001_phosphate_plate4.tif,1,1024.000,1024,1024
13514,G3_01_1_1_Chlorophyll_A_001_phosphate_plate4.tif,1,992.000,992,992
13515,G3_01_1_1_Chlorophyll_A_001_phosphate_plate4.tif,1,1136.000,1136,1136
13516,G3_01_1_1_Chlorophyll_A_001_phosphate_plate4.tif,2,1056.000,976,1136
13517,G3_01_1_1_Chlorophyll_A_001_phosphate_plate4.tif,1,992.000,992,992
13518,G3_01_1_1_Chlorophyll_A_001_phosphate_plate4.tif,108,4675.556,944,33680
13519,G3_01_1_1_Chlorophyll_A_001_phosphate_plate4.tif,1,1008.000,1008,1008
13520,G3_01_1_1_Chlorophyll_A_001_phosphate_plate4.tif,38,1091.368,944,1360
13521,G3_01_1_1_Chlorophyll_A_001_phosphate_plate4.tif,1,1088.000,1088,1088
13522,G3_01_1_1_Chlorophyll_A_001_phosphate_plate4.tif,3,986.667,944,1024
13523,G3_01_1_1_Chlorophyll_A_001_phosphate_plate4.tif,3,1082.667,1056,1120
13524,G3_01_1_1_Chlorophyll_A_001_phosphate_plate4.tif,4,1024.000,944,1088
13525,G3_01_1_1_Chlorophyll_A_001_phosphate_plate4.tif,1,1008.000,1008,1008
13526,G3_01_1_1_Chlorophyll_A_001_phosphate_plate4.tif,1,1088.000,1088,1088
13527,G3_01_1_1_Chlorophyll_A_001_phosphate_plate4.tif,2,960.000,960,960
13528,G3_01_1_1_Chlorophyll_A_001_phosphate_plate4.tif,1,960.000,960,960
13529,G3_01_1_1_Chlorophyll_A_001_phosphate_plate4.tif,1,1072.000,1072,1072
13530,G3_01_1_1_Chlorophyll_A_001_phosphate_plate4.tif,1,1072.000,1072,1072
13531,G3_01_1_1_Chlorophyll_A_001_phosphate_plate4.tif,1,1024.000,1024,1024
13532,G3_01_1_1_Chlorophyll_A_001_phosphate_plate4.tif,1,992.000,992,992
13533,G3_01_1_1_Chlorophyll_A_001_phosphate_plate4.tif,1,992.000,992,992
13534,G3_01_1_1_Chlorophyll_A_001_phosphate_plate4.tif,20,1102.400,944,1376
13535,G3_01_1_1_Chlorophyll_A_001_phosphate_plate4.tif,26,1092.923,944,1344
13536,G3_01_1_1_Chlorophyll_A_001_phosphate_plate4.tif,14,1163.429,960,1328
13537,G3_01_1_1_Chlorophyll_A_001_phosphate_plate4.tif,34,1091.765,944,1312
13538,G3_01_1_1_Chlorophyll_A_001_phosphate_plate4.tif,1,1056.000,1056,1056
13539,G3_01_1_1_Chlorophyll_A_001_phosphate_plate4.tif,1,960.000,960,960
13540,G3_01_1_1_Chlorophyll_A_001_phosphate_plate4.tif,1,1040.000,1040,1040
13541,G3_01_1_1_Chlorophyll_A_001_phosphate_plate4.tif,1,1008.000,1008,1008
13542,G3_01_1_1_Chlorophyll_A_001_phosphate_plate4.tif,1,1056.000,1056,1056
13543,G3_01_1_1_Chlorophyll_A_001_phosphate_plate4.tif,1,1008.000,1008,1008
13544,G3_01_1_1_Chlorophyll_A_001_phosphate_plate4.tif,1,992.000,992,992
13545,G3_01_1_1_Chlorophyll_A_001_phosphate_plate4.tif,1,992.000,992,992
13546,G3_01_1_1_Chlorophyll_A_001_phosphate_plate4.tif,1,976.000,976,976
13547,G3_01_1_1_Chlorophyll_A_001_phosphate_plate4.tif,98,4817.306,944,28320
13548,G3_01_1_1_Chlorophyll_A_001_phosphate_plate4.tif,18,1129.778,944,1360
13549,G3_01_1_1_Chlorophyll_A_001_phosphate_plate4.tif,35,1103.543,944,1424
13550,G3_01_1_1_Chlorophyll_A_001_phosphate_plate4.tif,1,960.000,960,960
13551,G3_01_1_1_Chlorophyll_A_001_phosphate_plate4.tif,1,960.000,960,960
13552,G3_01_1_1_Chlorophyll_A_001_phosphate_plate4.tif,20,1036.800,944,1424
13553,G3_01_1_1_Chlorophyll_A_001_phosphate_plate4.tif,2,1040.000,944,1136
13554,G3_01_1_1_Chlorophyll_A_001_phosphate_plate4.tif,1,1008.000,1008,1008
13555,G3_01_1_1_Chlorophyll_A_001_phosphate_plate4.tif,2,992.000,992,992
13556,G3_01_1_1_Chlorophyll_A_001_phosphate_plate4.tif,1,960.000,960,960
13557,G3_01_1_1_Chlorophyll_A_001_phosphate_plate4.tif,2,944.000,944,944
13558,G3_01_1_1_Chlorophyll_A_001_phosphate_plate4.tif,1,1008.000,1008,1008
13559,G3_01_1_1_Chlorophyll_A_001_phosphate_plate4.tif,1,944.000,944,944
13560,G3_01_1_1_Chlorophyll_A_001_phosphate_plate4.tif,1,944.000,944,944
13561,G3_01_1_1_Chlorophyll_A_001_phosphate_plate4.tif,41,1097.756,944,1344
13562,G3_01_1_1_Chlorophyll_A_001_phosphate_plate4.tif,19,1087.158,960,1296
13563,G3_01_1_1_Chlorophyll_A_001_phosphate_plate4.tif,489,2727.755,944,28752
13564,G3_01_1_1_Chlorophyll_A_001_phosphate_plate4.tif,38,1113.684,944,1616
13565,G3_01_1_1_Chlorophyll_A_001_phosphate_plate4.tif,52,1091.385,944,1440
13566,G3_01_1_1_Chlorophyll_A_001_phosphate_plate4.tif,7,1042.286,944,1264
13567,G3_01_1_1_Chlorophyll_A_001_phosphate_plate4.tif,1,1024.000,1024,1024
13568,G3_01_1_1_Chlorophyll_A_001_phosphate_plate4.tif,1,1024.000,1024,1024
13569,G3_01_1_1_Chlorophyll_A_001_phosphate_plate4.tif,1,976.000,976,976
13570,G3_01_1_1_Chlorophyll_A_001_phosphate_plate4.tif,2,992.000,976,1008
13571,G3_01_1_1_Chlorophyll_A_001_phosphate_plate4.tif,1,960.000,960,960
13572,G3_01_1_1_Chlorophyll_A_001_phosphate_plate4.tif,1,992.000,992,992
13573,G3_01_1_1_Chlorophyll_A_001_phosphate_plate4.tif,1,944.000,944,944
13574,G3_01_1_1_Chlorophyll_A_001_phosphate_plate4.tif,1,960.000,960,960
13575,G3_01_1_1_Chlorophyll_A_001_phosphate_plate4.tif,1,1120.000,1120,1120
13576,G3_01_1_1_Chlorophyll_A_001_phosphate_plate4.tif,1,992.000,992,992
13577,G3_01_1_1_Chlorophyll_A_001_phosphate_plate4.tif,90,5362.489,944,25488
13578,G3_01_1_1_Chlorophyll_A_001_phosphate_plate4.tif,298,2387.007,944,29008
13579,G3_01_1_1_Chlorophyll_A_001_phosphate_plate4.tif,54,1090.963,944,1392
13580,G3_01_1_1_Chlorophyll_A_001_phosphate_plate4.tif,21,1112.381,944,1264
13581,G3_01_1_1_Chlorophyll_A_001_phosphate_plate4.tif,17,1064.471,944,1296
13582,G3_01_1_1_Chlorophyll_A_001_phosphate_plate4.tif,1,992.000,992,992
13583,G3_01_1_1_Chlorophyll_A_001_phosphate_plate4.tif,1,1056.000,1056,1056
13584,G3_01_1_1_Chlorophyll_A_001_phosphate_plate4.tif,5,1011.200,976,1088
13585,G3_01_1_1_Chlorophyll_A_001_phosphate_plate4.tif,1,1040.000,1040,1040
13586,G3_01_1_1_Chlorophyll_A_001_phosphate_plate4.tif,3,1018.667,960,1120
13587,G3_01_1_1_Chlorophyll_A_001_phosphate_plate4.tif,1,1168.000,1168,1168
13588,G3_01_1_1_Chlorophyll_A_001_phosphate_plate4.tif,1,944.000,944,944
13589,G3_01_1_1_Chlorophyll_A_001_phosphate_plate4.tif,1,976.000,976,976
13590,G3_01_1_1_Chlorophyll_A_001_phosphate_plate4.tif,1,1008.000,1008,1008
13591,G3_01_1_1_Chlorophyll_A_001_phosphate_plate4.tif,1,944.000,944,944
13592,G3_01_1_1_Chlorophyll_A_001_phosphate_plate4.tif,4,984.000,960,1040
13593,G3_01_1_1_Chlorophyll_A_001_phosphate_plate4.tif,1,944.000,944,944
13594,G3_01_1_1_Chlorophyll_A_001_phosphate_plate4.tif,85,4216.094,944,23568
13595,G3_01_1_1_Chlorophyll_A_001_phosphate_plate4.tif,1,992.000,992,992
13596,G3_01_1_1_Chlorophyll_A_001_phosphate_plate4.tif,22,1069.818,944,1232
13597,G3_01_1_1_Chlorophyll_A_001_phosphate_plate4.tif,1,1040.000,1040,1040
13598,G3_01_1_1_Chlorophyll_A_001_phosphate_plate4.tif,2,992.000,976,1008
13599,G3_01_1_1_Chlorophyll_A_001_phosphate_plate4.tif,2,960.000,960,960
13600,G3_01_1_1_Chlorophyll_A_001_phosphate_plate4.tif,1,944.000,944,944
13601,G3_01_1_1_Chlorophyll_A_001_phosphate_plate4.tif,1,976.000,976,976
13602,G3_01_1_1_Chlorophyll_A_001_phosphate_plate4.tif,1,976.000,976,976
13603,G3_01_1_1_Chlorophyll_A_001_phosphate_plate4.tif,1,944.000,944,944
13604,G3_01_1_1_Chlorophyll_A_001_phosphate_plate4.tif,45,1121.422,944,1360
13605,G3_01_1_1_Chlorophyll_A_001_phosphate_plate4.tif,29,1073.103,944,1328
13606,G3_01_1_1_Chlorophyll_A_001_phosphate_plate4.tif,18,1102.222,944,1248
13607,G3_01_1_1_Chlorophyll_A_001_phosphate_plate4.tif,12,1076.000,944,1280
13608,G3_01_1_1_Chlorophyll_A_001_phosphate_plate4.tif,2,1064.000,1056,1072
13609,G3_01_1_1_Chlorophyll_A_001_phosphate_plate4.tif,1,1024.000,1024,1024
13610,G3_01_1_1_Chlorophyll_A_001_phosphate_plate4.tif,7,1024.000,944,1184
13611,G3_01_1_1_Chlorophyll_A_001_phosphate_plate4.tif,1,992.000,992,992
13612,G3_01_1_1_Chlorophyll_A_001_phosphate_plate4.tif,1,1024.000,1024,1024
13613,G3_01_1_1_Chlorophyll_A_001_phosphate_plate4.tif,1,976.000,976,976
13614,G3_01_1_1_Chlorophyll_A_001_phosphate_plate4.tif,2,960.000,944,976
13615,G3_01_1_1_Chlorophyll_A_001_phosphate_plate4.tif,1,944.000,944,944
13616,G3_01_1_1_Chlorophyll_A_001_phosphate_plate4.tif,2,1016.000,960,1072
13617,G3_01_1_1_Chlorophyll_A_001_phosphate_plate4.tif,1,1072.000,1072,1072
13618,G3_01_1_1_Chlorophyll_A_001_phosphate_plate4.tif,2,976.000,960,992
13619,G3_01_1_1_Chlorophyll_A_001_phosphate_plate4.tif,1,960.000,960,960
13620,G3_01_1_1_Chlorophyll_A_001_phosphate_plate4.tif,1,944.000,944,944
13621,G3_01_1_1_Chlorophyll_A_001_phosphate_plate4.tif,37,1058.595,944,1360
13622,G3_01_1_1_Chlorophyll_A_001_phosphate_plate4.tif,1,944.000,944,944
13623,G3_01_1_1_Chlorophyll_A_001_phosphate_plate4.tif,1,976.000,976,976
13624,G3_01_1_1_Chlorophyll_A_001_phosphate_plate4.tif,2,1000.000,992,1008
13625,G3_01_1_1_Chlorophyll_A_001_phosphate_plate4.tif,1,1024.000,1024,1024
13626,G3_01_1_1_Chlorophyll_A_001_phosphate_plate4.tif,1,992.000,992,992
13627,G3_01_1_1_Chlorophyll_A_001_phosphate_plate4.tif,1,944.000,944,944
13628,G3_01_1_1_Chlorophyll_A_001_phosphate_plate4.tif,1,960.000,960,960
13629,G3_01_1_1_Chlorophyll_A_001_phosphate_plate4.tif,2,1032.000,992,1072
13630,G3_01_1_1_Chlorophyll_A_001_phosphate_plate4.tif,1,944.000,944,944
13631,G3_01_1_1_Chlorophyll_A_001_phosphate_plate4.tif,1,1072.000,1072,1072
13632,G3_01_1_1_Chlorophyll_A_001_phosphate_plate4.tif,1,976.000,976,976
13633,G3_01_1_1_Chlorophyll_A_001_phosphate_plate4.tif,98,3888.163,944,20144
13634,G3_01_1_1_Chlorophyll_A_001_phosphate_plate4.tif,1,1072.000,1072,1072
13635,G3_01_1_1_Chlorophyll_A_001_phosphate_plate4.tif,1,944.000,944,944
13636,G3_01_1_1_Chlorophyll_A_001_phosphate_plate4.tif,50,1078.080,944,1312
13637,G3_01_1_1_Chlorophyll_A_001_phosphate_plate4.tif,25,1089.280,960,1328
13638,G3_01_1_1_Chlorophyll_A_001_phosphate_plate4.tif,84,1057.143,944,1296
13639,G3_01_1_1_Chlorophyll_A_001_phosphate_plate4.tif,4,1008.000,944,1152
13640,G3_01_1_1_Chlorophyll_A_001_phosphate_plate4.tif,1,944.000,944,944
13641,G3_01_1_1_Chlorophyll_A_001_phosphate_plate4.tif,6,1034.667,960,1152
13642,G3_01_1_1_Chlorophyll_A_001_phosphate_plate4.tif,2,976.000,960,992
13643,G3_01_1_1_Chlorophyll_A_001_phosphate_plate4.tif,1,976.000,976,976
13644,G3_01_1_1_Chlorophyll_A_001_phosphate_plate4.tif,1,944.000,944,944
13645,G3_01_1_1_Chlorophyll_A_001_phosphate_plate4.tif,1,1088.000,1088,1088
13646,G3_01_1_1_Chlorophyll_A_001_phosphate_plate4.tif,1,1072.000,1072,1072
13647,G3_01_1_1_Chlorophyll_A_001_phosphate_plate4.tif,1,976.000,976,976
13648,G3_01_1_1_Chlorophyll_A_001_phosphate_plate4.tif,107,4268.262,944,19536
13649,G3_01_1_1_Chlorophyll_A_001_phosphate_plate4.tif,115,5884.522,944,39056
13650,G3_01_1_1_Chlorophyll_A_001_phosphate_plate4.tif,17,1088.000,944,1504
13651,G3_01_1_1_Chlorophyll_A_001_phosphate_plate4.tif,72,1085.111,944,1456
13652,G3_01_1_1_Chlorophyll_A_001_phosphate_plate4.tif,46,1061.565,960,1216
13653,G3_01_1_1_Chlorophyll_A_001_phosphate_plate4.tif,1,960.000,960,960
13654,G3_01_1_1_Chlorophyll_A_001_phosphate_plate4.tif,7,1033.143,944,1232
13655,G3_01_1_1_Chlorophyll_A_001_phosphate_plate4.tif,9,1008.000,960,1088
13656,G3_01_1_1_Chlorophyll_A_001_phosphate_plate4.tif,2,984.000,976,992
13657,G3_01_1_1_Chlorophyll_A_001_phosphate_plate4.tif,1,1232.000,1232,1232
13658,G3_01_1_1_Chlorophyll_A_001_phosphate_plate4.tif,6,989.333,944,1056
13659,G3_01_1_1_Chlorophyll_A_001_phosphate_plate4.tif,2,960.000,960,960
13660,G3_01_1_1_Chlorophyll_A_001_phosphate_plate4.tif,4,996.000,960,1072
13661,G3_01_1_1_Chlorophyll_A_001_phosphate_plate4.tif,1,1216.000,1216,1216
13662,G3_01_1_1_Chlorophyll_A_001_phosphate_plate4.tif,1,1232.000,1232,1232
13663,G3_01_1_1_Chlorophyll_A_001_phosphate_plate4.tif,42,1102.857,944,1488
13664,G3_01_1_1_Chlorophyll_A_001_phosphate_plate4.tif,12,1060.000,944,1168
13665,G3_01_1_1_Chlorophyll_A_001_phosphate_plate4.tif,4,980.000,944,1072
13666,G3_01_1_1_Chlorophyll_A_001_phosphate_plate4.tif,3,992.000,960,1040
13667,G3_01_1_1_Chlorophyll_A_001_phosphate_plate4.tif,1,976.000,976,976
13668,G3_01_1_1_Chlorophyll_A_001_phosphate_plate4.tif,1,944.000,944,944
13669,G3_01_1_1_Chlorophyll_A_001_phosphate_plate4.tif,1,960.000,960,960
13670,G3_01_1_1_Chlorophyll_A_001_phosphate_plate4.tif,1,1104.000,1104,1104
13671,G3_01_1_1_Chlorophyll_A_001_phosphate_plate4.tif,2,976.000,976,976
13672,G3_01_1_1_Chlorophyll_A_001_phosphate_plate4.tif,2,984.000,976,992
13673,G3_01_1_1_Chlorophyll_A_001_phosphate_plate4.tif,1,1040.000,1040,1040
13674,G3_01_1_1_Chlorophyll_A_001_phosphate_plate4.tif,1,992.000,992,992
13675,G3_01_1_1_Chlorophyll_A_001_phosphate_plate4.tif,1,976.000,976,976
13676,G3_01_1_1_Chlorophyll_A_001_phosphate_plate4.tif,1,944.000,944,944
13677,G3_01_1_1_Chlorophyll_A_001_phosphate_plate4.tif,1,944.000,944,944
13678,G3_01_1_1_Chlorophyll_A_001_phosphate_plate4.tif,2,992.000,976,1008
13679,G3_01_1_1_Chlorophyll_A_001_phosphate_plate4.tif,1,1040.000,1040,1040
13680,G3_01_1_1_Chlorophyll_A_001_phosphate_plate4.tif,1,944.000,944,944
13681,G3_01_1_1_Chlorophyll_A_001_phosphate_plate4.tif,43,1061.953,944,1312
13682,G3_01_1_1_Chlorophyll_A_001_phosphate_plate4.tif,61,1080.656,944,1408
13683,G3_01_1_1_Chlorophyll_A_001_phosphate_plate4.tif,2,1008.000,960,1056
13684,G3_01_1_1_Chlorophyll_A_001_phosphate_plate4.tif,3,1024.000,976,1104
13685,G3_01_1_1_Chlorophyll_A_001_phosphate_plate4.tif,2,976.000,960,992
13686,G3_01_1_1_Chlorophyll_A_001_phosphate_plate4.tif,2,1048.000,1008,1088
13687,G3_01_1_1_Chlorophyll_A_001_phosphate_plate4.tif,3,1072.000,992,1200
13688,G3_01_1_1_Chlorophyll_A_001_phosphate_plate4.tif,1,1008.000,1008,1008
13689,G3_01_1_1_Chlorophyll_A_001_phosphate_plate4.tif,1,1072.000,1072,1072
13690,G3_01_1_1_Chlorophyll_A_001_phosphate_plate4.tif,1,944.000,944,944
13691,G3_01_1_1_Chlorophyll_A_001_phosphate_plate4.tif,1,960.000,960,960
13692,G3_01_1_1_Chlorophyll_A_001_phosphate_plate4.tif,2,944.000,944,944
13693,G3_01_1_1_Chlorophyll_A_001_phosphate_plate4.tif,2,1072.000,1008,1136
13694,G3_01_1_1_Chlorophyll_A_001_phosphate_plate4.tif,2,960.000,960,960
13695,G3_01_1_1_Chlorophyll_A_001_phosphate_plate4.tif,1,1072.000,1072,1072
13696,G3_01_1_1_Chlorophyll_A_001_phosphate_plate4.tif,25,1059.200,944,1328
13697,G3_01_1_1_Chlorophyll_A_001_phosphate_plate4.tif,46,1107.478,944,1328
13698,G3_01_1_1_Chlorophyll_A_001_phosphate_plate4.tif,5,1056.000,992,1120
13699,G3_01_1_1_Chlorophyll_A_001_phosphate_plate4.tif,1,976.000,976,976
13700,G3_01_1_1_Chlorophyll_A_001_phosphate_plate4.tif,1,1008.000,1008,1008
13701,G3_01_1_1_Chlorophyll_A_001_phosphate_plate4.tif,1,960.000,960,960
13702,G3_01_1_1_Chlorophyll_A_001_phosphate_plate4.tif,1,976.000,976,976
13703,G3_01_1_1_Chlorophyll_A_001_phosphate_plate4.tif,3,1002.667,944,1056
13704,G3_01_1_1_Chlorophyll_A_001_phosphate_plate4.tif,1,976.000,976,976
13705,G3_01_1_1_Chlorophyll_A_001_phosphate_plate4.tif,1,944.000,944,944
13706,G3_01_1_1_Chlorophyll_A_001_phosphate_plate4.tif,2,968.000,944,992
13707,G3_01_1_1_Chlorophyll_A_001_phosphate_plate4.tif,1,944.000,944,944
13708,G3_01_1_1_Chlorophyll_A_001_phosphate_plate4.tif,1,944.000,944,944
13709,G3_01_1_1_Chlorophyll_A_001_phosphate_plate4.tif,1,976.000,976,976
13710,G3_01_1_1_Chlorophyll_A_001_phosphate_plate4.tif,1,992.000,992,992
13711,G3_01_1_1_Chlorophyll_A_001_phosphate_plate4.tif,57,4841.544,960,22160
13712,G3_01_1_1_Chlorophyll_A_001_phosphate_plate4.tif,32,1095.000,944,1392
13713,G3_01_1_1_Chlorophyll_A_001_phosphate_plate4.tif,1,1008.000,1008,1008
13714,G3_01_1_1_Chlorophyll_A_001_phosphate_plate4.tif,1,944.000,944,944
13715,G3_01_1_1_Chlorophyll_A_001_phosphate_plate4.tif,1,944.000,944,944
13716,G3_01_1_1_Chlorophyll_A_001_phosphate_plate4.tif,6,986.667,944,1040
13717,G3_01_1_1_Chlorophyll_A_001_phosphate_plate4.tif,1,1216.000,1216,1216
13718,G3_01_1_1_Chlorophyll_A_001_phosphate_plate4.tif,1,992.000,992,992
13719,G3_01_1_1_Chlorophyll_A_001_phosphate_plate4.tif,1,1040.000,1040,1040
13720,G3_01_1_1_Chlorophyll_A_001_phosphate_plate4.tif,1,944.000,944,944
13721,G3_01_1_1_Chlorophyll_A_001_phosphate_plate4.tif,83,4706.699,944,31936
13722,G3_01_1_1_Chlorophyll_A_001_phosphate_plate4.tif,59,1064.678,944,1376
13723,G3_01_1_1_Chlorophyll_A_001_phosphate_plate4.tif,742,2613.261,944,40688
13724,G3_01_1_1_Chlorophyll_A_001_phosphate_plate4.tif,33,1118.061,944,1280
13725,G3_01_1_1_Chlorophyll_A_001_phosphate_plate4.tif,40,1075.200,944,1296
13726,G3_01_1_1_Chlorophyll_A_001_phosphate_plate4.tif,25,1031.040,944,1136
13727,G3_01_1_1_Chlorophyll_A_001_phosphate_plate4.tif,2,1096.000,1088,1104
13728,G3_01_1_1_Chlorophyll_A_001_phosphate_plate4.tif,1,1264.000,1264,1264
13729,G3_01_1_1_Chlorophyll_A_001_phosphate_plate4.tif,3,1013.333,976,1072
13730,G3_01_1_1_Chlorophyll_A_001_phosphate_plate4.tif,1,992.000,992,992
13731,G3_01_1_1_Chlorophyll_A_001_phosphate_plate4.tif,1,960.000,960,960
13732,G3_01_1_1_Chlorophyll_A_001_phosphate_plate4.tif,4,984.000,960,1008
13733,G3_01_1_1_Chlorophyll_A_001_phosphate_plate4.tif,128,3630.875,944,18464
13734,G3_01_1_1_Chlorophyll_A_001_phosphate_plate4.tif,1,1024.000,1024,1024
13735,G3_01_1_1_Chlorophyll_A_001_phosphate_plate4.tif,1,976.000,976,976
13736,G3_01_1_1_Chlorophyll_A_001_phosphate_plate4.tif,1,944.000,944,944
13737,G3_01_1_1_Chlorophyll_A_001_phosphate_plate4.tif,2,952.000,944,960
13738,G3_01_1_1_Chlorophyll_A_001_phosphate_plate4.tif,1,1104.000,1104,1104
13739,G3_01_1_1_Chlorophyll_A_001_phosphate_plate4.tif,1,976.000,976,976
13740,G3_01_1_1_Chlorophyll_A_001_phosphate_plate4.tif,1,992.000,992,992
13741,G3_01_1_1_Chlorophyll_A_001_phosphate_plate4.tif,1,1088.000,1088,1088
13742,G3_01_1_1_Chlorophyll_A_001_phosphate_plate4.tif,36,1093.778,944,1280
13743,G3_01_1_1_Chlorophyll_A_001_phosphate_plate4.tif,24,1061.333,944,1216
13744,G3_01_1_1_Chlorophyll_A_001_phosphate_plate4.tif,1,960.000,960,960
13745,G3_01_1_1_Chlorophyll_A_001_phosphate_plate4.tif,1,976.000,976,976
13746,G3_01_1_1_Chlorophyll_A_001_phosphate_plate4.tif,2,968.000,960,976
13747,G3_01_1_1_Chlorophyll_A_001_phosphate_plate4.tif,1,1008.000,1008,1008
13748,G3_01_1_1_Chlorophyll_A_001_phosphate_plate4.tif,2,968.000,960,976
13749,G3_01_1_1_Chlorophyll_A_001_phosphate_plate4.tif,1,992.000,992,992
13750,G3_01_1_1_Chlorophyll_A_001_phosphate_plate4.tif,2,952.000,944,960
13751,G3_01_1_1_Chlorophyll_A_001_phosphate_plate4.tif,1,944.000,944,944
13752,G3_01_1_1_Chlorophyll_A_001_phosphate_plate4.tif,1,960.000,960,960
13753,G3_01_1_1_Chlorophyll_A_001_phosphate_plate4.tif,1,960.000,960,960
13754,G3_01_1_1_Chlorophyll_A_001_phosphate_plate4.tif,1,992.000,992,992
13755,G3_01_1_1_Chlorophyll_A_001_phosphate_plate4.tif,1,992.000,992,992
13756,G3_01_1_1_Chlorophyll_A_001_phosphate_plate4.tif,1,944.000,944,944
13757,G3_01_1_1_Chlorophyll_A_001_phosphate_plate4.tif,25,1083.520,944,1424
13758,G3_01_1_1_Chlorophyll_A_001_phosphate_plate4.tif,46,1104.348,944,1392
13759,G3_01_1_1_Chlorophyll_A_001_phosphate_plate4.tif,14,1022.857,960,1104
13760,G3_01_1_1_Chlorophyll_A_001_phosphate_plate4.tif,9,1066.667,960,1280
13761,G3_01_1_1_Chlorophyll_A_001_phosphate_plate4.tif,6,1053.333,944,1200
13762,G3_01_1_1_Chlorophyll_A_001_phosphate_plate4.tif,1,944.000,944,944
13763,G3_01_1_1_Chlorophyll_A_001_phosphate_plate4.tif,3,1040.000,960,1152
13764,G3_01_1_1_Chlorophyll_A_001_phosphate_plate4.tif,2,968.000,960,976
13765,G3_01_1_1_Chlorophyll_A_001_phosphate_plate4.tif,5,1158.400,1056,1216
13766,G3_01_1_1_Chlorophyll_A_001_phosphate_plate4.tif,4,1000.000,944,1136
13767,G3_01_1_1_Chlorophyll_A_001_phosphate_plate4.tif,3,986.667,944,1024
13768,G3_01_1_1_Chlorophyll_A_001_phosphate_plate4.tif,3,986.667,944,1040
13769,G3_01_1_1_Chlorophyll_A_001_phosphate_plate4.tif,3,1018.667,976,1040
13770,G3_01_1_1_Chlorophyll_A_001_phosphate_plate4.tif,1,1024.000,1024,1024
13771,G3_01_1_1_Chlorophyll_A_001_phosphate_plate4.tif,1,976.000,976,976
13772,G3_01_1_1_Chlorophyll_A_001_phosphate_plate4.tif,2,960.000,944,976
13773,G3_01_1_1_Chlorophyll_A_001_phosphate_plate4.tif,27,1079.111,944,1392
13774,G3_01_1_1_Chlorophyll_A_001_phosphate_plate4.tif,31,1051.355,960,1264
13775,G3_01_1_1_Chlorophyll_A_001_phosphate_plate4.tif,3,981.333,960,1008
13776,G3_01_1_1_Chlorophyll_A_001_phosphate_plate4.tif,1,976.000,976,976
13777,G3_01_1_1_Chlorophyll_A_001_phosphate_plate4.tif,2,1056.000,944,1168
13778,G3_01_1_1_Chlorophyll_A_001_phosphate_plate4.tif,1,992.000,992,992
13779,G3_01_1_1_Chlorophyll_A_001_phosphate_plate4.tif,1,944.000,944,944
13780,G3_01_1_1_Chlorophyll_A_001_phosphate_plate4.tif,2,1000.000,992,1008
13781,G3_01_1_1_Chlorophyll_A_001_phosphate_plate4.tif,1,960.000,960,960
13782,G3_01_1_1_Chlorophyll_A_001_phosphate_plate4.tif,90,4657.244,944,23568
13783,G3_01_1_1_Chlorophyll_A_001_phosphate_plate4.tif,1,992.000,992,992
13784,G3_01_1_1_Chlorophyll_A_001_phosphate_plate4.tif,1,992.000,992,992
13785,G3_01_1_1_Chlorophyll_A_001_phosphate_plate4.tif,14,1102.857,944,1408
13786,G3_01_1_1_Chlorophyll_A_001_phosphate_plate4.tif,1,976.000,976,976
13787,G3_01_1_1_Chlorophyll_A_001_phosphate_plate4.tif,127,1028.535,944,1264
13788,G3_01_1_1_Chlorophyll_A_001_phosphate_plate4.tif,3,1029.333,992,1088
13789,G3_01_1_1_Chlorophyll_A_001_phosphate_plate4.tif,1,960.000,960,960
13790,G3_01_1_1_Chlorophyll_A_001_phosphate_plate4.tif,1,1040.000,1040,1040
13791,G3_01_1_1_Chlorophyll_A_001_phosphate_plate4.tif,1,992.000,992,992
13792,G3_01_1_1_Chlorophyll_A_001_phosphate_plate4.tif,4,1044.000,944,1120
13793,G3_01_1_1_Chlorophyll_A_001_phosphate_plate4.tif,2,984.000,944,1024
13794,G3_01_1_1_Chlorophyll_A_001_phosphate_plate4.tif,1,976.000,976,976
13795,G3_01_1_1_Chlorophyll_A_001_phosphate_plate4.tif,1,1104.000,1104,1104
13796,G3_01_1_1_Chlorophyll_A_001_phosphate_plate4.tif,1,1040.000,1040,1040
13797,G3_01_1_1_Chlorophyll_A_001_phosphate_plate4.tif,58,1164.966,944,1600
13798,G3_01_1_1_Chlorophyll_A_001_phosphate_plate4.tif,40,1042.400,944,1312
13799,G3_01_1_1_Chlorophyll_A_001_phosphate_plate4.tif,3,976.000,944,992
13800,G3_01_1_1_Chlorophyll_A_001_phosphate_plate4.tif,1,944.000,944,944
13801,G3_01_1_1_Chlorophyll_A_001_phosphate_plate4.tif,1,1008.000,1008,1008
13802,G3_01_1_1_Chlorophyll_A_001_phosphate_plate4.tif,2,968.000,944,992
13803,G3_01_1_1_Chlorophyll_A_001_phosphate_plate4.tif,5,982.400,944,1040
13804,G3_01_1_1_Chlorophyll_A_001_phosphate_plate4.tif,1,1024.000,1024,1024
13805,G3_01_1_1_Chlorophyll_A_001_phosphate_plate4.tif,72,1080.000,944,1360
13806,G3_01_1_1_Chlorophyll_A_001_phosphate_plate4.tif,36,1062.667,944,1248
13807,G3_01_1_1_Chlorophyll_A_001_phosphate_plate4.tif,2,968.000,960,976
13808,G3_01_1_1_Chlorophyll_A_001_phosphate_plate4.tif,4,1040.000,944,1152
13809,G3_01_1_1_Chlorophyll_A_001_phosphate_plate4.tif,12,1018.667,944,1104
13810,G3_01_1_1_Chlorophyll_A_001_phosphate_plate4.tif,1,992.000,992,992
13811,G3_01_1_1_Chlorophyll_A_001_phosphate_plate4.tif,1,1072.000,1072,1072
13812,G3_01_1_1_Chlorophyll_A_001_phosphate_plate4.tif,1,944.000,944,944
13813,G3_01_1_1_Chlorophyll_A_001_phosphate_plate4.tif,1,944.000,944,944
13814,G3_01_1_1_Chlorophyll_A_001_phosphate_plate4.tif,1,960.000,960,960
13815,G3_01_1_1_Chlorophyll_A_001_phosphate_plate4.tif,1,1008.000,1008,1008
13816,G3_01_1_1_Chlorophyll_A_001_phosphate_plate4.tif,56,1090.857,944,1280
13817,G3_01_1_1_Chlorophyll_A_001_phosphate_plate4.tif,531,2356.249,944,26160
13818,G3_01_1_1_Chlorophyll_A_001_phosphate_plate4.tif,78,1090.051,944,1392
13819,G3_01_1_1_Chlorophyll_A_001_phosphate_plate4.tif,6,1064.000,944,1232
13820,G3_01_1_1_Chlorophyll_A_001_phosphate_plate4.tif,2,1040.000,960,1120
13821,G3_01_1_1_Chlorophyll_A_001_phosphate_plate4.tif,3,986.667,944,1040
13822,G3_01_1_1_Chlorophyll_A_001_phosphate_plate4.tif,2,968.000,960,976
13823,G3_01_1_1_Chlorophyll_A_001_phosphate_plate4.tif,1,944.000,944,944
13824,G3_01_1_1_Chlorophyll_A_001_phosphate_plate4.tif,1,992.000,992,992
13825,G3_01_1_1_Chlorophyll_A_001_phosphate_plate4.tif,1,992.000,992,992
13826,G3_01_1_1_Chlorophyll_A_001_phosphate_plate4.tif,66,1051.152,944,1328
13827,G3_01_1_1_Chlorophyll_A_001_phosphate_plate4.tif,47,1042.043,944,1360
13828,G3_01_1_1_Chlorophyll_A_001_phosphate_plate4.tif,1,1040.000,1040,1040
13829,G3_01_1_1_Chlorophyll_A_001_phosphate_plate4.tif,4,972.000,944,992
13830,G3_01_1_1_Chlorophyll_A_001_phosphate_plate4.tif,2,1000.000,976,1024
13831,G3_01_1_1_Chlorophyll_A_001_phosphate_plate4.tif,4,1032.000,960,1152
13832,G3_01_1_1_Chlorophyll_A_001_phosphate_plate4.tif,1,1088.000,1088,1088
13833,G3_01_1_1_Chlorophyll_A_001_phosphate_plate4.tif,1,1024.000,1024,1024
13834,G3_01_1_1_Chlorophyll_A_001_phosphate_plate4.tif,1,960.000,960,960
13835,G3_01_1_1_Chlorophyll_A_001_phosphate_plate4.tif,43,3344.744,944,10816
13836,G3_01_1_1_Chlorophyll_A_001_phosphate_plate4.tif,53,4021.736,944,19840
13837,G3_01_1_1_Chlorophyll_A_001_phosphate_plate4.tif,1,976.000,976,976
13838,G3_01_1_1_Chlorophyll_A_001_phosphate_plate4.tif,30,1106.667,944,1440
13839,G3_01_1_1_Chlorophyll_A_001_phosphate_plate4.tif,102,1057.098,944,1328
13840,G3_01_1_1_Chlorophyll_A_001_phosphate_plate4.tif,4,1020.000,944,1136
13841,G3_01_1_1_Chlorophyll_A_001_phosphate_plate4.tif,1,1072.000,1072,1072
13842,G3_01_1_1_Chlorophyll_A_001_phosphate_plate4.tif,1,1056.000,1056,1056
13843,G3_01_1_1_Chlorophyll_A_001_phosphate_plate4.tif,2,1008.000,976,1040
13844,G3_01_1_1_Chlorophyll_A_001_phosphate_plate4.tif,1,1008.000,1008,1008
13845,G3_01_1_1_Chlorophyll_A_001_phosphate_plate4.tif,1,976.000,976,976
13846,G3_01_1_1_Chlorophyll_A_001_phosphate_plate4.tif,1,944.000,944,944
13847,G3_01_1_1_Chlorophyll_A_001_phosphate_plate4.tif,1,944.000,944,944
13848,G3_01_1_1_Chlorophyll_A_001_phosphate_plate4.tif,1,944.000,944,944
13849,G3_01_1_1_Chlorophyll_A_001_phosphate_plate4.tif,1,1024.000,1024,1024
13850,G3_01_1_1_Chlorophyll_A_001_phosphate_plate4.tif,1,992.000,992,992
13851,G3_01_1_1_Chlorophyll_A_001_phosphate_plate4.tif,1,1040.000,1040,1040
13852,G3_01_1_1_Chlorophyll_A_001_phosphate_plate4.tif,1,1104.000,1104,1104
13853,G3_01_1_1_Chlorophyll_A_001_phosphate_plate4.tif,7,1261.714,1040,1440
13854,G3_01_1_1_Chlorophyll_A_001_phosphate_plate4.tif,61,1102.164,944,1424
13855,G3_01_1_1_Chlorophyll_A_001_phosphate_plate4.tif,48,1132.667,960,1376
13856,G3_01_1_1_Chlorophyll_A_001_phosphate_plate4.tif,28,1082.286,944,1392
13857,G3_01_1_1_Chlorophyll_A_001_phosphate_plate4.tif,130,1046.646,944,1312
13858,G3_01_1_1_Chlorophyll_A_001_phosphate_plate4.tif,10,1006.400,960,1072
13859,G3_01_1_1_Chlorophyll_A_001_phosphate_plate4.tif,3,1104.000,960,1312
13860,G3_01_1_1_Chlorophyll_A_001_phosphate_plate4.tif,1,960.000,960,960
13861,G3_01_1_1_Chlorophyll_A_001_phosphate_plate4.tif,1,1008.000,1008,1008
13862,G3_01_1_1_Chlorophyll_A_001_phosphate_plate4.tif,1,1024.000,1024,1024
13863,G3_01_1_1_Chlorophyll_A_001_phosphate_plate4.tif,3,997.333,960,1056
13864,G3_01_1_1_Chlorophyll_A_001_phosphate_plate4.tif,1,944.000,944,944
13865,G3_01_1_1_Chlorophyll_A_001_phosphate_plate4.tif,1,944.000,944,944
13866,G3_01_1_1_Chlorophyll_A_001_phosphate_plate4.tif,1,944.000,944,944
13867,G3_01_1_1_Chlorophyll_A_001_phosphate_plate4.tif,1,992.000,992,992
13868,G3_01_1_1_Chlorophyll_A_001_phosphate_plate4.tif,1,1072.000,1072,1072
13869,G3_01_1_1_Chlorophyll_A_001_phosphate_plate4.tif,3,1056.000,992,1136
13870,G3_01_1_1_Chlorophyll_A_001_phosphate_plate4.tif,1,1088.000,1088,1088
13871,G3_01_1_1_Chlorophyll_A_001_phosphate_plate4.tif,1,960.000,960,960
13872,G3_01_1_1_Chlorophyll_A_001_phosphate_plate4.tif,1,1216.000,1216,1216
13873,G3_01_1_1_Chlorophyll_A_001_phosphate_plate4.tif,1,1056.000,1056,1056
13874,G3_01_1_1_Chlorophyll_A_001_phosphate_plate4.tif,1,976.000,976,976
13875,G3_01_1_1_Chlorophyll_A_001_phosphate_plate4.tif,1,1056.000,1056,1056
13876,G3_01_1_1_Chlorophyll_A_001_phosphate_plate4.tif,1,944.000,944,944
13877,G3_01_1_1_Chlorophyll_A_001_phosphate_plate4.tif,1,1072.000,1072,1072
13878,G3_01_1_1_Chlorophyll_A_001_phosphate_plate4.tif,1,1024.000,1024,1024
13879,G3_01_1_1_Chlorophyll_A_001_phosphate_plate4.tif,26,1083.692,944,1312
13880,G3_01_1_1_Chlorophyll_A_001_phosphate_plate4.tif,8,988.000,960,1024
13881,G3_01_1_1_Chlorophyll_A_001_phosphate_plate4.tif,20,1041.600,944,1216
13882,G3_01_1_1_Chlorophyll_A_001_phosphate_plate4.tif,1,1104.000,1104,1104
13883,G3_01_1_1_Chlorophyll_A_001_phosphate_plate4.tif,2,992.000,944,1040
13884,G3_01_1_1_Chlorophyll_A_001_phosphate_plate4.tif,1,944.000,944,944
13885,G3_01_1_1_Chlorophyll_A_001_phosphate_plate4.tif,1,1056.000,1056,1056
13886,G3_01_1_1_Chlorophyll_A_001_phosphate_plate4.tif,1,960.000,960,960
13887,G3_01_1_1_Chlorophyll_A_001_phosphate_plate4.tif,1,1088.000,1088,1088
13888,G3_01_1_1_Chlorophyll_A_001_phosphate_plate4.tif,1,1040.000,1040,1040
13889,G3_01_1_1_Chlorophyll_A_001_phosphate_plate4.tif,65,4244.431,976,16144
13890,G3_01_1_1_Chlorophyll_A_001_phosphate_plate4.tif,31,1066.323,960,1264
13891,G3_01_1_1_Chlorophyll_A_001_phosphate_plate4.tif,34,1080.000,944,1360
13892,G3_01_1_1_Chlorophyll_A_001_phosphate_plate4.tif,36,1051.556,944,1296
13893,G3_01_1_1_Chlorophyll_A_001_phosphate_plate4.tif,90,1054.756,944,1392
13894,G3_01_1_1_Chlorophyll_A_001_phosphate_plate4.tif,13,1033.846,944,1248
13895,G3_01_1_1_Chlorophyll_A_001_phosphate_plate4.tif,5,1008.000,944,1072
13896,G3_01_1_1_Chlorophyll_A_001_phosphate_plate4.tif,1,960.000,960,960
13897,G3_01_1_1_Chlorophyll_A_001_phosphate_plate4.tif,1,1008.000,1008,1008
13898,G3_01_1_1_Chlorophyll_A_001_phosphate_plate4.tif,1,992.000,992,992
13899,G3_01_1_1_Chlorophyll_A_001_phosphate_plate4.tif,1,1008.000,1008,1008
13900,G3_01_1_1_Chlorophyll_A_001_phosphate_plate4.tif,1,976.000,976,976
13901,G3_01_1_1_Chlorophyll_A_001_phosphate_plate4.tif,1,1088.000,1088,1088
13902,G3_01_1_1_Chlorophyll_A_001_phosphate_plate4.tif,1,960.000,960,960
13903,G3_01_1_1_Chlorophyll_A_001_phosphate_plate4.tif,1,960.000,960,960
13904,G3_01_1_1_Chlorophyll_A_001_phosphate_plate4.tif,1,1024.000,1024,1024
13905,G3_01_1_1_Chlorophyll_A_001_phosphate_plate4.tif,1,1008.000,1008,1008
13906,G3_01_1_1_Chlorophyll_A_001_phosphate_plate4.tif,30,1042.133,944,1200
13907,G3_01_1_1_Chlorophyll_A_001_phosphate_plate4.tif,1,1008.000,1008,1008
13908,G3_01_1_1_Chlorophyll_A_001_phosphate_plate4.tif,2,1080.000,944,1216
13909,G3_01_1_1_Chlorophyll_A_001_phosphate_plate4.tif,4,992.000,976,1008
13910,G3_01_1_1_Chlorophyll_A_001_phosphate_plate4.tif,3,1109.333,1008,1184
13911,G3_01_1_1_Chlorophyll_A_001_phosphate_plate4.tif,1,992.000,992,992
13912,G3_01_1_1_Chlorophyll_A_001_phosphate_plate4.tif,1,1024.000,1024,1024
13913,G3_01_1_1_Chlorophyll_A_001_phosphate_plate4.tif,2,984.000,976,992
13914,G3_01_1_1_Chlorophyll_A_001_phosphate_plate4.tif,2,968.000,960,976
13915,G3_01_1_1_Chlorophyll_A_001_phosphate_plate4.tif,1,992.000,992,992
13916,G3_01_1_1_Chlorophyll_A_001_phosphate_plate4.tif,2,1080.000,1056,1104
13917,G3_01_1_1_Chlorophyll_A_001_phosphate_plate4.tif,1,976.000,976,976
13918,G3_01_1_1_Chlorophyll_A_001_phosphate_plate4.tif,1,960.000,960,960
13919,G3_01_1_1_Chlorophyll_A_001_phosphate_plate4.tif,1,944.000,944,944
13920,G3_01_1_1_Chlorophyll_A_001_phosphate_plate4.tif,2,952.000,944,960
13921,G3_01_1_1_Chlorophyll_A_001_phosphate_plate4.tif,2,1016.000,976,1056
13922,G3_01_1_1_Chlorophyll_A_001_phosphate_plate4.tif,1,944.000,944,944
13923,G3_01_1_1_Chlorophyll_A_001_phosphate_plate4.tif,78,4031.590,944,16640
13924,G3_01_1_1_Chlorophyll_A_001_phosphate_plate4.tif,100,5277.280,944,23488
13925,G3_01_1_1_Chlorophyll_A_001_phosphate_plate4.tif,229,3442.376,944,32224
13926,G3_01_1_1_Chlorophyll_A_001_phosphate_plate4.tif,48,1101.333,944,1408
13927,G3_01_1_1_Chlorophyll_A_001_phosphate_plate4.tif,2,984.000,960,1008
13928,G3_01_1_1_Chlorophyll_A_001_phosphate_plate4.tif,1,976.000,976,976
13929,G3_01_1_1_Chlorophyll_A_001_phosphate_plate4.tif,1,1040.000,1040,1040
13930,G3_01_1_1_Chlorophyll_A_001_phosphate_plate4.tif,1,960.000,960,960
13931,G3_01_1_1_Chlorophyll_A_001_phosphate_plate4.tif,3,1029.333,992,1072
13932,G3_01_1_1_Chlorophyll_A_001_phosphate_plate4.tif,1,1008.000,1008,1008
13933,G3_01_1_1_Chlorophyll_A_001_phosphate_plate4.tif,6,1029.333,992,1056
13934,G3_01_1_1_Chlorophyll_A_001_phosphate_plate4.tif,1,976.000,976,976
13935,G3_01_1_1_Chlorophyll_A_001_phosphate_plate4.tif,1,944.000,944,944
13936,G3_01_1_1_Chlorophyll_A_001_phosphate_plate4.tif,1,976.000,976,976
13937,G3_01_1_1_Chlorophyll_A_001_phosphate_plate4.tif,1,960.000,960,960
13938,G3_01_1_1_Chlorophyll_A_001_phosphate_plate4.tif,83,4232.482,960,21552
13939,G3_01_1_1_Chlorophyll_A_001_phosphate_plate4.tif,1,1008.000,1008,1008
13940,G3_01_1_1_Chlorophyll_A_001_phosphate_plate4.tif,69,3812.870,944,17968
13941,G3_01_1_1_Chlorophyll_A_001_phosphate_plate4.tif,47,1093.447,944,1328
13942,G3_01_1_1_Chlorophyll_A_001_phosphate_plate4.tif,20,1103.200,960,1280
13943,G3_01_1_1_Chlorophyll_A_001_phosphate_plate4.tif,1,976.000,976,976
13944,G3_01_1_1_Chlorophyll_A_001_phosphate_plate4.tif,9,1041.778,944,1152
13945,G3_01_1_1_Chlorophyll_A_001_phosphate_plate4.tif,4,1060.000,960,1168
13946,G3_01_1_1_Chlorophyll_A_001_phosphate_plate4.tif,1,976.000,976,976
13947,G3_01_1_1_Chlorophyll_A_001_phosphate_plate4.tif,2,1112.000,1088,1136
13948,G3_01_1_1_Chlorophyll_A_001_phosphate_plate4.tif,2,1032.000,960,1104
13949,G3_01_1_1_Chlorophyll_A_001_phosphate_plate4.tif,1,944.000,944,944
13950,G3_01_1_1_Chlorophyll_A_001_phosphate_plate4.tif,4,1104.000,960,1248
13951,G3_01_1_1_Chlorophyll_A_001_phosphate_plate4.tif,1,1104.000,1104,1104
13952,G3_01_1_1_Chlorophyll_A_001_phosphate_plate4.tif,1,960.000,960,960
13953,G3_01_1_1_Chlorophyll_A_001_phosphate_plate4.tif,2,960.000,944,976
13954,G3_01_1_1_Chlorophyll_A_001_phosphate_plate4.tif,2,952.000,944,960
13955,G3_01_1_1_Chlorophyll_A_001_phosphate_plate4.tif,83,3544.867,944,24608
13956,G3_01_1_1_Chlorophyll_A_001_phosphate_plate4.tif,1,976.000,976,976
13957,G3_01_1_1_Chlorophyll_A_001_phosphate_plate4.tif,1,960.000,960,960
13958,G3_01_1_1_Chlorophyll_A_001_phosphate_plate4.tif,16,1013.000,944,1248
13959,G3_01_1_1_Chlorophyll_A_001_phosphate_plate4.tif,2,1104.000,1088,1120
13960,G3_01_1_1_Chlorophyll_A_001_phosphate_plate4.tif,3,1050.667,1024,1072
13961,G3_01_1_1_Chlorophyll_A_001_phosphate_plate4.tif,2,1080.000,1040,1120
13962,G3_01_1_1_Chlorophyll_A_001_phosphate_plate4.tif,2,1088.000,992,1184
13963,G3_01_1_1_Chlorophyll_A_001_phosphate_plate4.tif,2,1000.000,960,1040
13964,G3_01_1_1_Chlorophyll_A_001_phosphate_plate4.tif,1,1072.000,1072,1072
13965,G3_01_1_1_Chlorophyll_A_001_phosphate_plate4.tif,1,944.000,944,944
13966,G3_01_1_1_Chlorophyll_A_001_phosphate_plate4.tif,1,1088.000,1088,1088
13967,G3_01_1_1_Chlorophyll_A_001_phosphate_plate4.tif,1,976.000,976,976
13968,G3_01_1_1_Chlorophyll_A_001_phosphate_plate4.tif,1,1008.000,1008,1008
13969,G3_01_1_1_Chlorophyll_A_001_phosphate_plate4.tif,51,1122.510,944,1376
13970,G3_01_1_1_Chlorophyll_A_001_phosphate_plate4.tif,22,1056.000,944,1280
13971,G3_01_1_1_Chlorophyll_A_001_phosphate_plate4.tif,1,1040.000,1040,1040
13972,G3_01_1_1_Chlorophyll_A_001_phosphate_plate4.tif,2,1008.000,992,1024
13973,G3_01_1_1_Chlorophyll_A_001_phosphate_plate4.tif,2,1064.000,1008,1120
13974,G3_01_1_1_Chlorophyll_A_001_phosphate_plate4.tif,1,1168.000,1168,1168
13975,G3_01_1_1_Chlorophyll_A_001_phosphate_plate4.tif,2,1024.000,992,1056
13976,G3_01_1_1_Chlorophyll_A_001_phosphate_plate4.tif,1,1120.000,1120,1120
13977,G3_01_1_1_Chlorophyll_A_001_phosphate_plate4.tif,1,1152.000,1152,1152
13978,G3_01_1_1_Chlorophyll_A_001_phosphate_plate4.tif,78,4278.769,944,17568
13979,G3_01_1_1_Chlorophyll_A_001_phosphate_plate4.tif,1,960.000,960,960
13980,G3_01_1_1_Chlorophyll_A_001_phosphate_plate4.tif,46,1070.609,944,1360
13981,G3_01_1_1_Chlorophyll_A_001_phosphate_plate4.tif,19,1139.368,976,1328
13982,G3_01_1_1_Chlorophyll_A_001_phosphate_plate4.tif,15,1108.267,944,1232
13983,G3_01_1_1_Chlorophyll_A_001_phosphate_plate4.tif,34,1041.412,944,1280
13984,G3_01_1_1_Chlorophyll_A_001_phosphate_plate4.tif,17,1079.529,944,1248
13985,G3_01_1_1_Chlorophyll_A_001_phosphate_plate4.tif,1,1232.000,1232,1232
13986,G3_01_1_1_Chlorophyll_A_001_phosphate_plate4.tif,1,1184.000,1184,1184
13987,G3_01_1_1_Chlorophyll_A_001_phosphate_plate4.tif,2,1048.000,944,1152
13988,G3_01_1_1_Chlorophyll_A_001_phosphate_plate4.tif,1,1024.000,1024,1024
13989,G3_01_1_1_Chlorophyll_A_001_phosphate_plate4.tif,2,976.000,960,992
13990,G3_01_1_1_Chlorophyll_A_001_phosphate_plate4.tif,1,976.000,976,976
13991,G3_01_1_1_Chlorophyll_A_001_phosphate_plate4.tif,1,976.000,976,976
13992,G3_01_1_1_Chlorophyll_A_001_phosphate_plate4.tif,1,1024.000,1024,1024
13993,G3_01_1_1_Chlorophyll_A_001_phosphate_plate4.tif,78,4793.641,992,17200
13994,G3_01_1_1_Chlorophyll_A_001_phosphate_plate4.tif,68,4144.941,944,18688
13995,G3_01_1_1_Chlorophyll_A_001_phosphate_plate4.tif,2,1024.000,1008,1040
13996,G3_01_1_1_Chlorophyll_A_001_phosphate_plate4.tif,1,1008.000,1008,1008
13997,G3_01_1_1_Chlorophyll_A_001_phosphate_plate4.tif,1,960.000,960,960
13998,G3_01_1_1_Chlorophyll_A_001_phosphate_plate4.tif,1,992.000,992,992
13999,G3_01_1_1_Chlorophyll_A_001_phosphate_plate4.tif,1,944.000,944,944
14000,G3_01_1_1_Chlorophyll_A_001_phosphate_plate4.tif,1,1088.000,1088,1088
14001,G3_01_1_1_Chlorophyll_A_001_phosphate_plate4.tif,1,1056.000,1056,1056
14002,G3_01_1_1_Chlorophyll_A_001_phosphate_plate4.tif,1,960.000,960,960
14003,G3_01_1_1_Chlorophyll_A_001_phosphate_plate4.tif,1,1120.000,1120,1120
14004,G3_01_1_1_Chlorophyll_A_001_phosphate_plate4.tif,1,1088.000,1088,1088
14005,G3_01_1_1_Chlorophyll_A_001_phosphate_plate4.tif,2,984.000,960,1008
14006,G3_01_1_1_Chlorophyll_A_001_phosphate_plate4.tif,1,944.000,944,944
14007,G3_01_1_1_Chlorophyll_A_001_phosphate_plate4.tif,2,968.000,944,992
14008,G3_01_1_1_Chlorophyll_A_001_phosphate_plate4.tif,1,960.000,960,960
14009,G3_01_1_1_Chlorophyll_A_001_phosphate_plate4.tif,1,992.000,992,992
14010,G3_01_1_1_Chlorophyll_A_001_phosphate_plate4.tif,1,976.000,976,976
14011,G3_01_1_1_Chlorophyll_A_001_phosphate_plate4.tif,35,1049.143,944,1328
14012,G3_01_1_1_Chlorophyll_A_001_phosphate_plate4.tif,1,1040.000,1040,1040
14013,G3_01_1_1_Chlorophyll_A_001_phosphate_plate4.tif,4,1052.000,992,1168
14014,G3_01_1_1_Chlorophyll_A_001_phosphate_plate4.tif,1,976.000,976,976
14015,G3_01_1_1_Chlorophyll_A_001_phosphate_plate4.tif,1,1024.000,1024,1024
14016,G3_01_1_1_Chlorophyll_A_001_phosphate_plate4.tif,1,1040.000,1040,1040
14017,G3_01_1_1_Chlorophyll_A_001_phosphate_plate4.tif,1,960.000,960,960
14018,G3_01_1_1_Chlorophyll_A_001_phosphate_plate4.tif,1,960.000,960,960
14019,G3_01_1_1_Chlorophyll_A_001_phosphate_plate4.tif,37,1159.784,960,1424
14020,G3_01_1_1_Chlorophyll_A_001_phosphate_plate4.tif,58,1083.862,944,1520
14021,G3_01_1_1_Chlorophyll_A_001_phosphate_plate4.tif,2,1048.000,976,1120
14022,G3_01_1_1_Chlorophyll_A_001_phosphate_plate4.tif,2,1008.000,976,1040
14023,G3_01_1_1_Chlorophyll_A_001_phosphate_plate4.tif,1,1024.000,1024,1024
14024,G3_01_1_1_Chlorophyll_A_001_phosphate_plate4.tif,11,1032.727,944,1152
14025,G3_01_1_1_Chlorophyll_A_001_phosphate_plate4.tif,1,1120.000,1120,1120
14026,G3_01_1_1_Chlorophyll_A_001_phosphate_plate4.tif,2,968.000,960,976
14027,G3_01_1_1_Chlorophyll_A_001_phosphate_plate4.tif,1,960.000,960,960
14028,G3_01_1_1_Chlorophyll_A_001_phosphate_plate4.tif,1,1040.000,1040,1040
14029,G3_01_1_1_Chlorophyll_A_001_phosphate_plate4.tif,1,944.000,944,944
14030,G3_01_1_1_Chlorophyll_A_001_phosphate_plate4.tif,1,960.000,960,960
14031,G3_01_1_1_Chlorophyll_A_001_phosphate_plate4.tif,3,965.333,944,992
14032,G3_01_1_1_Chlorophyll_A_001_phosphate_plate4.tif,1,960.000,960,960
14033,G3_01_1_1_Chlorophyll_A_001_phosphate_plate4.tif,227,4690.326,944,40752
14034,G3_01_1_1_Chlorophyll_A_001_phosphate_plate4.tif,1,944.000,944,944
14035,G3_01_1_1_Chlorophyll_A_001_phosphate_plate4.tif,1,1008.000,1008,1008
14036,G3_01_1_1_Chlorophyll_A_001_phosphate_plate4.tif,1,960.000,960,960
14037,G3_01_1_1_Chlorophyll_A_001_phosphate_plate4.tif,1,960.000,960,960
14038,G3_01_1_1_Chlorophyll_A_001_phosphate_plate4.tif,54,3891.556,944,15872
14039,G3_01_1_1_Chlorophyll_A_001_phosphate_plate4.tif,554,2755.581,944,32080
14040,G3_01_1_1_Chlorophyll_A_001_phosphate_plate4.tif,45,1078.756,944,1312
14041,G3_01_1_1_Chlorophyll_A_001_phosphate_plate4.tif,31,1053.935,944,1264
14042,G3_01_1_1_Chlorophyll_A_001_phosphate_plate4.tif,52,1062.462,944,1296
14043,G3_01_1_1_Chlorophyll_A_001_phosphate_plate4.tif,1,976.000,976,976
14044,G3_01_1_1_Chlorophyll_A_001_phosphate_plate4.tif,4,1056.000,976,1136
14045,G3_01_1_1_Chlorophyll_A_001_phosphate_plate4.tif,1,1008.000,1008,1008
14046,G3_01_1_1_Chlorophyll_A_001_phosphate_plate4.tif,1,1056.000,1056,1056
14047,G3_01_1_1_Chlorophyll_A_001_phosphate_plate4.tif,2,1000.000,976,1024
14048,G3_01_1_1_Chlorophyll_A_001_phosphate_plate4.tif,1,960.000,960,960
14049,G3_01_1_1_Chlorophyll_A_001_phosphate_plate4.tif,1,944.000,944,944
14050,G3_01_1_1_Chlorophyll_A_001_phosphate_plate4.tif,1,944.000,944,944
14051,G3_01_1_1_Chlorophyll_A_001_phosphate_plate4.tif,10,1043.200,976,1168
14052,G3_01_1_1_Chlorophyll_A_001_phosphate_plate4.tif,17,1057.882,944,1200
14053,G3_01_1_1_Chlorophyll_A_001_phosphate_plate4.tif,17,1081.412,944,1216
14054,G3_01_1_1_Chlorophyll_A_001_phosphate_plate4.tif,46,1096.348,944,1344
14055,G3_01_1_1_Chlorophyll_A_001_phosphate_plate4.tif,1,1056.000,1056,1056
14056,G3_01_1_1_Chlorophyll_A_001_phosphate_plate4.tif,2,1024.000,976,1072
14057,G3_01_1_1_Chlorophyll_A_001_phosphate_plate4.tif,1,960.000,960,960
14058,G3_01_1_1_Chlorophyll_A_001_phosphate_plate4.tif,1,1232.000,1232,1232
14059,G3_01_1_1_Chlorophyll_A_001_phosphate_plate4.tif,1,1120.000,1120,1120
14060,G3_01_1_1_Chlorophyll_A_001_phosphate_plate4.tif,1,976.000,976,976
14061,G3_01_1_1_Chlorophyll_A_001_phosphate_plate4.tif,1,960.000,960,960
14062,G3_01_1_1_Chlorophyll_A_001_phosphate_plate4.tif,2,968.000,944,992
14063,G3_01_1_1_Chlorophyll_A_001_phosphate_plate4.tif,4,1012.000,960,1040
14064,G3_01_1_1_Chlorophyll_A_001_phosphate_plate4.tif,2,1088.000,1072,1104
14065,G3_01_1_1_Chlorophyll_A_001_phosphate_plate4.tif,1,1120.000,1120,1120
14066,G3_01_1_1_Chlorophyll_A_001_phosphate_plate4.tif,2,992.000,992,992
14067,G3_01_1_1_Chlorophyll_A_001_phosphate_plate4.tif,1,1280.000,1280,1280
14068,G3_01_1_1_Chlorophyll_A_001_phosphate_plate4.tif,1,1072.000,1072,1072
14069,G3_01_1_1_Chlorophyll_A_001_phosphate_plate4.tif,1,976.000,976,976
14070,G3_01_1_1_Chlorophyll_A_001_phosphate_plate4.tif,85,4928.000,960,26048
14071,G3_01_1_1_Chlorophyll_A_001_phosphate_plate4.tif,21,1076.571,960,1248
14072,G3_01_1_1_Chlorophyll_A_001_phosphate_plate4.tif,33,1078.303,944,1344
14073,G3_01_1_1_Chlorophyll_A_001_phosphate_plate4.tif,2,992.000,960,1024
14074,G3_01_1_1_Chlorophyll_A_001_phosphate_plate4.tif,29,1068.690,944,1360
14075,G3_01_1_1_Chlorophyll_A_001_phosphate_plate4.tif,2,1008.000,976,1040
14076,G3_01_1_1_Chlorophyll_A_001_phosphate_plate4.tif,1,1072.000,1072,1072
14077,G3_01_1_1_Chlorophyll_A_001_phosphate_plate4.tif,3,1072.000,1040,1136
14078,G3_01_1_1_Chlorophyll_A_001_phosphate_plate4.tif,1,1056.000,1056,1056
14079,G3_01_1_1_Chlorophyll_A_001_phosphate_plate4.tif,1,960.000,960,960
14080,G3_01_1_1_Chlorophyll_A_001_phosphate_plate4.tif,2,1016.000,992,1040
14081,G3_01_1_1_Chlorophyll_A_001_phosphate_plate4.tif,1,944.000,944,944
14082,G3_01_1_1_Chlorophyll_A_001_phosphate_plate4.tif,1,944.000,944,944
14083,G3_01_1_1_Chlorophyll_A_001_phosphate_plate4.tif,109,6076.330,944,40192
14084,G3_01_1_1_Chlorophyll_A_001_phosphate_plate4.tif,1,1008.000,1008,1008
14085,G3_01_1_1_Chlorophyll_A_001_phosphate_plate4.tif,259,2298.934,944,23472
14086,G3_01_1_1_Chlorophyll_A_001_phosphate_plate4.tif,26,1027.077,960,1184
14087,G3_01_1_1_Chlorophyll_A_001_phosphate_plate4.tif,16,1032.000,960,1360
14088,G3_01_1_1_Chlorophyll_A_001_phosphate_plate4.tif,3,986.667,960,1008
14089,G3_01_1_1_Chlorophyll_A_001_phosphate_plate4.tif,1,976.000,976,976
14090,G3_01_1_1_Chlorophyll_A_001_phosphate_plate4.tif,1,944.000,944,944
14091,G3_01_1_1_Chlorophyll_A_001_phosphate_plate4.tif,1,944.000,944,944
14092,G3_01_1_1_Chlorophyll_A_001_phosphate_plate4.tif,1,1008.000,1008,1008
14093,G3_01_1_1_Chlorophyll_A_001_phosphate_plate4.tif,1,1056.000,1056,1056
14094,G3_01_1_1_Chlorophyll_A_001_phosphate_plate4.tif,2,976.000,976,976
14095,G3_01_1_1_Chlorophyll_A_001_phosphate_plate4.tif,1,1008.000,1008,1008
14096,G3_01_1_1_Chlorophyll_A_001_phosphate_plate4.tif,1,944.000,944,944
14097,G3_01_1_1_Chlorophyll_A_001_phosphate_plate4.tif,1,1008.000,1008,1008
14098,G3_01_1_1_Chlorophyll_A_001_phosphate_plate4.tif,1,976.000,976,976
14099,G3_01_1_1_Chlorophyll_A_001_phosphate_plate4.tif,22,1087.273,944,1296
14100,G3_01_1_1_Chlorophyll_A_001_phosphate_plate4.tif,46,1108.522,944,1296
14101,G3_01_1_1_Chlorophyll_A_001_phosphate_plate4.tif,1,1056.000,1056,1056
14102,G3_01_1_1_Chlorophyll_A_001_phosphate_plate4.tif,2,1024.000,960,1088
14103,G3_01_1_1_Chlorophyll_A_001_phosphate_plate4.tif,4,1012.000,960,1056
14104,G3_01_1_1_Chlorophyll_A_001_phosphate_plate4.tif,1,976.000,976,976
14105,G3_01_1_1_Chlorophyll_A_001_phosphate_plate4.tif,1,1072.000,1072,1072
14106,G3_01_1_1_Chlorophyll_A_001_phosphate_plate4.tif,1,944.000,944,944
14107,G3_01_1_1_Chlorophyll_A_001_phosphate_plate4.tif,1,1152.000,1152,1152
14108,G3_01_1_1_Chlorophyll_A_001_phosphate_plate4.tif,2,984.000,976,992
14109,G3_01_1_1_Chlorophyll_A_001_phosphate_plate4.tif,2,1024.000,960,1088
14110,G3_01_1_1_Chlorophyll_A_001_phosphate_plate4.tif,2,976.000,960,992
14111,G3_01_1_1_Chlorophyll_A_001_phosphate_plate4.tif,1,992.000,992,992
14112,G3_01_1_1_Chlorophyll_A_001_phosphate_plate4.tif,3,1002.667,944,1120
14113,G3_01_1_1_Chlorophyll_A_001_phosphate_plate4.tif,1,992.000,992,992
14114,G3_01_1_1_Chlorophyll_A_001_phosphate_plate4.tif,1,960.000,960,960
14115,G3_01_1_1_Chlorophyll_A_001_phosphate_plate4.tif,93,5756.903,976,29168
14116,G3_01_1_1_Chlorophyll_A_001_phosphate_plate4.tif,16,1146.000,944,1600
14117,G3_01_1_1_Chlorophyll_A_001_phosphate_plate4.tif,13,1019.077,944,1104
14118,G3_01_1_1_Chlorophyll_A_001_phosphate_plate4.tif,2,1008.000,960,1056
14119,G3_01_1_1_Chlorophyll_A_001_phosphate_plate4.tif,1,1008.000,1008,1008
14120,G3_01_1_1_Chlorophyll_A_001_phosphate_plate4.tif,3,981.333,944,1024
14121,G3_01_1_1_Chlorophyll_A_001_phosphate_plate4.tif,177,3557.333,944,29024
14122,G3_01_1_1_Chlorophyll_A_001_phosphate_plate4.tif,2,976.000,960,992
14123,G3_01_1_1_Chlorophyll_A_001_phosphate_plate4.tif,2,1088.000,1024,1152
14124,G3_01_1_1_Chlorophyll_A_001_phosphate_plate4.tif,1,976.000,976,976
14125,G3_01_1_1_Chlorophyll_A_001_phosphate_plate4.tif,1,1008.000,1008,1008
14126,G3_01_1_1_Chlorophyll_A_001_phosphate_plate4.tif,1,960.000,960,960
14127,G3_01_1_1_Chlorophyll_A_001_phosphate_plate4.tif,1,944.000,944,944
14128,G3_01_1_1_Chlorophyll_A_001_phosphate_plate4.tif,1,944.000,944,944
14129,G3_01_1_1_Chlorophyll_A_001_phosphate_plate4.tif,102,4582.588,944,25392
14130,G3_01_1_1_Chlorophyll_A_001_phosphate_plate4.tif,645,2792.558,944,30512
14131,G3_01_1_1_Chlorophyll_A_001_phosphate_plate4.tif,78,1075.897,944,1376
14132,G3_01_1_1_Chlorophyll_A_001_phosphate_plate4.tif,75,1064.107,944,1344
14133,G3_01_1_1_Chlorophyll_A_001_phosphate_plate4.tif,3,1082.667,992,1232
14134,G3_01_1_1_Chlorophyll_A_001_phosphate_plate4.tif,5,1036.800,976,1136
14135,G3_01_1_1_Chlorophyll_A_001_phosphate_plate4.tif,8,1042.000,976,1136
14136,G3_01_1_1_Chlorophyll_A_001_phosphate_plate4.tif,1,992.000,992,992
14137,G3_01_1_1_Chlorophyll_A_001_phosphate_plate4.tif,1,960.000,960,960
14138,G3_01_1_1_Chlorophyll_A_001_phosphate_plate4.tif,1,960.000,960,960
14139,G3_01_1_1_Chlorophyll_A_001_phosphate_plate4.tif,1,1024.000,1024,1024
14140,G3_01_1_1_Chlorophyll_A_001_phosphate_plate4.tif,1,944.000,944,944
14141,G3_01_1_1_Chlorophyll_A_001_phosphate_plate4.tif,1,944.000,944,944
14142,G3_01_1_1_Chlorophyll_A_001_phosphate_plate4.tif,1,976.000,976,976
14143,G3_01_1_1_Chlorophyll_A_001_phosphate_plate4.tif,1,944.000,944,944
14144,G3_01_1_1_Chlorophyll_A_001_phosphate_plate4.tif,1,960.000,960,960
14145,G3_01_1_1_Chlorophyll_A_001_phosphate_plate4.tif,1,1168.000,1168,1168
14146,G3_01_1_1_Chlorophyll_A_001_phosphate_plate4.tif,2,960.000,944,976
14147,G3_01_1_1_Chlorophyll_A_001_phosphate_plate4.tif,1,1136.000,1136,1136
14148,G3_01_1_1_Chlorophyll_A_001_phosphate_plate4.tif,4,988.000,960,1008
14149,G3_01_1_1_Chlorophyll_A_001_phosphate_plate4.tif,5,1014.400,944,1056
14150,G3_01_1_1_Chlorophyll_A_001_phosphate_plate4.tif,1,960.000,960,960
14151,G3_01_1_1_Chlorophyll_A_001_phosphate_plate4.tif,3,1018.667,944,1120
14152,G3_01_1_1_Chlorophyll_A_001_phosphate_plate4.tif,1,960.000,960,960
14153,G3_01_1_1_Chlorophyll_A_001_phosphate_plate4.tif,33,1079.273,944,1376
14154,G3_01_1_1_Chlorophyll_A_001_phosphate_plate4.tif,24,1098.000,960,1216
14155,G3_01_1_1_Chlorophyll_A_001_phosphate_plate4.tif,3,992.000,960,1040
14156,G3_01_1_1_Chlorophyll_A_001_phosphate_plate4.tif,1,992.000,992,992
14157,G3_01_1_1_Chlorophyll_A_001_phosphate_plate4.tif,1,976.000,976,976
14158,G3_01_1_1_Chlorophyll_A_001_phosphate_plate4.tif,1,992.000,992,992
14159,G3_01_1_1_Chlorophyll_A_001_phosphate_plate4.tif,2,960.000,960,960
14160,G3_01_1_1_Chlorophyll_A_001_phosphate_plate4.tif,1,960.000,960,960
14161,G3_01_1_1_Chlorophyll_A_001_phosphate_plate4.tif,2,992.000,976,1008
14162,G3_01_1_1_Chlorophyll_A_001_phosphate_plate4.tif,1,1056.000,1056,1056
14163,G3_01_1_1_Chlorophyll_A_001_phosphate_plate4.tif,1,1040.000,1040,1040
14164,G3_01_1_1_Chlorophyll_A_001_phosphate_plate4.tif,1,960.000,960,960
14165,G3_01_1_1_Chlorophyll_A_001_phosphate_plate4.tif,1,976.000,976,976
14166,G3_01_1_1_Chlorophyll_A_001_phosphate_plate4.tif,59,3879.051,944,16736
14167,G3_01_1_1_Chlorophyll_A_001_phosphate_plate4.tif,1,1008.000,1008,1008
14168,G3_01_1_1_Chlorophyll_A_001_phosphate_plate4.tif,11,1050.182,976,1312
14169,G3_01_1_1_Chlorophyll_A_001_phosphate_plate4.tif,142,1033.239,944,1344
14170,G3_01_1_1_Chlorophyll_A_001_phosphate_plate4.tif,2,976.000,944,1008
14171,G3_01_1_1_Chlorophyll_A_001_phosphate_plate4.tif,3,970.667,944,1008
14172,G3_01_1_1_Chlorophyll_A_001_phosphate_plate4.tif,3,1098.667,1024,1152
14173,G3_01_1_1_Chlorophyll_A_001_phosphate_plate4.tif,8,1038.000,944,1232
14174,G3_01_1_1_Chlorophyll_A_001_phosphate_plate4.tif,1,960.000,960,960
14175,G3_01_1_1_Chlorophyll_A_001_phosphate_plate4.tif,115,3258.296,944,25744
14176,G3_01_1_1_Chlorophyll_A_001_phosphate_plate4.tif,1,992.000,992,992
14177,G3_01_1_1_Chlorophyll_A_001_phosphate_plate4.tif,1,976.000,976,976
14178,G3_01_1_1_Chlorophyll_A_001_phosphate_plate4.tif,61,1064.131,960,1296
14179,G3_01_1_1_Chlorophyll_A_001_phosphate_plate4.tif,8,1184.000,1008,1488
14180,G3_01_1_1_Chlorophyll_A_001_phosphate_plate4.tif,47,1088.681,944,1280
14181,G3_01_1_1_Chlorophyll_A_001_phosphate_plate4.tif,2,1048.000,1024,1072
14182,G3_01_1_1_Chlorophyll_A_001_phosphate_plate4.tif,2,968.000,960,976
14183,G3_01_1_1_Chlorophyll_A_001_phosphate_plate4.tif,3,1061.333,1024,1120
14184,G3_01_1_1_Chlorophyll_A_001_phosphate_plate4.tif,1,944.000,944,944
14185,G3_01_1_1_Chlorophyll_A_001_phosphate_plate4.tif,142,2079.662,944,14176
14186,G3_01_1_1_Chlorophyll_A_001_phosphate_plate4.tif,1,1008.000,1008,1008
14187,G3_01_1_1_Chlorophyll_A_001_phosphate_plate4.tif,1,1056.000,1056,1056
14188,G3_01_1_1_Chlorophyll_A_001_phosphate_plate4.tif,2,1032.000,976,1088
14189,G3_01_1_1_Chlorophyll_A_001_phosphate_plate4.tif,1,992.000,992,992
14190,G3_01_1_1_Chlorophyll_A_001_phosphate_plate4.tif,1,992.000,992,992
14191,G3_01_1_1_Chlorophyll_A_001_phosphate_plate4.tif,2,960.000,944,976
14192,G3_01_1_1_Chlorophyll_A_001_phosphate_plate4.tif,1,992.000,992,992
14193,G3_01_1_1_Chlorophyll_A_001_phosphate_plate4.tif,1,1008.000,1008,1008
14194,G3_01_1_1_Chlorophyll_A_001_phosphate_plate4.tif,61,3777.574,960,17280
14195,G3_01_1_1_Chlorophyll_A_001_phosphate_plate4.tif,8,1098.000,976,1232
14196,G3_01_1_1_Chlorophyll_A_001_phosphate_plate4.tif,55,1070.545,944,1280
14197,G3_01_1_1_Chlorophyll_A_001_phosphate_plate4.tif,7,1003.429,944,1072
14198,G3_01_1_1_Chlorophyll_A_001_phosphate_plate4.tif,1,1136.000,1136,1136
14199,G3_01_1_1_Chlorophyll_A_001_phosphate_plate4.tif,1,976.000,976,976
14200,G3_01_1_1_Chlorophyll_A_001_phosphate_plate4.tif,1,992.000,992,992
14201,G3_01_1_1_Chlorophyll_A_001_phosphate_plate4.tif,1,960.000,960,960
14202,G3_01_1_1_Chlorophyll_A_001_phosphate_plate4.tif,1,944.000,944,944
14203,G3_01_1_1_Chlorophyll_A_001_phosphate_plate4.tif,22,1077.091,944,1296
14204,G3_01_1_1_Chlorophyll_A_001_phosphate_plate4.tif,43,1066.419,944,1376
14205,G3_01_1_1_Chlorophyll_A_001_phosphate_plate4.tif,2,1008.000,960,1056
14206,G3_01_1_1_Chlorophyll_A_001_phosphate_plate4.tif,1,1152.000,1152,1152
14207,G3_01_1_1_Chlorophyll_A_001_phosphate_plate4.tif,1,976.000,976,976
14208,G3_01_1_1_Chlorophyll_A_001_phosphate_plate4.tif,22,1100.364,944,1344
14209,G3_01_1_1_Chlorophyll_A_001_phosphate_plate4.tif,7,1035.429,960,1168
14210,G3_01_1_1_Chlorophyll_A_001_phosphate_plate4.tif,32,1091.500,944,1392
14211,G3_01_1_1_Chlorophyll_A_001_phosphate_plate4.tif,2,1136.000,1056,1216
14212,G3_01_1_1_Chlorophyll_A_001_phosphate_plate4.tif,5,1004.800,944,1136
14213,G3_01_1_1_Chlorophyll_A_001_phosphate_plate4.tif,3,976.000,944,992
14214,G3_01_1_1_Chlorophyll_A_001_phosphate_plate4.tif,1,1072.000,1072,1072
14215,G3_01_1_1_Chlorophyll_A_001_phosphate_plate4.tif,1,976.000,976,976
14216,G3_01_1_1_Chlorophyll_A_001_phosphate_plate4.tif,2,1016.000,944,1088
14217,G3_01_1_1_Chlorophyll_A_001_phosphate_plate4.tif,1,960.000,960,960
14218,G3_01_1_1_Chlorophyll_A_001_phosphate_plate4.tif,1,944.000,944,944
14219,G3_01_1_1_Chlorophyll_A_001_phosphate_plate4.tif,47,1077.106,944,1344
14220,G3_01_1_1_Chlorophyll_A_001_phosphate_plate4.tif,25,1087.360,944,1296
14221,G3_01_1_1_Chlorophyll_A_001_phosphate_plate4.tif,1,960.000,960,960
14222,G3_01_1_1_Chlorophyll_A_001_phosphate_plate4.tif,2,960.000,960,960
14223,G3_01_1_1_Chlorophyll_A_001_phosphate_plate4.tif,1,1072.000,1072,1072
14224,G3_01_1_1_Chlorophyll_A_001_phosphate_plate4.tif,1,960.000,960,960
14225,G3_01_1_1_Chlorophyll_A_001_phosphate_plate4.tif,1,1120.000,1120,1120
14226,G3_01_1_1_Chlorophyll_A_001_phosphate_plate4.tif,1,976.000,976,976
14227,G3_01_1_1_Chlorophyll_A_001_phosphate_plate4.tif,1,944.000,944,944
14228,G3_01_1_1_Chlorophyll_A_001_phosphate_plate4.tif,24,1023.333,944,1168
14229,G3_01_1_1_Chlorophyll_A_001_phosphate_plate4.tif,32,1071.000,944,1248
14230,G3_01_1_1_Chlorophyll_A_001_phosphate_plate4.tif,3,1029.333,1008,1056
14231,G3_01_1_1_Chlorophyll_A_001_phosphate_plate4.tif,2,1032.000,976,1088
14232,G3_01_1_1_Chlorophyll_A_001_phosphate_plate4.tif,2,992.000,992,992
14233,G3_01_1_1_Chlorophyll_A_001_phosphate_plate4.tif,1,944.000,944,944
14234,G3_01_1_1_Chlorophyll_A_001_phosphate_plate4.tif,1,960.000,960,960
14235,G3_01_1_1_Chlorophyll_A_001_phosphate_plate4.tif,1,944.000,944,944
14236,G3_01_1_1_Chlorophyll_A_001_phosphate_plate4.tif,1,1152.000,1152,1152
14237,G3_01_1_1_Chlorophyll_A_001_phosphate_plate4.tif,3,992.000,944,1040
14238,G3_01_1_1_Chlorophyll_A_001_phosphate_plate4.tif,1,960.000,960,960
14239,G3_01_1_1_Chlorophyll_A_001_phosphate_plate4.tif,64,1053.750,944,1488
14240,G3_01_1_1_Chlorophyll_A_001_phosphate_plate4.tif,38,1074.105,944,1440
14241,G3_01_1_1_Chlorophyll_A_001_phosphate_plate4.tif,291,2549.498,944,25488
14242,G3_01_1_1_Chlorophyll_A_001_phosphate_plate4.tif,10,1060.800,944,1264
14243,G3_01_1_1_Chlorophyll_A_001_phosphate_plate4.tif,10,1020.800,944,1104
14244,G3_01_1_1_Chlorophyll_A_001_phosphate_plate4.tif,13,989.538,944,1136
14245,G3_01_1_1_Chlorophyll_A_001_phosphate_plate4.tif,8,1044.000,960,1168
14246,G3_01_1_1_Chlorophyll_A_001_phosphate_plate4.tif,1,992.000,992,992
14247,G3_01_1_1_Chlorophyll_A_001_phosphate_plate4.tif,2,1008.000,992,1024
14248,G3_01_1_1_Chlorophyll_A_001_phosphate_plate4.tif,1,976.000,976,976
14249,G3_01_1_1_Chlorophyll_A_001_phosphate_plate4.tif,1,976.000,976,976
14250,G3_01_1_1_Chlorophyll_A_001_phosphate_plate4.tif,1,976.000,976,976
14251,G3_01_1_1_Chlorophyll_A_001_phosphate_plate4.tif,3,1029.333,944,1120
14252,G3_01_1_1_Chlorophyll_A_001_phosphate_plate4.tif,1,1040.000,1040,1040
14253,G3_01_1_1_Chlorophyll_A_001_phosphate_plate4.tif,1,960.000,960,960
14254,G3_01_1_1_Chlorophyll_A_001_phosphate_plate4.tif,1,976.000,976,976
14255,G3_01_1_1_Chlorophyll_A_001_phosphate_plate4.tif,1,944.000,944,944
14256,G3_01_1_1_Chlorophyll_A_001_phosphate_plate4.tif,1,992.000,992,992
14257,G3_01_1_1_Chlorophyll_A_001_phosphate_plate4.tif,11,1086.545,960,1264
14258,G3_01_1_1_Chlorophyll_A_001_phosphate_plate4.tif,1,960.000,960,960
14259,G3_01_1_1_Chlorophyll_A_001_phosphate_plate4.tif,1,992.000,992,992
14260,G3_01_1_1_Chlorophyll_A_001_phosphate_plate4.tif,40,1032.400,944,1216
14261,G3_01_1_1_Chlorophyll_A_001_phosphate_plate4.tif,29,1072.000,960,1344
14262,G3_01_1_1_Chlorophyll_A_001_phosphate_plate4.tif,4,1128.000,976,1392
14263,G3_01_1_1_Chlorophyll_A_001_phosphate_plate4.tif,1,992.000,992,992
14264,G3_01_1_1_Chlorophyll_A_001_phosphate_plate4.tif,1,1056.000,1056,1056
14265,G3_01_1_1_Chlorophyll_A_001_phosphate_plate4.tif,2,960.000,960,960
14266,G3_01_1_1_Chlorophyll_A_001_phosphate_plate4.tif,1,1024.000,1024,1024
14267,G3_01_1_1_Chlorophyll_A_001_phosphate_plate4.tif,1,1072.000,1072,1072
14268,G3_01_1_1_Chlorophyll_A_001_phosphate_plate4.tif,99,4890.828,976,28592
14269,G3_01_1_1_Chlorophyll_A_001_phosphate_plate4.tif,1,976.000,976,976
14270,G3_01_1_1_Chlorophyll_A_001_phosphate_plate4.tif,1,1024.000,1024,1024
14271,G3_01_1_1_Chlorophyll_A_001_phosphate_plate4.tif,1,1056.000,1056,1056
14272,G3_01_1_1_Chlorophyll_A_001_phosphate_plate4.tif,42,1097.143,944,1312
14273,G3_01_1_1_Chlorophyll_A_001_phosphate_plate4.tif,2,1064.000,992,1136
14274,G3_01_1_1_Chlorophyll_A_001_phosphate_plate4.tif,1,976.000,976,976
14275,G3_01_1_1_Chlorophyll_A_001_phosphate_plate4.tif,1,1056.000,1056,1056
14276,G3_01_1_1_Chlorophyll_A_001_phosphate_plate4.tif,1,1008.000,1008,1008
14277,G3_01_1_1_Chlorophyll_A_001_phosphate_plate4.tif,1,976.000,976,976
14278,G3_01_1_1_Chlorophyll_A_001_phosphate_plate4.tif,1,960.000,960,960
14279,G3_01_1_1_Chlorophyll_A_001_phosphate_plate4.tif,1,992.000,992,992
14280,G3_01_1_1_Chlorophyll_A_001_phosphate_plate4.tif,1,944.000,944,944
14281,G3_01_1_1_Chlorophyll_A_001_phosphate_plate4.tif,1,944.000,944,944
14282,G3_01_1_1_Chlorophyll_A_001_phosphate_plate4.tif,53,1089.509,944,1456
14283,G3_01_1_1_Chlorophyll_A_001_phosphate_plate4.tif,20,1054.400,944,1280
14284,G3_01_1_1_Chlorophyll_A_001_phosphate_plate4.tif,17,1044.706,944,1216
14285,G3_01_1_1_Chlorophyll_A_001_phosphate_plate4.tif,63,1052.698,944,1280
14286,G3_01_1_1_Chlorophyll_A_001_phosphate_plate4.tif,1,960.000,960,960
14287,G3_01_1_1_Chlorophyll_A_001_phosphate_plate4.tif,1,1024.000,1024,1024
14288,G3_01_1_1_Chlorophyll_A_001_phosphate_plate4.tif,1,992.000,992,992
14289,G3_01_1_1_Chlorophyll_A_001_phosphate_plate4.tif,1,1040.000,1040,1040
14290,G3_01_1_1_Chlorophyll_A_001_phosphate_plate4.tif,1,1104.000,1104,1104
14291,G3_01_1_1_Chlorophyll_A_001_phosphate_plate4.tif,2,984.000,960,1008
14292,G3_01_1_1_Chlorophyll_A_001_phosphate_plate4.tif,1,976.000,976,976
14293,G3_01_1_1_Chlorophyll_A_001_phosphate_plate4.tif,2,984.000,944,1024
14294,G3_01_1_1_Chlorophyll_A_001_phosphate_plate4.tif,1,960.000,960,960
14295,G3_01_1_1_Chlorophyll_A_001_phosphate_plate4.tif,1,1040.000,1040,1040
14296,G3_01_1_1_Chlorophyll_A_001_phosphate_plate4.tif,1,944.000,944,944
14297,G3_01_1_1_Chlorophyll_A_001_phosphate_plate4.tif,2,968.000,944,992
14298,G3_01_1_1_Chlorophyll_A_001_phosphate_plate4.tif,1,1008.000,1008,1008
14299,G3_01_1_1_Chlorophyll_A_001_phosphate_plate4.tif,61,3861.770,944,16288
14300,G3_01_1_1_Chlorophyll_A_001_phosphate_plate4.tif,24,1058.667,944,1216
14301,G3_01_1_1_Chlorophyll_A_001_phosphate_plate4.tif,2,1032.000,976,1088
14302,G3_01_1_1_Chlorophyll_A_001_phosphate_plate4.tif,7,1042.286,944,1104
14303,G3_01_1_1_Chlorophyll_A_001_phosphate_plate4.tif,39,1041.231,944,1216
14304,G3_01_1_1_Chlorophyll_A_001_phosphate_plate4.tif,1,1072.000,1072,1072
14305,G3_01_1_1_Chlorophyll_A_001_phosphate_plate4.tif,1,944.000,944,944
14306,G3_01_1_1_Chlorophyll_A_001_phosphate_plate4.tif,1,1072.000,1072,1072
14307,G3_01_1_1_Chlorophyll_A_001_phosphate_plate4.tif,2,976.000,960,992
14308,G3_01_1_1_Chlorophyll_A_001_phosphate_plate4.tif,1,944.000,944,944
14309,G3_01_1_1_Chlorophyll_A_001_phosphate_plate4.tif,51,3465.725,944,15568
14310,G3_01_1_1_Chlorophyll_A_001_phosphate_plate4.tif,98,1067.918,944,1328
14311,G3_01_1_1_Chlorophyll_A_001_phosphate_plate4.tif,37,1073.297,944,1248
14312,G3_01_1_1_Chlorophyll_A_001_phosphate_plate4.tif,30,1094.933,960,1312
14313,G3_01_1_1_Chlorophyll_A_001_phosphate_plate4.tif,1,960.000,960,960
14314,G3_01_1_1_Chlorophyll_A_001_phosphate_plate4.tif,12,1026.667,960,1168
14315,G3_01_1_1_Chlorophyll_A_001_phosphate_plate4.tif,27,1044.148,944,1200
14316,G3_01_1_1_Chlorophyll_A_001_phosphate_plate4.tif,1,944.000,944,944
14317,G3_01_1_1_Chlorophyll_A_001_phosphate_plate4.tif,1,944.000,944,944
14318,G3_01_1_1_Chlorophyll_A_001_phosphate_plate4.tif,1,992.000,992,992
14319,G3_01_1_1_Chlorophyll_A_001_phosphate_plate4.tif,1,944.000,944,944
14320,G3_01_1_1_Chlorophyll_A_001_phosphate_plate4.tif,1,944.000,944,944
14321,G3_01_1_1_Chlorophyll_A_001_phosphate_plate4.tif,1,1104.000,1104,1104
14322,G3_01_1_1_Chlorophyll_A_001_phosphate_plate4.tif,3,1002.667,944,1104
14323,G3_01_1_1_Chlorophyll_A_001_phosphate_plate4.tif,1,992.000,992,992
14324,G3_01_1_1_Chlorophyll_A_001_phosphate_plate4.tif,2,952.000,944,960
14325,G3_01_1_1_Chlorophyll_A_001_phosphate_plate4.tif,1,992.000,992,992
14326,G3_01_1_1_Chlorophyll_A_001_phosphate_plate4.tif,1,1104.000,1104,1104
14327,G3_01_1_1_Chlorophyll_A_001_phosphate_plate4.tif,1,992.000,992,992
14328,G3_01_1_1_Chlorophyll_A_001_phosphate_plate4.tif,1,1008.000,1008,1008
14329,G3_01_1_1_Chlorophyll_A_001_phosphate_plate4.tif,1,1024.000,1024,1024
14330,G3_01_1_1_Chlorophyll_A_001_phosphate_plate4.tif,1,976.000,976,976
14331,G3_01_1_1_Chlorophyll_A_001_phosphate_plate4.tif,1,976.000,976,976
14332,G3_01_1_1_Chlorophyll_A_001_phosphate_plate4.tif,1,1008.000,1008,1008
14333,G3_01_1_1_Chlorophyll_A_001_phosphate_plate4.tif,43,1068.279,944,1296
14334,G3_01_1_1_Chlorophyll_A_001_phosphate_plate4.tif,36,1068.444,944,1488
14335,G3_01_1_1_Chlorophyll_A_001_phosphate_plate4.tif,34,1032.000,944,1216
14336,G3_01_1_1_Chlorophyll_A_001_phosphate_plate4.tif,1,944.000,944,944
14337,G3_01_1_1_Chlorophyll_A_001_phosphate_plate4.tif,1,944.000,944,944
14338,G3_01_1_1_Chlorophyll_A_001_phosphate_plate4.tif,1,944.000,944,944
14339,G3_01_1_1_Chlorophyll_A_001_phosphate_plate4.tif,1,960.000,960,960
14340,G3_01_1_1_Chlorophyll_A_001_phosphate_plate4.tif,42,1048.762,944,1280
14341,G3_01_1_1_Chlorophyll_A_001_phosphate_plate4.tif,1,1120.000,1120,1120
14342,G3_01_1_1_Chlorophyll_A_001_phosphate_plate4.tif,2,968.000,944,992
14343,G3_01_1_1_Chlorophyll_A_001_phosphate_plate4.tif,3,1029.333,960,1088
14344,G3_01_1_1_Chlorophyll_A_001_phosphate_plate4.tif,1,992.000,992,992
14345,G3_01_1_1_Chlorophyll_A_001_phosphate_plate4.tif,1,1088.000,1088,1088
14346,G3_01_1_1_Chlorophyll_A_001_phosphate_plate4.tif,1,992.000,992,992
14347,G3_01_1_1_Chlorophyll_A_001_phosphate_plate4.tif,1,976.000,976,976
14348,G3_01_1_1_Chlorophyll_A_001_phosphate_plate4.tif,50,1084.480,944,1312
14349,G3_01_1_1_Chlorophyll_A_001_phosphate_plate4.tif,11,984.727,944,1072
14350,G3_01_1_1_Chlorophyll_A_001_phosphate_plate4.tif,10,1009.600,944,1232
14351,G3_01_1_1_Chlorophyll_A_001_phosphate_plate4.tif,1,944.000,944,944
14352,G3_01_1_1_Chlorophyll_A_001_phosphate_plate4.tif,2,1000.000,944,1056
14353,G3_01_1_1_Chlorophyll_A_001_phosphate_plate4.tif,1,1024.000,1024,1024
14354,G3_01_1_1_Chlorophyll_A_001_phosphate_plate4.tif,1,960.000,960,960
14355,G3_01_1_1_Chlorophyll_A_001_phosphate_plate4.tif,2,976.000,944,1008
14356,G3_01_1_1_Chlorophyll_A_001_phosphate_plate4.tif,1,960.000,960,960
14357,G3_01_1_1_Chlorophyll_A_001_phosphate_plate4.tif,1,1104.000,1104,1104
14358,G3_01_1_1_Chlorophyll_A_001_phosphate_plate4.tif,24,1113.333,944,1280
14359,G3_01_1_1_Chlorophyll_A_001_phosphate_plate4.tif,54,1098.074,944,1344
14360,G3_01_1_1_Chlorophyll_A_001_phosphate_plate4.tif,1,1040.000,1040,1040
14361,G3_01_1_1_Chlorophyll_A_001_phosphate_plate4.tif,1,944.000,944,944
14362,G3_01_1_1_Chlorophyll_A_001_phosphate_plate4.tif,1,1072.000,1072,1072
14363,G3_01_1_1_Chlorophyll_A_001_phosphate_plate4.tif,2,1072.000,1008,1136
14364,G3_01_1_1_Chlorophyll_A_001_phosphate_plate4.tif,1,960.000,960,960
14365,G3_01_1_1_Chlorophyll_A_001_phosphate_plate4.tif,20,1086.400,944,1328
14366,G3_01_1_1_Chlorophyll_A_001_phosphate_plate4.tif,63,1077.333,944,1312
14367,G3_01_1_1_Chlorophyll_A_001_phosphate_plate4.tif,1,992.000,992,992
14368,G3_01_1_1_Chlorophyll_A_001_phosphate_plate4.tif,2,960.000,944,976
14369,G3_01_1_1_Chlorophyll_A_001_phosphate_plate4.tif,1,944.000,944,944
14370,G3_01_1_1_Chlorophyll_A_001_phosphate_plate4.tif,1,960.000,960,960
14371,G3_01_1_1_Chlorophyll_A_001_phosphate_plate4.tif,28,1094.857,960,1376
14372,G3_01_1_1_Chlorophyll_A_001_phosphate_plate4.tif,6,1050.667,960,1184
14373,G3_01_1_1_Chlorophyll_A_001_phosphate_plate4.tif,3,965.333,960,976
14374,G3_01_1_1_Chlorophyll_A_001_phosphate_plate4.tif,3,1109.333,1024,1200
14375,G3_01_1_1_Chlorophyll_A_001_phosphate_plate4.tif,2,1000.000,992,1008
14376,G3_01_1_1_Chlorophyll_A_001_phosphate_plate4.tif,2,976.000,944,1008
14377,G3_01_1_1_Chlorophyll_A_001_phosphate_plate4.tif,1,992.000,992,992
14378,G3_01_1_1_Chlorophyll_A_001_phosphate_plate4.tif,1,1024.000,1024,1024
14379,G3_01_1_1_Chlorophyll_A_001_phosphate_plate4.tif,1,992.000,992,992
14380,G3_01_1_1_Chlorophyll_A_001_phosphate_plate4.tif,1,992.000,992,992
14381,G3_01_1_1_Chlorophyll_A_001_phosphate_plate4.tif,22,1048.000,944,1248
14382,G3_01_1_1_Chlorophyll_A_001_phosphate_plate4.tif,22,1088.727,944,1296
14383,G3_01_1_1_Chlorophyll_A_001_phosphate_plate4.tif,24,1016.000,944,1184
14384,G3_01_1_1_Chlorophyll_A_001_phosphate_plate4.tif,1,1104.000,1104,1104
14385,G3_01_1_1_Chlorophyll_A_001_phosphate_plate4.tif,2,1072.000,1008,1136
14386,G3_01_1_1_Chlorophyll_A_001_phosphate_plate4.tif,5,1001.600,944,1072
14387,G3_01_1_1_Chlorophyll_A_001_phosphate_plate4.tif,1,1024.000,1024,1024
14388,G3_01_1_1_Chlorophyll_A_001_phosphate_plate4.tif,1,1024.000,1024,1024
14389,G3_01_1_1_Chlorophyll_A_001_phosphate_plate4.tif,1,976.000,976,976
14390,G3_01_1_1_Chlorophyll_A_001_phosphate_plate4.tif,1,1056.000,1056,1056
14391,G3_01_1_1_Chlorophyll_A_001_phosphate_plate4.tif,1,960.000,960,960
14392,G3_01_1_1_Chlorophyll_A_001_phosphate_plate4.tif,1,944.000,944,944
14393,G3_01_1_1_Chlorophyll_A_001_phosphate_plate4.tif,8,1096.000,976,1264
14394,G3_01_1_1_Chlorophyll_A_001_phosphate_plate4.tif,70,1102.171,944,1376
14395,G3_01_1_1_Chlorophyll_A_001_phosphate_plate4.tif,23,1083.130,944,1328
14396,G3_01_1_1_Chlorophyll_A_001_phosphate_plate4.tif,17,1059.765,960,1200
14397,G3_01_1_1_Chlorophyll_A_001_phosphate_plate4.tif,3,1056.000,992,1120
14398,G3_01_1_1_Chlorophyll_A_001_phosphate_plate4.tif,6,1000.000,944,1040
14399,G3_01_1_1_Chlorophyll_A_001_phosphate_plate4.tif,1,944.000,944,944
14400,G3_01_1_1_Chlorophyll_A_001_phosphate_plate4.tif,1,1072.000,1072,1072
14401,G3_01_1_1_Chlorophyll_A_001_phosphate_plate4.tif,1,944.000,944,944
14402,G3_01_1_1_Chlorophyll_A_001_phosphate_plate4.tif,1,960.000,960,960
14403,G3_01_1_1_Chlorophyll_A_001_phosphate_plate4.tif,84,1032.571,944,1248
14404,G3_01_1_1_Chlorophyll_A_001_phosphate_plate4.tif,1,1184.000,1184,1184
14405,G3_01_1_1_Chlorophyll_A_001_phosphate_plate4.tif,1,1024.000,1024,1024
14406,G3_01_1_1_Chlorophyll_A_001_phosphate_plate4.tif,1,976.000,976,976
14407,G3_01_1_1_Chlorophyll_A_001_phosphate_plate4.tif,1,1024.000,1024,1024
14408,G3_01_1_1_Chlorophyll_A_001_phosphate_plate4.tif,1,960.000,960,960
14409,G3_01_1_1_Chlorophyll_A_001_phosphate_plate4.tif,1,976.000,976,976
14410,G3_01_1_1_Chlorophyll_A_001_phosphate_plate4.tif,72,4797.333,944,26560
14411,G3_01_1_1_Chlorophyll_A_001_phosphate_plate4.tif,39,1048.205,944,1296
14412,G3_01_1_1_Chlorophyll_A_001_phosphate_plate4.tif,5,1094.400,992,1264
14413,G3_01_1_1_Chlorophyll_A_001_phosphate_plate4.tif,42,1075.048,944,1520
14414,G3_01_1_1_Chlorophyll_A_001_phosphate_plate4.tif,32,1039.000,944,1200
14415,G3_01_1_1_Chlorophyll_A_001_phosphate_plate4.tif,53,1076.226,944,1344
14416,G3_01_1_1_Chlorophyll_A_001_phosphate_plate4.tif,5,1033.600,944,1088
14417,G3_01_1_1_Chlorophyll_A_001_phosphate_plate4.tif,12,1030.667,944,1120
14418,G3_01_1_1_Chlorophyll_A_001_phosphate_plate4.tif,6,986.667,944,1056
14419,G3_01_1_1_Chlorophyll_A_001_phosphate_plate4.tif,2,1184.000,1024,1344
14420,G3_01_1_1_Chlorophyll_A_001_phosphate_plate4.tif,1,944.000,944,944
14421,G3_01_1_1_Chlorophyll_A_001_phosphate_plate4.tif,1,944.000,944,944
14422,G3_01_1_1_Chlorophyll_A_001_phosphate_plate4.tif,1,944.000,944,944
14423,G3_01_1_1_Chlorophyll_A_001_phosphate_plate4.tif,1,944.000,944,944
14424,G3_01_1_1_Chlorophyll_A_001_phosphate_plate4.tif,1,960.000,960,960
14425,G3_01_1_1_Chlorophyll_A_001_phosphate_plate4.tif,1,960.000,960,960
14426,G3_01_1_1_Chlorophyll_A_001_phosphate_plate4.tif,2,960.000,960,960
14427,G3_01_1_1_Chlorophyll_A_001_phosphate_plate4.tif,94,5055.149,944,28496
14428,G3_01_1_1_Chlorophyll_A_001_phosphate_plate4.tif,32,1065.000,944,1264
14429,G3_01_1_1_Chlorophyll_A_001_phosphate_plate4.tif,10,1104.000,976,1296
14430,G3_01_1_1_Chlorophyll_A_001_phosphate_plate4.tif,49,1073.633,944,1312
14431,G3_01_1_1_Chlorophyll_A_001_phosphate_plate4.tif,2,1000.000,976,1024
14432,G3_01_1_1_Chlorophyll_A_001_phosphate_plate4.tif,4,996.000,944,1072
14433,G3_01_1_1_Chlorophyll_A_001_phosphate_plate4.tif,1,976.000,976,976
14434,G3_01_1_1_Chlorophyll_A_001_phosphate_plate4.tif,1,992.000,992,992
14435,G3_01_1_1_Chlorophyll_A_001_phosphate_plate4.tif,2,1000.000,960,1040
14436,G3_01_1_1_Chlorophyll_A_001_phosphate_plate4.tif,1,944.000,944,944
14437,G3_01_1_1_Chlorophyll_A_001_phosphate_plate4.tif,1,1168.000,1168,1168
14438,G3_01_1_1_Chlorophyll_A_001_phosphate_plate4.tif,1,1040.000,1040,1040
14439,G3_01_1_1_Chlorophyll_A_001_phosphate_plate4.tif,1,944.000,944,944
14440,G3_01_1_1_Chlorophyll_A_001_phosphate_plate4.tif,1,960.000,960,960
14441,G3_01_1_1_Chlorophyll_A_001_phosphate_plate4.tif,30,1099.200,960,1456
14442,G3_01_1_1_Chlorophyll_A_001_phosphate_plate4.tif,34,1076.235,944,1296
14443,G3_01_1_1_Chlorophyll_A_001_phosphate_plate4.tif,42,1074.667,944,1328
14444,G3_01_1_1_Chlorophyll_A_001_phosphate_plate4.tif,7,987.429,944,1088
14445,G3_01_1_1_Chlorophyll_A_001_phosphate_plate4.tif,1,944.000,944,944
14446,G3_01_1_1_Chlorophyll_A_001_phosphate_plate4.tif,1,1072.000,1072,1072
14447,G3_01_1_1_Chlorophyll_A_001_phosphate_plate4.tif,1,992.000,992,992
14448,G3_01_1_1_Chlorophyll_A_001_phosphate_plate4.tif,78,4570.667,944,19136
14449,G3_01_1_1_Chlorophyll_A_001_phosphate_plate4.tif,55,1054.255,944,1248
14450,G3_01_1_1_Chlorophyll_A_001_phosphate_plate4.tif,20,1120.000,944,1344
14451,G3_01_1_1_Chlorophyll_A_001_phosphate_plate4.tif,32,1072.000,944,1360
14452,G3_01_1_1_Chlorophyll_A_001_phosphate_plate4.tif,3,1114.667,976,1280
14453,G3_01_1_1_Chlorophyll_A_001_phosphate_plate4.tif,2,1096.000,1008,1184
14454,G3_01_1_1_Chlorophyll_A_001_phosphate_plate4.tif,1,976.000,976,976
14455,G3_01_1_1_Chlorophyll_A_001_phosphate_plate4.tif,3,1056.000,1008,1104
14456,G3_01_1_1_Chlorophyll_A_001_phosphate_plate4.tif,1,1008.000,1008,1008
14457,G3_01_1_1_Chlorophyll_A_001_phosphate_plate4.tif,2,1000.000,944,1056
14458,G3_01_1_1_Chlorophyll_A_001_phosphate_plate4.tif,2,968.000,944,992
14459,G3_01_1_1_Chlorophyll_A_001_phosphate_plate4.tif,1,960.000,960,960
14460,G3_01_1_1_Chlorophyll_A_001_phosphate_plate4.tif,1,960.000,960,960
14461,G3_01_1_1_Chlorophyll_A_001_phosphate_plate4.tif,32,1084.500,944,1280
14462,G3_01_1_1_Chlorophyll_A_001_phosphate_plate4.tif,19,1052.632,944,1248
14463,G3_01_1_1_Chlorophyll_A_001_phosphate_plate4.tif,1,960.000,960,960
14464,G3_01_1_1_Chlorophyll_A_001_phosphate_plate4.tif,1,944.000,944,944
14465,G3_01_1_1_Chlorophyll_A_001_phosphate_plate4.tif,1,1152.000,1152,1152
14466,G3_01_1_1_Chlorophyll_A_001_phosphate_plate4.tif,2,968.000,944,992
14467,G3_01_1_1_Chlorophyll_A_001_phosphate_plate4.tif,3,992.000,944,1024
14468,G3_01_1_1_Chlorophyll_A_001_phosphate_plate4.tif,1,960.000,960,960
14469,G3_01_1_1_Chlorophyll_A_001_phosphate_plate4.tif,1,1040.000,1040,1040
14470,G3_01_1_1_Chlorophyll_A_001_phosphate_plate4.tif,1,992.000,992,992
14471,G3_01_1_1_Chlorophyll_A_001_phosphate_plate4.tif,1,1008.000,1008,1008
14472,G3_01_1_1_Chlorophyll_A_001_phosphate_plate4.tif,37,1077.622,944,1488
14473,G3_01_1_1_Chlorophyll_A_001_phosphate_plate4.tif,1,976.000,976,976
14474,G3_01_1_1_Chlorophyll_A_001_phosphate_plate4.tif,1,1024.000,1024,1024
14475,G3_01_1_1_Chlorophyll_A_001_phosphate_plate4.tif,2,1088.000,944,1232
14476,G3_01_1_1_Chlorophyll_A_001_phosphate_plate4.tif,1,1040.000,1040,1040
14477,G3_01_1_1_Chlorophyll_A_001_phosphate_plate4.tif,1,976.000,976,976
14478,G3_01_1_1_Chlorophyll_A_001_phosphate_plate4.tif,1,1104.000,1104,1104
14479,G3_01_1_1_Chlorophyll_A_001_phosphate_plate4.tif,1,1040.000,1040,1040
14480,G3_01_1_1_Chlorophyll_A_001_phosphate_plate4.tif,21,1091.048,976,1296
14481,G3_01_1_1_Chlorophyll_A_001_phosphate_plate4.tif,1,1200.000,1200,1200
14482,G3_01_1_1_Chlorophyll_A_001_phosphate_plate4.tif,1,976.000,976,976
14483,G3_01_1_1_Chlorophyll_A_001_phosphate_plate4.tif,1,944.000,944,944
14484,G3_01_1_1_Chlorophyll_A_001_phosphate_plate4.tif,1,992.000,992,992
14485,G3_01_1_1_Chlorophyll_A_001_phosphate_plate4.tif,1,944.000,944,944
14486,G3_01_1_1_Chlorophyll_A_001_phosphate_plate4.tif,1,976.000,976,976
14487,G3_01_1_1_Chlorophyll_A_001_phosphate_plate4.tif,1,976.000,976,976
14488,G3_01_1_1_Chlorophyll_A_001_phosphate_plate4.tif,32,1109.000,960,1440
14489,G3_01_1_1_Chlorophyll_A_001_phosphate_plate4.tif,19,1086.316,944,1328
14490,G3_01_1_1_Chlorophyll_A_001_phosphate_plate4.tif,5,1014.400,944,1136
14491,G3_01_1_1_Chlorophyll_A_001_phosphate_plate4.tif,4,1072.000,944,1200
14492,G3_01_1_1_Chlorophyll_A_001_phosphate_plate4.tif,2,1040.000,944,1136
14493,G3_01_1_1_Chlorophyll_A_001_phosphate_plate4.tif,3,1013.333,960,1040
14494,G3_01_1_1_Chlorophyll_A_001_phosphate_plate4.tif,1,992.000,992,992
14495,G3_01_1_1_Chlorophyll_A_001_phosphate_plate4.tif,1,1072.000,1072,1072
14496,G3_01_1_1_Chlorophyll_A_001_phosphate_plate4.tif,23,1076.174,944,1264
14497,G3_01_1_1_Chlorophyll_A_001_phosphate_plate4.tif,1,992.000,992,992
14498,G3_01_1_1_Chlorophyll_A_001_phosphate_plate4.tif,1,944.000,944,944
14499,G3_01_1_1_Chlorophyll_A_001_phosphate_plate4.tif,1,992.000,992,992
14500,G3_01_1_1_Chlorophyll_A_001_phosphate_plate4.tif,1,1008.000,1008,1008
14501,G3_01_1_1_Chlorophyll_A_001_phosphate_plate4.tif,6,1034.667,944,1088
14502,G3_01_1_1_Chlorophyll_A_001_phosphate_plate4.tif,1,944.000,944,944
14503,G3_01_1_1_Chlorophyll_A_001_phosphate_plate4.tif,1,944.000,944,944
14504,G3_01_1_1_Chlorophyll_A_001_phosphate_plate4.tif,13,1060.923,960,1232
14505,G3_01_1_1_Chlorophyll_A_001_phosphate_plate4.tif,5,1027.200,944,1104
14506,G3_01_1_1_Chlorophyll_A_001_phosphate_plate4.tif,1,1120.000,1120,1120
14507,G3_01_1_1_Chlorophyll_A_001_phosphate_plate4.tif,1,1088.000,1088,1088
14508,G3_01_1_1_Chlorophyll_A_001_phosphate_plate4.tif,1,992.000,992,992
14509,G3_01_1_1_Chlorophyll_A_001_phosphate_plate4.tif,1,1136.000,1136,1136
14510,G3_01_1_1_Chlorophyll_A_001_phosphate_plate4.tif,1,1024.000,1024,1024
14511,G3_01_1_1_Chlorophyll_A_001_phosphate_plate4.tif,1,1024.000,1024,1024
14512,G3_01_1_1_Chlorophyll_A_001_phosphate_plate4.tif,1,1040.000,1040,1040
14513,G3_01_1_1_Chlorophyll_A_001_phosphate_plate4.tif,1,1008.000,1008,1008
14514,G3_01_1_1_Chlorophyll_A_001_phosphate_plate4.tif,3,1002.667,960,1056
14515,G3_01_1_1_Chlorophyll_A_001_phosphate_plate4.tif,1,960.000,960,960
14516,G3_01_1_1_Chlorophyll_A_001_phosphate_plate4.tif,2,1112.000,1104,1120
14517,G3_01_1_1_Chlorophyll_A_001_phosphate_plate4.tif,1,1184.000,1184,1184
14518,G3_01_1_1_Chlorophyll_A_001_phosphate_plate4.tif,1,1152.000,1152,1152
14519,G3_01_1_1_Chlorophyll_A_001_phosphate_plate4.tif,1,960.000,960,960
14520,G3_01_1_1_Chlorophyll_A_001_phosphate_plate4.tif,1,1072.000,1072,1072
14521,G3_01_1_1_Chlorophyll_A_001_phosphate_plate4.tif,2,968.000,944,992
14522,G3_01_1_1_Chlorophyll_A_001_phosphate_plate4.tif,1,1008.000,1008,1008
14523,G3_01_1_1_Chlorophyll_A_001_phosphate_plate4.tif,1,992.000,992,992
14524,G3_01_1_1_Chlorophyll_A_001_phosphate_plate4.tif,2,1032.000,1008,1056
14525,G3_01_1_1_Chlorophyll_A_001_phosphate_plate4.tif,3,1056.000,1024,1088
14526,G3_01_1_1_Chlorophyll_A_001_phosphate_plate4.tif,2,1032.000,1008,1056
14527,G3_01_1_1_Chlorophyll_A_001_phosphate_plate4.tif,1,1024.000,1024,1024
14528,G3_01_1_1_Chlorophyll_A_001_phosphate_plate4.tif,1,1008.000,1008,1008
14529,G3_01_1_1_Chlorophyll_A_001_phosphate_plate4.tif,5,1084.800,960,1232
14530,G3_01_1_1_Chlorophyll_A_001_phosphate_plate4.tif,2,1008.000,960,1056
14531,G3_01_1_1_Chlorophyll_A_001_phosphate_plate4.tif,1,992.000,992,992
14532,G3_01_1_1_Chlorophyll_A_001_phosphate_plate4.tif,1,944.000,944,944
14533,G3_01_1_1_Chlorophyll_A_001_phosphate_plate4.tif,2,1000.000,944,1056
14534,G3_01_1_1_Chlorophyll_A_001_phosphate_plate4.tif,1,1072.000,1072,1072
14535,G3_01_1_1_Chlorophyll_A_001_phosphate_plate4.tif,1,1008.000,1008,1008
14536,G3_01_1_1_Chlorophyll_A_001_phosphate_plate4.tif,2,1048.000,992,1104
14537,G3_01_1_1_Chlorophyll_A_001_phosphate_plate4.tif,1,944.000,944,944
14538,G3_01_1_1_Chlorophyll_A_001_phosphate_plate4.tif,1,944.000,944,944
14539,G3_01_1_1_Chlorophyll_A_001_phosphate_plate4.tif,1,976.000,976,976
14540,G3_01_1_1_Chlorophyll_A_001_phosphate_plate4.tif,1,976.000,976,976
14541,G3_01_1_1_Chlorophyll_A_001_phosphate_plate4.tif,3,1013.333,992,1056
14542,G3_01_1_1_Chlorophyll_A_001_phosphate_plate4.tif,1,992.000,992,992
14543,G3_01_1_1_Chlorophyll_A_001_phosphate_plate4.tif,1,1056.000,1056,1056
14544,G3_01_1_1_Chlorophyll_A_001_phosphate_plate4.tif,1,1008.000,1008,1008
14545,G3_01_1_1_Chlorophyll_A_001_phosphate_plate4.tif,1,960.000,960,960
14546,G3_01_1_1_Chlorophyll_A_001_phosphate_plate4.tif,1,960.000,960,960
14547,G3_01_1_1_Chlorophyll_A_001_phosphate_plate4.tif,1,992.000,992,992
14548,G3_01_1_1_Chlorophyll_A_001_phosphate_plate4.tif,2,1176.000,1104,1248
14549,G3_01_1_1_Chlorophyll_A_001_phosphate_plate4.tif,1,976.000,976,976
14550,G3_01_1_1_Chlorophyll_A_001_phosphate_plate4.tif,1,976.000,976,976
